Linux 5.15.0-186-generic (rapids4) 	07/28/2026 	_x86_64_	(36 CPU)

02:13:16 AM  CPU    %usr   %nice    %sys %iowait    %irq   %soft  %steal  %guest  %gnice   %idle
02:13:17 AM  all    1.06    0.00    0.61    0.06    0.00    0.00    0.00    0.00    0.00   98.27
02:13:17 AM    0    1.02    0.00    0.00    0.00    0.00    0.00    0.00    0.00    0.00   98.98
02:13:17 AM    1    2.00    0.00    0.00    0.00    0.00    0.00    0.00    0.00    0.00   98.00
02:13:17 AM    2    1.00    0.00    1.00    0.00    0.00    0.00    0.00    0.00    0.00   98.00
02:13:17 AM    3    0.00    0.00    1.00    0.00    0.00    0.00    0.00    0.00    0.00   99.00
02:13:17 AM    4    2.00    0.00    0.00    0.00    0.00    0.00    0.00    0.00    0.00   98.00
02:13:17 AM    5    0.00    0.00    0.00    0.00    0.00    0.00    0.00    0.00    0.00  100.00
02:13:17 AM    6    1.01    0.00    0.00    0.00    0.00    0.00    0.00    0.00    0.00   98.99
02:13:17 AM    7    1.98    0.00    0.99    0.00    0.00    0.00    0.00    0.00    0.00   97.03
02:13:17 AM    8    2.94    0.00    0.98    0.00    0.00    0.00    0.00    0.00    0.00   96.08
02:13:17 AM    9    1.01    0.00    0.00    0.00    0.00    0.00    0.00    0.00    0.00   98.99
02:13:17 AM   10    0.00    0.00    1.01    0.00    0.00    0.00    0.00    0.00    0.00   98.99
02:13:17 AM   11    0.00    0.00    0.00    0.00    0.00    0.00    0.00    0.00    0.00  100.00
02:13:17 AM   12    2.02    0.00    1.01    1.01    0.00    0.00    0.00    0.00    0.00   95.96
02:13:17 AM   13    1.01    0.00    1.01    0.00    0.00    0.00    0.00    0.00    0.00   97.98
02:13:17 AM   14    2.00    0.00    6.00    0.00    0.00    0.00    0.00    0.00    0.00   92.00
02:13:17 AM   15    0.00    0.00    1.01    0.00    0.00    0.00    0.00    0.00    0.00   98.99
02:13:17 AM   16    2.97    0.00    0.99    0.00    0.00    0.00    0.00    0.00    0.00   96.04
02:13:17 AM   17    1.00    0.00    1.00    0.00    0.00    0.00    0.00    0.00    0.00   98.00
02:13:17 AM   18    1.98    0.00    0.00    0.99    0.00    0.00    0.00    0.00    0.00   97.03
02:13:17 AM   19    1.00    0.00    0.00    0.00    0.00    0.00    0.00    0.00    0.00   99.00
02:13:17 AM   20    1.00    0.00    0.00    0.00    0.00    0.00    0.00    0.00    0.00   99.00
02:13:17 AM   21    1.00    0.00    0.00    0.00    0.00    0.00    0.00    0.00    0.00   99.00
02:13:17 AM   22    0.00    0.00    1.00    0.00    0.00    0.00    0.00    0.00    0.00   99.00
02:13:17 AM   23    1.98    0.00    0.00    0.00    0.00    0.00    0.00    0.00    0.00   98.02
02:13:17 AM   24    0.00    0.00    0.00    0.00    0.00    0.00    0.00    0.00    0.00  100.00
02:13:17 AM   25    1.00    0.00    0.00    0.00    0.00    0.00    0.00    0.00    0.00   99.00
02:13:17 AM   26    1.00    0.00    0.00    0.00    0.00    0.00    0.00    0.00    0.00   99.00
02:13:17 AM   27    0.00    0.00    2.02    0.00    0.00    0.00    0.00    0.00    0.00   97.98
02:13:17 AM   28    1.00    0.00    0.00    0.00    0.00    0.00    0.00    0.00    0.00   99.00
02:13:17 AM   29    1.96    0.00    0.98    0.00    0.00    0.00    0.00    0.00    0.00   97.06
02:13:17 AM   30    0.00    0.00    0.00    0.00    0.00    0.00    0.00    0.00    0.00  100.00
02:13:17 AM   31    0.00    0.00    0.00    0.00    0.00    0.00    0.00    0.00    0.00  100.00
02:13:17 AM   32    1.00    0.00    1.00    0.00    0.00    0.00    0.00    0.00    0.00   98.00
02:13:17 AM   33    0.99    0.00    0.99    0.00    0.00    0.00    0.00    0.00    0.00   98.02
02:13:17 AM   34    1.00    0.00    0.00    0.00    0.00    0.00    0.00    0.00    0.00   99.00
02:13:17 AM   35    1.01    0.00    0.00    0.00    0.00    0.00    0.00    0.00    0.00   98.99

02:13:17 AM  CPU    %usr   %nice    %sys %iowait    %irq   %soft  %steal  %guest  %gnice   %idle
02:13:18 AM  all    0.47    0.03    0.36    0.03    0.00    0.03    0.00    0.00    0.00   99.08
02:13:18 AM    0    2.97    0.00    0.00    0.00    0.00    0.00    0.00    0.00    0.00   97.03
02:13:18 AM    1    0.00    0.00    0.00    0.00    0.00    0.00    0.00    0.00    0.00  100.00
02:13:18 AM    2    0.00    0.00    0.00    0.00    0.00    0.00    0.00    0.00    0.00  100.00
02:13:18 AM    3    1.00    0.00    0.00    1.00    0.00    0.00    0.00    0.00    0.00   98.00
02:13:18 AM    4    0.00    0.00    1.00    0.00    0.00    0.00    0.00    0.00    0.00   99.00
02:13:18 AM    5    0.00    0.00    0.00    0.00    0.00    0.00    0.00    0.00    0.00  100.00
02:13:18 AM    6    0.00    0.00    0.00    0.00    0.00    0.00    0.00    0.00    0.00  100.00
02:13:18 AM    7    0.00    0.00    1.02    0.00    0.00    0.00    0.00    0.00    0.00   98.98
02:13:18 AM    8    1.00    0.00    1.00    0.00    0.00    0.00    0.00    0.00    0.00   98.00
02:13:18 AM    9    0.00    0.00    1.00    0.00    0.00    0.00    0.00    0.00    0.00   99.00
02:13:18 AM   10    0.00    0.00    0.00    0.00    0.00    0.00    0.00    0.00    0.00  100.00
02:13:18 AM   11    1.00    0.00    0.00    0.00    0.00    0.00    0.00    0.00    0.00   99.00
02:13:18 AM   12    0.00    0.00    1.00    0.00    0.00    0.00    0.00    0.00    0.00   99.00
02:13:18 AM   13    1.98    0.00    0.00    0.00    0.00    0.00    0.00    0.00    0.00   98.02
02:13:18 AM   14    2.02    0.00    4.04    0.00    0.00    0.00    0.00    0.00    0.00   93.94
02:13:18 AM   15    0.00    0.00    0.00    0.00    0.00    0.00    0.00    0.00    0.00  100.00
02:13:18 AM   16    0.00    0.00    0.00    0.00    0.00    0.00    0.00    0.00    0.00  100.00
02:13:18 AM   17    0.00    0.00    0.00    0.00    0.00    0.00    0.00    0.00    0.00  100.00
02:13:18 AM   18    0.00    0.00    0.00    0.00    0.00    0.00    0.00    0.00    0.00  100.00
02:13:18 AM   19    0.00    0.00    1.01    0.00    0.00    0.00    0.00    0.00    0.00   98.99
02:13:18 AM   20    0.00    0.00    0.00    0.00    0.00    0.00    0.00    0.00    0.00  100.00
02:13:18 AM   21    0.00    0.00    0.00    0.00    0.00    0.00    0.00    0.00    0.00  100.00
02:13:18 AM   22    1.01    0.00    0.00    0.00    0.00    0.00    0.00    0.00    0.00   98.99
02:13:18 AM   23    0.00    0.00    1.00    0.00    0.00    0.00    0.00    0.00    0.00   99.00
02:13:18 AM   24    0.00    0.00    1.00    0.00    0.00    0.00    0.00    0.00    0.00   99.00
02:13:18 AM   25    0.00    0.00    0.00    0.00    0.00    0.00    0.00    0.00    0.00  100.00
02:13:18 AM   26    0.00    0.00    0.00    0.00    0.00    0.00    0.00    0.00    0.00  100.00
02:13:18 AM   27    0.00    0.00    0.00    0.00    0.00    0.00    0.00    0.00    0.00  100.00
02:13:18 AM   28    1.96    0.00    0.00    0.00    0.00    0.98    0.00    0.00    0.00   97.06
02:13:18 AM   29    0.00    0.00    0.00    0.00    0.00    0.00    0.00    0.00    0.00  100.00
02:13:18 AM   30    0.00    0.00    0.00    0.00    0.00    0.00    0.00    0.00    0.00  100.00
02:13:18 AM   31    0.00    0.00    1.01    0.00    0.00    0.00    0.00    0.00    0.00   98.99
02:13:18 AM   32    1.00    0.00    0.00    0.00    0.00    0.00    0.00    0.00    0.00   99.00
02:13:18 AM   33    0.99    0.99    0.00    0.00    0.00    0.00    0.00    0.00    0.00   98.02
02:13:18 AM   34    1.00    0.00    0.00    0.00    0.00    0.00    0.00    0.00    0.00   99.00
02:13:18 AM   35    1.00    0.00    0.00    0.00    0.00    0.00    0.00    0.00    0.00   99.00

02:13:18 AM  CPU    %usr   %nice    %sys %iowait    %irq   %soft  %steal  %guest  %gnice   %idle
02:13:19 AM  all    0.50    0.03    0.56    0.08    0.00    0.00    0.00    0.00    0.00   98.83
02:13:19 AM    0    1.01    0.00    1.01    0.00    0.00    0.00    0.00    0.00    0.00   97.98
02:13:19 AM    1    1.01    0.00    0.00    0.00    0.00    0.00    0.00    0.00    0.00   98.99
02:13:19 AM    2    0.00    0.00    0.00    0.00    0.00    0.00    0.00    0.00    0.00  100.00
02:13:19 AM    3    0.00    0.00    0.00    0.00    0.00    0.00    0.00    0.00    0.00  100.00
02:13:19 AM    4    0.00    0.00    0.00    0.00    0.00    0.00    0.00    0.00    0.00  100.00
02:13:19 AM    5    0.00    0.00    1.00    0.00    0.00    0.00    0.00    0.00    0.00   99.00
02:13:19 AM    6    0.00    0.00    0.00    0.00    0.00    0.00    0.00    0.00    0.00  100.00
02:13:19 AM    7    0.99    0.00    0.00    0.00    0.00    0.00    0.00    0.00    0.00   99.01
02:13:19 AM    8    1.01    0.00    0.00    0.00    0.00    0.00    0.00    0.00    0.00   98.99
02:13:19 AM    9    1.02    0.00    0.00    0.00    0.00    0.00    0.00    0.00    0.00   98.98
02:13:19 AM   10    0.99    0.00    0.99    0.00    0.00    0.00    0.00    0.00    0.00   98.02
02:13:19 AM   11    0.99    0.00    0.99    0.99    0.00    0.00    0.00    0.00    0.00   97.03
02:13:19 AM   12    0.99    0.00    0.00    0.99    0.00    0.00    0.00    0.00    0.00   98.02
02:13:19 AM   13    0.00    0.00    0.00    0.00    0.00    0.00    0.00    0.00    0.00  100.00
02:13:19 AM   14    1.01    0.00    8.08    0.00    0.00    0.00    0.00    0.00    0.00   90.91
02:13:19 AM   15    1.00    0.00    1.00    0.00    0.00    0.00    0.00    0.00    0.00   98.00
02:13:19 AM   16    0.00    0.00    0.00    0.00    0.00    0.00    0.00    0.00    0.00  100.00
02:13:19 AM   17    0.99    0.99    0.99    0.00    0.00    0.00    0.00    0.00    0.00   97.03
02:13:19 AM   18    1.96    0.00    0.98    0.00    0.00    0.00    0.00    0.00    0.00   97.06
02:13:19 AM   19    1.00    0.00    0.00    0.00    0.00    0.00    0.00    0.00    0.00   99.00
02:13:19 AM   20    0.99    0.00    0.99    0.00    0.00    0.00    0.00    0.00    0.00   98.02
02:13:19 AM   21    1.00    0.00    1.00    0.00    0.00    0.00    0.00    0.00    0.00   98.00
02:13:19 AM   22    0.00    0.00    0.00    0.00    0.00    0.00    0.00    0.00    0.00  100.00
02:13:19 AM   23    0.00    0.00    0.00    0.00    0.00    0.00    0.00    0.00    0.00  100.00
02:13:19 AM   24    0.00    0.00    0.00    0.00    0.00    0.00    0.00    0.00    0.00  100.00
02:13:19 AM   25    0.00    0.00    0.00    0.00    0.00    0.00    0.00    0.00    0.00  100.00
02:13:19 AM   26    0.00    0.00    1.00    0.00    0.00    0.00    0.00    0.00    0.00   99.00
02:13:19 AM   27    0.00    0.00    0.00    0.00    0.00    0.00    0.00    0.00    0.00  100.00
02:13:19 AM   28    0.00    0.00    0.00    1.01    0.00    0.00    0.00    0.00    0.00   98.99
02:13:19 AM   29    0.00    0.00    0.00    0.00    0.00    0.00    0.00    0.00    0.00  100.00
02:13:19 AM   30    1.00    0.00    0.00    0.00    0.00    0.00    0.00    0.00    0.00   99.00
02:13:19 AM   31    0.00    0.00    0.00    0.00    0.00    0.00    0.00    0.00    0.00  100.00
02:13:19 AM   32    0.99    0.00    0.99    0.00    0.00    0.00    0.00    0.00    0.00   98.02
02:13:19 AM   33    0.00    0.00    0.00    0.00    0.00    0.00    0.00    0.00    0.00  100.00
02:13:19 AM   34    0.00    0.00    0.00    0.00    0.00    0.00    0.00    0.00    0.00  100.00
02:13:19 AM   35    0.00    0.00    1.00    0.00    0.00    0.00    0.00    0.00    0.00   99.00

02:13:19 AM  CPU    %usr   %nice    %sys %iowait    %irq   %soft  %steal  %guest  %gnice   %idle
02:13:20 AM  all    0.98    0.00    0.25    0.00    0.00    0.06    0.00    0.00    0.00   98.72
02:13:20 AM    0    3.06    0.00    0.00    0.00    0.00    0.00    0.00    0.00    0.00   96.94
02:13:20 AM    1    2.00    0.00    0.00    0.00    0.00    0.00    0.00    0.00    0.00   98.00
02:13:20 AM    2    0.00    0.00    0.00    0.00    0.00    0.00    0.00    0.00    0.00  100.00
02:13:20 AM    3    0.99    0.00    0.99    0.00    0.00    0.00    0.00    0.00    0.00   98.02
02:13:20 AM    4    0.00    0.00    0.00    0.00    0.00    0.00    0.00    0.00    0.00  100.00
02:13:20 AM    5    5.94    0.00    0.99    0.00    0.00    0.99    0.00    0.00    0.00   92.08
02:13:20 AM    6    0.99    0.00    0.99    0.00    0.00    0.99    0.00    0.00    0.00   97.03
02:13:20 AM    7    0.00    0.00    0.00    0.00    0.00    0.00    0.00    0.00    0.00  100.00
02:13:20 AM    8    1.00    0.00    0.00    0.00    0.00    0.00    0.00    0.00    0.00   99.00
02:13:20 AM    9    1.00    0.00    1.00    0.00    0.00    0.00    0.00    0.00    0.00   98.00
02:13:20 AM   10    1.01    0.00    0.00    0.00    0.00    0.00    0.00    0.00    0.00   98.99
02:13:20 AM   11    1.98    0.00    0.00    0.00    0.00    0.00    0.00    0.00    0.00   98.02
02:13:20 AM   12    0.00    0.00    1.00    0.00    0.00    0.00    0.00    0.00    0.00   99.00
02:13:20 AM   13    0.00    0.00    0.00    0.00    0.00    0.00    0.00    0.00    0.00  100.00
02:13:20 AM   14    2.00    0.00    0.00    0.00    0.00    0.00    0.00    0.00    0.00   98.00
02:13:20 AM   15    0.00    0.00    1.00    0.00    0.00    0.00    0.00    0.00    0.00   99.00
02:13:20 AM   16    1.01    0.00    0.00    0.00    0.00    0.00    0.00    0.00    0.00   98.99
02:13:20 AM   17    2.00    0.00    0.00    0.00    0.00    0.00    0.00    0.00    0.00   98.00
02:13:20 AM   18    1.01    0.00    0.00    0.00    0.00    0.00    0.00    0.00    0.00   98.99
02:13:20 AM   19    1.00    0.00    0.00    0.00    0.00    0.00    0.00    0.00    0.00   99.00
02:13:20 AM   20    0.00    0.00    0.00    0.00    0.00    0.00    0.00    0.00    0.00  100.00
02:13:20 AM   21    0.00    0.00    0.00    0.00    0.00    0.00    0.00    0.00    0.00  100.00
02:13:20 AM   22    0.00    0.00    0.00    0.00    0.00    0.00    0.00    0.00    0.00  100.00
02:13:20 AM   23    1.01    0.00    0.00    0.00    0.00    0.00    0.00    0.00    0.00   98.99
02:13:20 AM   24    0.00    0.00    0.00    0.00    0.00    0.00    0.00    0.00    0.00  100.00
02:13:20 AM   25    1.00    0.00    0.00    0.00    0.00    0.00    0.00    0.00    0.00   99.00
02:13:20 AM   26    1.00    0.00    0.00    0.00    0.00    0.00    0.00    0.00    0.00   99.00
02:13:20 AM   27    1.01    0.00    0.00    0.00    0.00    0.00    0.00    0.00    0.00   98.99
02:13:20 AM   28    1.00    0.00    0.00    0.00    0.00    0.00    0.00    0.00    0.00   99.00
02:13:20 AM   29    1.00    0.00    0.00    0.00    0.00    0.00    0.00    0.00    0.00   99.00
02:13:20 AM   30    1.98    0.00    0.99    0.00    0.00    0.00    0.00    0.00    0.00   97.03
02:13:20 AM   31    1.00    0.00    1.00    0.00    0.00    0.00    0.00    0.00    0.00   98.00
02:13:20 AM   32    0.00    0.00    0.00    0.00    0.00    0.00    0.00    0.00    0.00  100.00
02:13:20 AM   33    0.00    0.00    1.00    0.00    0.00    0.00    0.00    0.00    0.00   99.00
02:13:20 AM   34    0.00    0.00    0.00    0.00    0.00    0.00    0.00    0.00    0.00  100.00
02:13:20 AM   35    1.00    0.00    0.00    0.00    0.00    0.00    0.00    0.00    0.00   99.00

02:13:20 AM  CPU    %usr   %nice    %sys %iowait    %irq   %soft  %steal  %guest  %gnice   %idle
02:13:21 AM  all    0.50    0.11    0.36    0.06    0.00    0.03    0.00    0.00    0.00   98.94
02:13:21 AM    0    1.00    0.00    1.00    0.00    0.00    1.00    0.00    0.00    0.00   97.00
02:13:21 AM    1    0.00    0.00    0.00    0.00    0.00    0.00    0.00    0.00    0.00  100.00
02:13:21 AM    2    0.00    1.01    0.00    0.00    0.00    0.00    0.00    0.00    0.00   98.99
02:13:21 AM    3    1.01    0.00    0.00    0.00    0.00    0.00    0.00    0.00    0.00   98.99
02:13:21 AM    4    1.00    0.00    1.00    0.00    0.00    0.00    0.00    0.00    0.00   98.00
02:13:21 AM    5    1.98    0.00    0.00    0.00    0.00    0.00    0.00    0.00    0.00   98.02
02:13:21 AM    6    1.00    0.00    0.00    0.00    0.00    0.00    0.00    0.00    0.00   99.00
02:13:21 AM    7    0.00    0.00    0.00    0.00    0.00    0.00    0.00    0.00    0.00  100.00
02:13:21 AM    8    0.00    0.00    1.01    0.00    0.00    0.00    0.00    0.00    0.00   98.99
02:13:21 AM    9    1.00    0.00    0.00    0.00    0.00    0.00    0.00    0.00    0.00   99.00
02:13:21 AM   10    2.00    0.00    0.00    0.00    0.00    0.00    0.00    0.00    0.00   98.00
02:13:21 AM   11    0.00    0.00    0.00    0.00    0.00    0.00    0.00    0.00    0.00  100.00
02:13:21 AM   12    0.00    0.00    0.00    1.01    0.00    0.00    0.00    0.00    0.00   98.99
02:13:21 AM   13    0.00    0.00    0.00    0.00    0.00    0.00    0.00    0.00    0.00  100.00
02:13:21 AM   14    1.00    0.00    0.00    0.00    0.00    0.00    0.00    0.00    0.00   99.00
02:13:21 AM   15    2.02    0.00    5.05    0.00    0.00    0.00    0.00    0.00    0.00   92.93
02:13:21 AM   16    1.00    0.00    1.00    0.00    0.00    0.00    0.00    0.00    0.00   98.00
02:13:21 AM   17    1.00    0.00    0.00    0.00    0.00    0.00    0.00    0.00    0.00   99.00
02:13:21 AM   18    0.00    0.00    0.99    0.99    0.00    0.00    0.00    0.00    0.00   98.02
02:13:21 AM   19    0.00    0.00    1.01    0.00    0.00    0.00    0.00    0.00    0.00   98.99
02:13:21 AM   20    0.00    1.00    0.00    0.00    0.00    0.00    0.00    0.00    0.00   99.00
02:13:21 AM   21    1.00    0.00    0.00    0.00    0.00    0.00    0.00    0.00    0.00   99.00
02:13:21 AM   22    1.00    0.00    0.00    0.00    0.00    0.00    0.00    0.00    0.00   99.00
02:13:21 AM   23    0.00    0.00    1.00    0.00    0.00    0.00    0.00    0.00    0.00   99.00
02:13:21 AM   24    0.00    0.00    0.00    0.00    0.00    0.00    0.00    0.00    0.00  100.00
02:13:21 AM   25    0.00    0.00    1.00    0.00    0.00    0.00    0.00    0.00    0.00   99.00
02:13:21 AM   26    0.00    0.00    0.00    0.00    0.00    0.00    0.00    0.00    0.00  100.00
02:13:21 AM   27    0.00    0.99    0.00    0.00    0.00    0.00    0.00    0.00    0.00   99.01
02:13:21 AM   28    0.00    0.00    0.00    0.00    0.00    0.00    0.00    0.00    0.00  100.00
02:13:21 AM   29    0.00    0.00    0.00    0.00    0.00    0.00    0.00    0.00    0.00  100.00
02:13:21 AM   30    0.00    0.00    0.00    0.00    0.00    0.00    0.00    0.00    0.00  100.00
02:13:21 AM   31    0.00    0.00    0.00    0.00    0.00    0.00    0.00    0.00    0.00  100.00
02:13:21 AM   32    0.00    0.00    0.00    0.00    0.00    0.00    0.00    0.00    0.00  100.00
02:13:21 AM   33    0.00    1.00    0.00    0.00    0.00    0.00    0.00    0.00    0.00   99.00
02:13:21 AM   34    0.99    0.00    0.00    0.00    0.00    0.00    0.00    0.00    0.00   99.01
02:13:21 AM   35    1.00    0.00    0.00    0.00    0.00    0.00    0.00    0.00    0.00   99.00

Average:     CPU    %usr   %nice    %sys %iowait    %irq   %soft  %steal  %guest  %gnice   %idle
Average:     all    0.70    0.03    0.43    0.04    0.00    0.02    0.00    0.00    0.00   98.77
Average:       0    1.81    0.00    0.40    0.00    0.00    0.20    0.00    0.00    0.00   97.58
Average:       1    1.01    0.00    0.00    0.00    0.00    0.00    0.00    0.00    0.00   98.99
Average:       2    0.20    0.20    0.20    0.00    0.00    0.00    0.00    0.00    0.00   99.39
Average:       3    0.60    0.00    0.40    0.20    0.00    0.00    0.00    0.00    0.00   98.80
Average:       4    0.60    0.00    0.40    0.00    0.00    0.00    0.00    0.00    0.00   98.99
Average:       5    1.61    0.00    0.40    0.00    0.00    0.20    0.00    0.00    0.00   97.79
Average:       6    0.60    0.00    0.20    0.00    0.00    0.20    0.00    0.00    0.00   99.00
Average:       7    0.60    0.00    0.40    0.00    0.00    0.00    0.00    0.00    0.00   99.00
Average:       8    1.20    0.00    0.60    0.00    0.00    0.00    0.00    0.00    0.00   98.20
Average:       9    0.80    0.00    0.40    0.00    0.00    0.00    0.00    0.00    0.00   98.79
Average:      10    0.80    0.00    0.40    0.00    0.00    0.00    0.00    0.00    0.00   98.80
Average:      11    0.80    0.00    0.20    0.20    0.00    0.00    0.00    0.00    0.00   98.80
Average:      12    0.60    0.00    0.60    0.60    0.00    0.00    0.00    0.00    0.00   98.20
Average:      13    0.60    0.00    0.20    0.00    0.00    0.00    0.00    0.00    0.00   99.20
Average:      14    1.61    0.00    3.61    0.00    0.00    0.00    0.00    0.00    0.00   94.78
Average:      15    0.60    0.00    1.61    0.00    0.00    0.00    0.00    0.00    0.00   97.79
Average:      16    1.00    0.00    0.40    0.00    0.00    0.00    0.00    0.00    0.00   98.59
Average:      17    1.00    0.20    0.40    0.00    0.00    0.00    0.00    0.00    0.00   98.40
Average:      18    1.00    0.00    0.40    0.40    0.00    0.00    0.00    0.00    0.00   98.21
Average:      19    0.60    0.00    0.40    0.00    0.00    0.00    0.00    0.00    0.00   99.00
Average:      20    0.40    0.20    0.20    0.00    0.00    0.00    0.00    0.00    0.00   99.20
Average:      21    0.60    0.00    0.20    0.00    0.00    0.00    0.00    0.00    0.00   99.20
Average:      22    0.40    0.00    0.20    0.00    0.00    0.00    0.00    0.00    0.00   99.40
Average:      23    0.60    0.00    0.40    0.00    0.00    0.00    0.00    0.00    0.00   99.00
Average:      24    0.00    0.00    0.20    0.00    0.00    0.00    0.00    0.00    0.00   99.80
Average:      25    0.40    0.00    0.20    0.00    0.00    0.00    0.00    0.00    0.00   99.40
Average:      26    0.40    0.00    0.20    0.00    0.00    0.00    0.00    0.00    0.00   99.40
Average:      27    0.20    0.20    0.40    0.00    0.00    0.00    0.00    0.00    0.00   99.20
Average:      28    0.80    0.00    0.00    0.20    0.00    0.20    0.00    0.00    0.00   98.80
Average:      29    0.60    0.00    0.20    0.00    0.00    0.00    0.00    0.00    0.00   99.20
Average:      30    0.60    0.00    0.20    0.00    0.00    0.00    0.00    0.00    0.00   99.20
Average:      31    0.20    0.00    0.40    0.00    0.00    0.00    0.00    0.00    0.00   99.40
Average:      32    0.60    0.00    0.40    0.00    0.00    0.00    0.00    0.00    0.00   99.00
Average:      33    0.40    0.40    0.40    0.00    0.00    0.00    0.00    0.00    0.00   98.80
Average:      34    0.60    0.00    0.00    0.00    0.00    0.00    0.00    0.00    0.00   99.40
Average:      35    0.80    0.00    0.20    0.00    0.00    0.00    0.00    0.00    0.00   99.00
