Linux 5.15.0-186-generic (rapids4) 	07/28/2026 	_x86_64_	(36 CPU)

02:12:29 AM  CPU    %usr   %nice    %sys %iowait    %irq   %soft  %steal  %guest  %gnice   %idle
02:12:30 AM  all    0.67    0.00    0.53    0.00    0.00    0.00    0.00    0.00    0.00   98.80
02:12:30 AM    0    2.00    0.00    0.00    0.00    0.00    0.00    0.00    0.00    0.00   98.00
02:12:30 AM    1    0.00    0.00    1.00    0.00    0.00    0.00    0.00    0.00    0.00   99.00
02:12:30 AM    2    0.99    0.00    0.99    0.00    0.00    0.00    0.00    0.00    0.00   98.02
02:12:30 AM    3    0.00    0.00    1.00    0.00    0.00    0.00    0.00    0.00    0.00   99.00
02:12:30 AM    4    0.00    0.00    0.00    0.00    0.00    0.00    0.00    0.00    0.00  100.00
02:12:30 AM    5    0.00    0.00    0.00    0.00    0.00    0.00    0.00    0.00    0.00  100.00
02:12:30 AM    6    0.00    0.00    0.00    0.00    0.00    0.00    0.00    0.00    0.00  100.00
02:12:30 AM    7    1.00    0.00    1.00    0.00    0.00    0.00    0.00    0.00    0.00   98.00
02:12:30 AM    8    3.00    0.00    6.00    0.00    0.00    0.00    0.00    0.00    0.00   91.00
02:12:30 AM    9    1.00    0.00    0.00    0.00    0.00    0.00    0.00    0.00    0.00   99.00
02:12:30 AM   10    1.01    0.00    0.00    0.00    0.00    0.00    0.00    0.00    0.00   98.99
02:12:30 AM   11    0.00    0.00    0.00    0.00    0.00    0.00    0.00    0.00    0.00  100.00
02:12:30 AM   12    0.00    0.00    0.00    0.00    0.00    0.00    0.00    0.00    0.00  100.00
02:12:30 AM   13    0.00    0.00    0.00    0.00    0.00    0.00    0.00    0.00    0.00  100.00
02:12:30 AM   14    1.00    0.00    0.00    0.00    0.00    0.00    0.00    0.00    0.00   99.00
02:12:30 AM   15    1.00    0.00    0.00    0.00    0.00    0.00    0.00    0.00    0.00   99.00
02:12:30 AM   16    0.00    0.00    0.00    0.00    0.00    0.00    0.00    0.00    0.00  100.00
02:12:30 AM   17    0.00    0.00    0.00    0.00    0.00    0.00    0.00    0.00    0.00  100.00
02:12:30 AM   18    0.00    0.00    0.00    0.00    0.00    0.00    0.00    0.00    0.00  100.00
02:12:30 AM   19    0.00    0.00    1.01    0.00    0.00    0.00    0.00    0.00    0.00   98.99
02:12:30 AM   20    1.98    0.00    0.99    0.00    0.00    0.00    0.00    0.00    0.00   97.03
02:12:30 AM   21    0.99    0.00    0.99    0.00    0.00    0.00    0.00    0.00    0.00   98.02
02:12:30 AM   22    0.00    0.00    0.00    0.00    0.00    0.00    0.00    0.00    0.00  100.00
02:12:30 AM   23    0.00    0.00    0.00    0.00    0.00    0.00    0.00    0.00    0.00  100.00
02:12:30 AM   24    0.99    0.00    0.99    0.00    0.00    0.00    0.00    0.00    0.00   98.02
02:12:30 AM   25    0.00    0.00    0.00    0.00    0.00    0.00    0.00    0.00    0.00  100.00
02:12:30 AM   26    1.00    0.00    1.00    0.00    0.00    0.00    0.00    0.00    0.00   98.00
02:12:30 AM   27    1.01    0.00    0.00    0.00    0.00    0.00    0.00    0.00    0.00   98.99
02:12:30 AM   28    1.00    0.00    0.00    0.00    0.00    0.00    0.00    0.00    0.00   99.00
02:12:30 AM   29    1.00    0.00    0.00    0.00    0.00    0.00    0.00    0.00    0.00   99.00
02:12:30 AM   30    0.99    0.00    0.99    0.00    0.00    0.00    0.00    0.00    0.00   98.02
02:12:30 AM   31    0.00    0.00    1.01    0.00    0.00    0.00    0.00    0.00    0.00   98.99
02:12:30 AM   32    0.00    0.00    2.00    0.00    0.00    0.00    0.00    0.00    0.00   98.00
02:12:30 AM   33    0.00    0.00    0.00    0.00    0.00    0.00    0.00    0.00    0.00  100.00
02:12:30 AM   34    4.00    0.00    0.00    0.00    0.00    0.00    0.00    0.00    0.00   96.00
02:12:30 AM   35    0.00    0.00    0.00    0.00    0.00    0.00    0.00    0.00    0.00  100.00

02:12:30 AM  CPU    %usr   %nice    %sys %iowait    %irq   %soft  %steal  %guest  %gnice   %idle
02:12:31 AM  all    0.47    0.03    0.28    0.00    0.00    0.06    0.00    0.00    0.00   99.16
02:12:31 AM    0    0.00    0.00    1.01    0.00    0.00    0.00    0.00    0.00    0.00   98.99
02:12:31 AM    1    1.01    0.00    0.00    0.00    0.00    0.00    0.00    0.00    0.00   98.99
02:12:31 AM    2    1.00    0.00    0.00    0.00    0.00    0.00    0.00    0.00    0.00   99.00
02:12:31 AM    3    0.99    0.00    0.00    0.00    0.00    0.99    0.00    0.00    0.00   98.02
02:12:31 AM    4    1.00    0.00    1.00    0.00    0.00    0.00    0.00    0.00    0.00   98.00
02:12:31 AM    5    1.01    0.00    0.00    0.00    0.00    0.00    0.00    0.00    0.00   98.99
02:12:31 AM    6    1.00    0.00    1.00    0.00    0.00    0.00    0.00    0.00    0.00   98.00
02:12:31 AM    7    1.01    0.00    0.00    0.00    0.00    0.00    0.00    0.00    0.00   98.99
02:12:31 AM    8    0.00    0.00    1.01    0.00    0.00    0.00    0.00    0.00    0.00   98.99
02:12:31 AM    9    0.00    0.00    0.00    0.00    0.00    0.00    0.00    0.00    0.00  100.00
02:12:31 AM   10    0.00    0.00    1.01    0.00    0.00    0.00    0.00    0.00    0.00   98.99
02:12:31 AM   11    0.00    0.00    1.00    0.00    0.00    0.00    0.00    0.00    0.00   99.00
02:12:31 AM   12    0.99    0.99    0.00    0.00    0.00    0.00    0.00    0.00    0.00   98.02
02:12:31 AM   13    0.00    0.00    0.00    0.00    0.00    0.00    0.00    0.00    0.00  100.00
02:12:31 AM   14    0.00    0.00    0.00    0.00    0.00    0.00    0.00    0.00    0.00  100.00
02:12:31 AM   15    0.00    0.00    0.99    0.00    0.00    0.99    0.00    0.00    0.00   98.02
02:12:31 AM   16    0.00    0.00    0.00    0.00    0.00    0.00    0.00    0.00    0.00  100.00
02:12:31 AM   17    0.00    0.00    0.00    0.00    0.00    0.00    0.00    0.00    0.00  100.00
02:12:31 AM   18    0.00    0.00    0.00    0.00    0.00    0.00    0.00    0.00    0.00  100.00
02:12:31 AM   19    1.00    0.00    0.00    0.00    0.00    0.00    0.00    0.00    0.00   99.00
02:12:31 AM   20    0.00    0.00    1.00    0.00    0.00    0.00    0.00    0.00    0.00   99.00
02:12:31 AM   21    1.01    0.00    0.00    0.00    0.00    0.00    0.00    0.00    0.00   98.99
02:12:31 AM   22    0.00    0.00    0.00    0.00    0.00    0.00    0.00    0.00    0.00  100.00
02:12:31 AM   23    1.00    0.00    0.00    0.00    0.00    0.00    0.00    0.00    0.00   99.00
02:12:31 AM   24    1.00    0.00    0.00    0.00    0.00    0.00    0.00    0.00    0.00   99.00
02:12:31 AM   25    0.00    0.00    0.00    0.00    0.00    0.00    0.00    0.00    0.00  100.00
02:12:31 AM   26    1.01    0.00    0.00    0.00    0.00    0.00    0.00    0.00    0.00   98.99
02:12:31 AM   27    0.00    0.00    0.00    0.00    0.00    0.00    0.00    0.00    0.00  100.00
02:12:31 AM   28    1.01    0.00    0.00    0.00    0.00    0.00    0.00    0.00    0.00   98.99
02:12:31 AM   29    1.01    0.00    0.00    0.00    0.00    0.00    0.00    0.00    0.00   98.99
02:12:31 AM   30    1.01    0.00    0.00    0.00    0.00    0.00    0.00    0.00    0.00   98.99
02:12:31 AM   31    0.00    0.00    1.00    0.00    0.00    0.00    0.00    0.00    0.00   99.00
02:12:31 AM   32    0.00    0.00    0.00    0.00    0.00    0.00    0.00    0.00    0.00  100.00
02:12:31 AM   33    0.00    0.00    0.00    0.00    0.00    0.00    0.00    0.00    0.00  100.00
02:12:31 AM   34    0.00    0.00    1.01    0.00    0.00    0.00    0.00    0.00    0.00   98.99
02:12:31 AM   35    1.00    0.00    0.00    0.00    0.00    0.00    0.00    0.00    0.00   99.00

02:12:31 AM  CPU    %usr   %nice    %sys %iowait    %irq   %soft  %steal  %guest  %gnice   %idle
02:12:32 AM  all    0.64    0.03    0.61    0.08    0.00    0.03    0.00    0.00    0.00   98.61
02:12:32 AM    0    0.00    0.00    0.00    0.00    0.00    0.00    0.00    0.00    0.00  100.00
02:12:32 AM    1    0.00    0.00    0.00    0.00    0.00    0.00    0.00    0.00    0.00  100.00
02:12:32 AM    2    1.01    0.00    0.00    0.00    0.00    0.00    0.00    0.00    0.00   98.99
02:12:32 AM    3    0.00    0.00    1.00    0.00    0.00    0.00    0.00    0.00    0.00   99.00
02:12:32 AM    4    1.98    0.00    0.99    0.00    0.00    0.00    0.00    0.00    0.00   97.03
02:12:32 AM    5    1.01    0.00    0.00    1.01    0.00    0.00    0.00    0.00    0.00   97.98
02:12:32 AM    6    0.99    0.00    0.99    0.00    0.00    0.00    0.00    0.00    0.00   98.02
02:12:32 AM    7    2.04    0.00    6.12    1.02    0.00    0.00    0.00    0.00    0.00   90.82
02:12:32 AM    8    0.99    0.00    1.98    0.00    0.00    0.00    0.00    0.00    0.00   97.03
02:12:32 AM    9    1.00    0.00    0.00    0.00    0.00    0.00    0.00    0.00    0.00   99.00
02:12:32 AM   10    0.00    0.00    0.00    0.00    0.00    0.00    0.00    0.00    0.00  100.00
02:12:32 AM   11    1.00    0.00    0.00    0.00    0.00    0.00    0.00    0.00    0.00   99.00
02:12:32 AM   12    0.00    0.00    0.00    0.00    0.00    0.00    0.00    0.00    0.00  100.00
02:12:32 AM   13    1.00    0.00    0.00    0.00    0.00    0.00    0.00    0.00    0.00   99.00
02:12:32 AM   14    0.99    0.00    0.99    0.00    0.00    0.00    0.00    0.00    0.00   98.02
02:12:32 AM   15    0.00    0.00    1.00    0.00    0.00    0.00    0.00    0.00    0.00   99.00
02:12:32 AM   16    1.00    0.00    1.00    0.00    0.00    0.00    0.00    0.00    0.00   98.00
02:12:32 AM   17    0.99    0.99    0.00    0.00    0.00    0.00    0.00    0.00    0.00   98.02
02:12:32 AM   18    1.00    0.00    0.00    0.00    0.00    0.00    0.00    0.00    0.00   99.00
02:12:32 AM   19    0.00    0.00    0.99    0.00    0.00    0.00    0.00    0.00    0.00   99.01
02:12:32 AM   20    0.00    0.00    0.99    0.99    0.00    0.99    0.00    0.00    0.00   97.03
02:12:32 AM   21    1.01    0.00    0.00    0.00    0.00    0.00    0.00    0.00    0.00   98.99
02:12:32 AM   22    0.00    0.00    0.00    0.00    0.00    0.00    0.00    0.00    0.00  100.00
02:12:32 AM   23    0.00    0.00    1.01    0.00    0.00    0.00    0.00    0.00    0.00   98.99
02:12:32 AM   24    1.00    0.00    0.00    0.00    0.00    0.00    0.00    0.00    0.00   99.00
02:12:32 AM   25    1.98    0.00    0.00    0.00    0.00    0.00    0.00    0.00    0.00   98.02
02:12:32 AM   26    0.00    0.00    0.00    0.00    0.00    0.00    0.00    0.00    0.00  100.00
02:12:32 AM   27    0.00    0.00    0.00    0.00    0.00    0.00    0.00    0.00    0.00  100.00
02:12:32 AM   28    0.00    0.00    0.00    0.00    0.00    0.00    0.00    0.00    0.00  100.00
02:12:32 AM   29    0.00    0.00    0.00    0.00    0.00    0.00    0.00    0.00    0.00  100.00
02:12:32 AM   30    0.00    0.00    1.98    0.00    0.00    0.00    0.00    0.00    0.00   98.02
02:12:32 AM   31    1.00    0.00    0.00    0.00    0.00    0.00    0.00    0.00    0.00   99.00
02:12:32 AM   32    0.99    0.00    0.99    0.00    0.00    0.00    0.00    0.00    0.00   98.02
02:12:32 AM   33    1.00    0.00    0.00    0.00    0.00    0.00    0.00    0.00    0.00   99.00
02:12:32 AM   34    0.99    0.00    0.99    0.00    0.00    0.00    0.00    0.00    0.00   98.02
02:12:32 AM   35    0.00    0.00    1.00    0.00    0.00    0.00    0.00    0.00    0.00   99.00

02:12:32 AM  CPU    %usr   %nice    %sys %iowait    %irq   %soft  %steal  %guest  %gnice   %idle
02:12:33 AM  all    1.43    0.00    0.53    0.08    0.00    0.03    0.00    0.00    0.00   97.93
02:12:33 AM    0    1.01    0.00    0.00    0.00    0.00    0.00    0.00    0.00    0.00   98.99
02:12:33 AM    1    1.98    0.00    0.99    0.00    0.00    0.00    0.00    0.00    0.00   97.03
02:12:33 AM    2    1.01    0.00    0.00    1.01    0.00    0.00    0.00    0.00    0.00   97.98
02:12:33 AM    3    2.00    0.00    0.00    1.00    0.00    0.00    0.00    0.00    0.00   97.00
02:12:33 AM    4    2.00    0.00    1.00    0.00    0.00    0.00    0.00    0.00    0.00   97.00
02:12:33 AM    5    1.01    0.00    0.00    0.00    0.00    0.00    0.00    0.00    0.00   98.99
02:12:33 AM    6    2.04    0.00    0.00    0.00    0.00    0.00    0.00    0.00    0.00   97.96
02:12:33 AM    7    2.97    0.00    0.99    0.00    0.00    0.00    0.00    0.00    0.00   96.04
02:12:33 AM    8    2.06    0.00    7.22    0.00    0.00    0.00    0.00    0.00    0.00   90.72
02:12:33 AM    9    2.04    0.00    0.00    0.00    0.00    0.00    0.00    0.00    0.00   97.96
02:12:33 AM   10    3.00    0.00    0.00    0.00    0.00    0.00    0.00    0.00    0.00   97.00
02:12:33 AM   11    2.02    0.00    0.00    0.00    0.00    0.00    0.00    0.00    0.00   97.98
02:12:33 AM   12    3.00    0.00    0.00    0.00    0.00    0.00    0.00    0.00    0.00   97.00
02:12:33 AM   13    1.01    0.00    0.00    1.01    0.00    0.00    0.00    0.00    0.00   97.98
02:12:33 AM   14    1.00    0.00    0.00    0.00    0.00    0.00    0.00    0.00    0.00   99.00
02:12:33 AM   15    4.00    0.00    0.00    0.00    0.00    0.00    0.00    0.00    0.00   96.00
02:12:33 AM   16    0.99    0.00    1.98    0.00    0.00    0.00    0.00    0.00    0.00   97.03
02:12:33 AM   17    1.01    0.00    0.00    0.00    0.00    0.00    0.00    0.00    0.00   98.99
02:12:33 AM   18    0.00    0.00    0.00    0.00    0.00    0.00    0.00    0.00    0.00  100.00
02:12:33 AM   19    1.01    0.00    0.00    0.00    0.00    0.00    0.00    0.00    0.00   98.99
02:12:33 AM   20    1.01    0.00    0.00    0.00    0.00    0.00    0.00    0.00    0.00   98.99
02:12:33 AM   21    1.00    0.00    1.00    0.00    0.00    0.00    0.00    0.00    0.00   98.00
02:12:33 AM   22    2.00    0.00    0.00    0.00    0.00    0.00    0.00    0.00    0.00   98.00
02:12:33 AM   23    1.01    0.00    0.00    0.00    0.00    0.00    0.00    0.00    0.00   98.99
02:12:33 AM   24    1.00    0.00    2.00    0.00    0.00    0.00    0.00    0.00    0.00   97.00
02:12:33 AM   25    1.02    0.00    0.00    0.00    0.00    0.00    0.00    0.00    0.00   98.98
02:12:33 AM   26    1.00    0.00    1.00    0.00    0.00    0.00    0.00    0.00    0.00   98.00
02:12:33 AM   27    1.96    0.00    0.98    0.00    0.00    0.00    0.00    0.00    0.00   97.06
02:12:33 AM   28    0.00    0.00    0.00    0.00    0.00    0.00    0.00    0.00    0.00  100.00
02:12:33 AM   29    1.01    0.00    0.00    0.00    0.00    0.00    0.00    0.00    0.00   98.99
02:12:33 AM   30    0.98    0.00    0.98    0.00    0.00    0.98    0.00    0.00    0.00   97.06
02:12:33 AM   31    0.00    0.00    0.00    0.00    0.00    0.00    0.00    0.00    0.00  100.00
02:12:33 AM   32    1.02    0.00    0.00    0.00    0.00    0.00    0.00    0.00    0.00   98.98
02:12:33 AM   33    2.00    0.00    0.00    0.00    0.00    0.00    0.00    0.00    0.00   98.00
02:12:33 AM   34    1.00    0.00    1.00    0.00    0.00    0.00    0.00    0.00    0.00   98.00
02:12:33 AM   35    0.00    0.00    0.00    0.00    0.00    0.00    0.00    0.00    0.00  100.00

02:12:33 AM  CPU    %usr   %nice    %sys %iowait    %irq   %soft  %steal  %guest  %gnice   %idle
02:12:34 AM  all    0.64    0.03    0.31    0.03    0.00    0.03    0.00    0.00    0.00   98.97
02:12:34 AM    0    1.01    0.00    0.00    0.00    0.00    0.00    0.00    0.00    0.00   98.99
02:12:34 AM    1    0.00    0.00    0.00    0.00    0.00    0.00    0.00    0.00    0.00  100.00
02:12:34 AM    2    1.00    0.00    0.00    0.00    0.00    0.00    0.00    0.00    0.00   99.00
02:12:34 AM    3    1.00    0.00    1.00    0.00    0.00    0.00    0.00    0.00    0.00   98.00
02:12:34 AM    4    0.00    0.00    0.00    0.00    0.00    0.00    0.00    0.00    0.00  100.00
02:12:34 AM    5    0.00    0.00    0.00    0.00    0.00    1.01    0.00    0.00    0.00   98.99
02:12:34 AM    6    0.98    0.00    1.96    0.00    0.00    0.00    0.00    0.00    0.00   97.06
02:12:34 AM    7    0.00    0.00    0.00    0.00    0.00    0.00    0.00    0.00    0.00  100.00
02:12:34 AM    8    0.00    0.00    0.00    1.00    0.00    0.00    0.00    0.00    0.00   99.00
02:12:34 AM    9    0.99    0.00    0.99    0.00    0.00    0.00    0.00    0.00    0.00   98.02
02:12:34 AM   10    1.96    0.00    0.98    0.00    0.00    0.00    0.00    0.00    0.00   97.06
02:12:34 AM   11    1.96    0.00    0.98    0.00    0.00    0.00    0.00    0.00    0.00   97.06
02:12:34 AM   12    1.00    0.00    0.00    0.00    0.00    0.00    0.00    0.00    0.00   99.00
02:12:34 AM   13    1.00    1.00    0.00    0.00    0.00    0.00    0.00    0.00    0.00   98.00
02:12:34 AM   14    1.01    0.00    0.00    0.00    0.00    0.00    0.00    0.00    0.00   98.99
02:12:34 AM   15    0.98    0.00    0.98    0.00    0.00    0.00    0.00    0.00    0.00   98.04
02:12:34 AM   16    0.00    0.00    1.00    0.00    0.00    0.00    0.00    0.00    0.00   99.00
02:12:34 AM   17    0.00    0.00    1.01    0.00    0.00    0.00    0.00    0.00    0.00   98.99
02:12:34 AM   18    0.00    0.00    0.00    0.00    0.00    0.00    0.00    0.00    0.00  100.00
02:12:34 AM   19    0.00    0.00    0.00    0.00    0.00    0.00    0.00    0.00    0.00  100.00
02:12:34 AM   20    0.99    0.00    0.00    0.00    0.00    0.00    0.00    0.00    0.00   99.01
02:12:34 AM   21    0.00    0.00    0.00    0.00    0.00    0.00    0.00    0.00    0.00  100.00
02:12:34 AM   22    0.00    0.00    0.00    0.00    0.00    0.00    0.00    0.00    0.00  100.00
02:12:34 AM   23    0.99    0.00    0.99    0.00    0.00    0.00    0.00    0.00    0.00   98.02
02:12:34 AM   24    0.00    0.00    0.00    0.00    0.00    0.00    0.00    0.00    0.00  100.00
02:12:34 AM   25    0.99    0.00    0.99    0.00    0.00    0.00    0.00    0.00    0.00   98.02
02:12:34 AM   26    1.00    0.00    0.00    0.00    0.00    0.00    0.00    0.00    0.00   99.00
02:12:34 AM   27    0.00    0.00    0.00    0.00    0.00    0.00    0.00    0.00    0.00  100.00
02:12:34 AM   28    0.99    0.00    0.00    0.00    0.00    0.00    0.00    0.00    0.00   99.01
02:12:34 AM   29    0.00    0.00    0.00    0.00    0.00    0.00    0.00    0.00    0.00  100.00
02:12:34 AM   30    1.00    0.00    0.00    0.00    0.00    0.00    0.00    0.00    0.00   99.00
02:12:34 AM   31    2.00    0.00    0.00    0.00    0.00    0.00    0.00    0.00    0.00   98.00
02:12:34 AM   32    0.00    0.00    0.00    0.00    0.00    0.00    0.00    0.00    0.00  100.00
02:12:34 AM   33    0.00    0.00    0.00    0.00    0.00    0.00    0.00    0.00    0.00  100.00
02:12:34 AM   34    1.00    0.00    0.00    0.00    0.00    0.00    0.00    0.00    0.00   99.00
02:12:34 AM   35    0.99    0.00    0.00    0.00    0.00    0.00    0.00    0.00    0.00   99.01

Average:     CPU    %usr   %nice    %sys %iowait    %irq   %soft  %steal  %guest  %gnice   %idle
Average:     all    0.77    0.02    0.45    0.04    0.00    0.03    0.00    0.00    0.00   98.70
Average:       0    0.81    0.00    0.20    0.00    0.00    0.00    0.00    0.00    0.00   98.99
Average:       1    0.60    0.00    0.40    0.00    0.00    0.00    0.00    0.00    0.00   99.00
Average:       2    1.00    0.00    0.20    0.20    0.00    0.00    0.00    0.00    0.00   98.60
Average:       3    0.80    0.00    0.60    0.20    0.00    0.20    0.00    0.00    0.00   98.20
Average:       4    1.00    0.00    0.60    0.00    0.00    0.00    0.00    0.00    0.00   98.40
Average:       5    0.61    0.00    0.00    0.20    0.00    0.20    0.00    0.00    0.00   98.99
Average:       6    1.00    0.00    0.80    0.00    0.00    0.00    0.00    0.00    0.00   98.20
Average:       7    1.41    0.00    1.61    0.20    0.00    0.00    0.00    0.00    0.00   96.78
Average:       8    1.21    0.00    3.22    0.20    0.00    0.00    0.00    0.00    0.00   95.37
Average:       9    1.00    0.00    0.20    0.00    0.00    0.00    0.00    0.00    0.00   98.80
Average:      10    1.20    0.00    0.40    0.00    0.00    0.00    0.00    0.00    0.00   98.40
Average:      11    1.00    0.00    0.40    0.00    0.00    0.00    0.00    0.00    0.00   98.60
Average:      12    1.00    0.20    0.00    0.00    0.00    0.00    0.00    0.00    0.00   98.80
Average:      13    0.60    0.20    0.00    0.20    0.00    0.00    0.00    0.00    0.00   98.99
Average:      14    0.80    0.00    0.20    0.00    0.00    0.00    0.00    0.00    0.00   99.00
Average:      15    1.19    0.00    0.60    0.00    0.00    0.20    0.00    0.00    0.00   98.01
Average:      16    0.40    0.00    0.80    0.00    0.00    0.00    0.00    0.00    0.00   98.80
Average:      17    0.40    0.20    0.20    0.00    0.00    0.00    0.00    0.00    0.00   99.20
Average:      18    0.20    0.00    0.00    0.00    0.00    0.00    0.00    0.00    0.00   99.80
Average:      19    0.40    0.00    0.40    0.00    0.00    0.00    0.00    0.00    0.00   99.20
Average:      20    0.80    0.00    0.60    0.20    0.00    0.20    0.00    0.00    0.00   98.21
Average:      21    0.80    0.00    0.40    0.00    0.00    0.00    0.00    0.00    0.00   98.80
Average:      22    0.40    0.00    0.00    0.00    0.00    0.00    0.00    0.00    0.00   99.60
Average:      23    0.60    0.00    0.40    0.00    0.00    0.00    0.00    0.00    0.00   98.99
Average:      24    0.80    0.00    0.60    0.00    0.00    0.00    0.00    0.00    0.00   98.60
Average:      25    0.80    0.00    0.20    0.00    0.00    0.00    0.00    0.00    0.00   98.99
Average:      26    0.80    0.00    0.40    0.00    0.00    0.00    0.00    0.00    0.00   98.80
Average:      27    0.60    0.00    0.20    0.00    0.00    0.00    0.00    0.00    0.00   99.20
Average:      28    0.60    0.00    0.00    0.00    0.00    0.00    0.00    0.00    0.00   99.40
Average:      29    0.60    0.00    0.00    0.00    0.00    0.00    0.00    0.00    0.00   99.40
Average:      30    0.80    0.00    0.80    0.00    0.00    0.20    0.00    0.00    0.00   98.21
Average:      31    0.60    0.00    0.40    0.00    0.00    0.00    0.00    0.00    0.00   98.99
Average:      32    0.40    0.00    0.60    0.00    0.00    0.00    0.00    0.00    0.00   99.00
Average:      33    0.60    0.00    0.00    0.00    0.00    0.00    0.00    0.00    0.00   99.40
Average:      34    1.40    0.00    0.60    0.00    0.00    0.00    0.00    0.00    0.00   98.00
Average:      35    0.40    0.00    0.20    0.00    0.00    0.00    0.00    0.00    0.00   99.40
