Linux 5.15.0-186-generic (rapids4) 	07/28/2026 	_x86_64_	(36 CPU)

02:15:12 AM  CPU    %usr   %nice    %sys %iowait    %irq   %soft  %steal  %guest  %gnice   %idle
02:15:13 AM  all    2.90    0.03    2.74    0.00    0.00    1.62    0.00    0.00    0.00   92.71
02:15:13 AM    0    6.00    0.00    0.00    0.00    0.00    2.00    0.00    0.00    0.00   92.00
02:15:13 AM    1    3.00    0.00    0.00    0.00    0.00    1.00    0.00    0.00    0.00   96.00
02:15:13 AM    2    2.00    0.00    0.00    0.00    0.00    1.00    0.00    0.00    0.00   97.00
02:15:13 AM    3    3.03    0.00    7.07    0.00    0.00    0.00    0.00    0.00    0.00   89.90
02:15:13 AM    4    1.03    0.00    0.00    0.00    0.00    0.00    0.00    0.00    0.00   98.97
02:15:13 AM    5    1.01    0.00    0.00    0.00    0.00    1.01    0.00    0.00    0.00   97.98
02:15:13 AM    6    1.01    0.00    0.00    0.00    0.00    0.00    0.00    0.00    0.00   98.99
02:15:13 AM    7    3.03    0.00    0.00    0.00    0.00    0.00    0.00    0.00    0.00   96.97
02:15:13 AM    8    1.02    0.00    0.00    0.00    0.00    0.00    0.00    0.00    0.00   98.98
02:15:13 AM    9    1.02    0.00    0.00    0.00    0.00    0.00    0.00    0.00    0.00   98.98
02:15:13 AM   10    2.00    0.00    1.00    0.00    0.00    0.00    0.00    0.00    0.00   97.00
02:15:13 AM   11    1.00    0.00    1.00    0.00    0.00    0.00    0.00    0.00    0.00   98.00
02:15:13 AM   12    1.00    0.00    1.00    0.00    0.00    0.00    0.00    0.00    0.00   98.00
02:15:13 AM   13    1.96    0.98    0.98    0.00    0.00    0.00    0.00    0.00    0.00   96.08
02:15:13 AM   14    3.00    0.00    0.00    0.00    0.00    0.00    0.00    0.00    0.00   97.00
02:15:13 AM   15    1.98    0.00    0.99    0.00    0.00    0.00    0.00    0.00    0.00   97.03
02:15:13 AM   16    2.00    0.00    1.00    0.00    0.00    0.00    0.00    0.00    0.00   97.00
02:15:13 AM   17    1.02    0.00    0.00    0.00    0.00    0.00    0.00    0.00    0.00   98.98
02:15:13 AM   18    2.97    0.00    0.99    0.00    0.00    0.00    0.00    0.00    0.00   96.04
02:15:13 AM   19    1.00    0.00    1.00    0.00    0.00    0.00    0.00    0.00    0.00   98.00
02:15:13 AM   20    2.00    0.00    0.00    0.00    0.00    1.00    0.00    0.00    0.00   97.00
02:15:13 AM   21    1.01    0.00    0.00    0.00    0.00    0.00    0.00    0.00    0.00   98.99
02:15:13 AM   22   18.00    0.00   38.00    0.00    0.00   28.00    0.00    0.00    0.00   16.00
02:15:13 AM   23   12.12    0.00   35.35    0.00    0.00   23.23    0.00    0.00    0.00   29.29
02:15:13 AM   24    3.03    0.00    1.01    0.00    0.00    0.00    0.00    0.00    0.00   95.96
02:15:13 AM   25    0.00    0.00    1.03    0.00    0.00    0.00    0.00    0.00    0.00   98.97
02:15:13 AM   26    2.00    0.00    0.00    0.00    0.00    1.00    0.00    0.00    0.00   97.00
02:15:13 AM   27    2.00    0.00    1.00    0.00    0.00    0.00    0.00    0.00    0.00   97.00
02:15:13 AM   28    1.02    0.00    1.02    0.00    0.00    0.00    0.00    0.00    0.00   97.96
02:15:13 AM   29    2.02    0.00    2.02    0.00    0.00    0.00    0.00    0.00    0.00   95.96
02:15:13 AM   30    4.00    0.00    1.00    0.00    0.00    0.00    0.00    0.00    0.00   95.00
02:15:13 AM   31    3.00    0.00    1.00    0.00    0.00    0.00    0.00    0.00    0.00   96.00
02:15:13 AM   32    7.00    0.00    1.00    0.00    0.00    0.00    0.00    0.00    0.00   92.00
02:15:13 AM   33    2.02    0.00    0.00    0.00    0.00    0.00    0.00    0.00    0.00   97.98
02:15:13 AM   34    2.97    0.00    0.99    0.00    0.00    0.00    0.00    0.00    0.00   96.04
02:15:13 AM   35    2.02    0.00    0.00    0.00    0.00    0.00    0.00    0.00    0.00   97.98

02:15:13 AM  CPU    %usr   %nice    %sys %iowait    %irq   %soft  %steal  %guest  %gnice   %idle
02:15:14 AM  all    1.40    0.00    2.88    0.06    0.00    1.87    0.00    0.00    0.00   93.79
02:15:14 AM    0    0.00    0.00    0.00    0.00    0.00    9.43    0.00    0.00    0.00   90.57
02:15:14 AM    1    1.01    0.00    0.00    0.00    0.00    0.00    0.00    0.00    0.00   98.99
02:15:14 AM    2    1.01    0.00    0.00    0.00    0.00    0.00    0.00    0.00    0.00   98.99
02:15:14 AM    3    0.00    0.00    1.01    0.00    0.00    0.00    0.00    0.00    0.00   98.99
02:15:14 AM    4    1.01    0.00    0.00    0.00    0.00    0.00    0.00    0.00    0.00   98.99
02:15:14 AM    5    1.01    0.00    0.00    0.00    0.00    0.00    0.00    0.00    0.00   98.99
02:15:14 AM    6    2.02    0.00    0.00    0.00    0.00    0.00    0.00    0.00    0.00   97.98
02:15:14 AM    7    0.00    0.00    1.01    0.00    0.00    0.00    0.00    0.00    0.00   98.99
02:15:14 AM    8    2.00    0.00    0.00    1.00    0.00    0.00    0.00    0.00    0.00   97.00
02:15:14 AM    9    1.01    0.00    1.01    0.00    0.00    0.00    0.00    0.00    0.00   97.98
02:15:14 AM   10    0.00    0.00    0.00    0.00    0.00    0.00    0.00    0.00    0.00  100.00
02:15:14 AM   11    0.00    0.00    0.00    0.00    0.00    0.00    0.00    0.00    0.00  100.00
02:15:14 AM   12    1.01    0.00    0.00    0.00    0.00    0.00    0.00    0.00    0.00   98.99
02:15:14 AM   13    1.01    0.00    0.00    0.00    0.00    0.00    0.00    0.00    0.00   98.99
02:15:14 AM   14    0.00    0.00    0.00    0.00    0.00    0.00    0.00    0.00    0.00  100.00
02:15:14 AM   15    1.01    0.00    0.00    0.00    0.00    0.00    0.00    0.00    0.00   98.99
02:15:14 AM   16    0.00    0.00    1.01    0.00    0.00    0.00    0.00    0.00    0.00   98.99
02:15:14 AM   17    0.00    0.00    0.99    0.00    0.00    0.99    0.00    0.00    0.00   98.02
02:15:14 AM   18    0.00    0.00    1.00    1.00    0.00    0.00    0.00    0.00    0.00   98.00
02:15:14 AM   19    0.00    0.00    0.00    0.00    0.00    0.00    0.00    0.00    0.00  100.00
02:15:14 AM   20    0.00    0.00    0.00    0.00    0.00    0.00    0.00    0.00    0.00  100.00
02:15:14 AM   21    0.00    0.00    0.00    0.00    0.00    0.00    0.00    0.00    0.00  100.00
02:15:14 AM   22   18.18    0.00   51.52    0.00    0.00   30.30    0.00    0.00    0.00    0.00
02:15:14 AM   23   16.49    0.00   42.27    0.00    0.00   26.80    0.00    0.00    0.00   14.43
02:15:14 AM   24    0.00    0.00    0.00    0.00    0.00    0.00    0.00    0.00    0.00  100.00
02:15:14 AM   25    0.99    0.00    0.99    0.00    0.00    0.00    0.00    0.00    0.00   98.02
02:15:14 AM   26    1.00    0.00    0.00    0.00    0.00    0.00    0.00    0.00    0.00   99.00
02:15:14 AM   27    0.00    0.00    0.00    0.00    0.00    0.00    0.00    0.00    0.00  100.00
02:15:14 AM   28    0.00    0.00    0.00    0.00    0.00    0.00    0.00    0.00    0.00  100.00
02:15:14 AM   29    0.00    0.00    1.01    0.00    0.00    0.00    0.00    0.00    0.00   98.99
02:15:14 AM   30    1.00    0.00    0.00    0.00    0.00    0.00    0.00    0.00    0.00   99.00
02:15:14 AM   31    0.00    0.00    0.00    0.00    0.00    0.00    0.00    0.00    0.00  100.00
02:15:14 AM   32    0.00    0.00    1.00    0.00    0.00    0.00    0.00    0.00    0.00   99.00
02:15:14 AM   33    0.00    0.00    1.01    0.00    0.00    0.00    0.00    0.00    0.00   98.99
02:15:14 AM   34    0.00    0.00    1.00    0.00    0.00    0.00    0.00    0.00    0.00   99.00
02:15:14 AM   35    1.01    0.00    0.00    0.00    0.00    0.00    0.00    0.00    0.00   98.99

02:15:14 AM  CPU    %usr   %nice    %sys %iowait    %irq   %soft  %steal  %guest  %gnice   %idle
02:15:15 AM  all    1.93    0.03    3.07    0.14    0.00    1.79    0.00    0.00    0.00   93.05
02:15:15 AM    0    0.96    0.00    0.00    0.96    0.00    7.69    0.00    0.00    0.00   90.38
02:15:15 AM    1    0.00    0.00    0.00    0.00    0.00    0.00    0.00    0.00    0.00  100.00
02:15:15 AM    2    0.00    0.00    0.00    0.00    0.00    0.00    0.00    0.00    0.00  100.00
02:15:15 AM    3    3.03    0.00    6.06    0.00    0.00    0.00    0.00    0.00    0.00   90.91
02:15:15 AM    4    1.02    0.00    0.00    0.00    0.00    0.00    0.00    0.00    0.00   98.98
02:15:15 AM    5    1.00    0.00    0.00    0.00    0.00    0.00    0.00    0.00    0.00   99.00
02:15:15 AM    6    0.00    0.00    1.01    0.00    0.00    0.00    0.00    0.00    0.00   98.99
02:15:15 AM    7    1.01    0.00    0.00    0.00    0.00    0.00    0.00    0.00    0.00   98.99
02:15:15 AM    8    1.00    0.00    1.00    0.00    0.00    0.00    0.00    0.00    0.00   98.00
02:15:15 AM    9    0.00    0.00    0.00    0.00    0.00    0.00    0.00    0.00    0.00  100.00
02:15:15 AM   10    1.00    0.00    1.00    0.00    0.00    0.00    0.00    0.00    0.00   98.00
02:15:15 AM   11    1.00    0.00    1.00    1.00    0.00    0.00    0.00    0.00    0.00   97.00
02:15:15 AM   12    1.98    0.00    0.99    0.00    0.00    0.00    0.00    0.00    0.00   97.03
02:15:15 AM   13    2.00    1.00    0.00    1.00    0.00    0.00    0.00    0.00    0.00   96.00
02:15:15 AM   14    1.00    0.00    0.00    0.00    0.00    0.00    0.00    0.00    0.00   99.00
02:15:15 AM   15    2.00    0.00    0.00    1.00    0.00    0.00    0.00    0.00    0.00   97.00
02:15:15 AM   16    1.01    0.00    0.00    0.00    0.00    0.00    0.00    0.00    0.00   98.99
02:15:15 AM   17    2.02    0.00    0.00    0.00    0.00    0.00    0.00    0.00    0.00   97.98
02:15:15 AM   18    2.00    0.00    0.00    0.00    0.00    0.00    0.00    0.00    0.00   98.00
02:15:15 AM   19    2.00    0.00    1.00    0.00    0.00    0.00    0.00    0.00    0.00   97.00
02:15:15 AM   20    0.99    0.00    1.98    0.00    0.00    0.00    0.00    0.00    0.00   97.03
02:15:15 AM   21    1.01    0.00    0.00    0.00    0.00    0.00    0.00    0.00    0.00   98.99
02:15:15 AM   22   16.00    0.00   55.00    0.00    0.00   29.00    0.00    0.00    0.00    0.00
02:15:15 AM   23   16.49    0.00   41.24    0.00    0.00   27.84    0.00    0.00    0.00   14.43
02:15:15 AM   24    2.00    0.00    0.00    0.00    0.00    0.00    0.00    0.00    0.00   98.00
02:15:15 AM   25    1.01    0.00    0.00    0.00    0.00    0.00    0.00    0.00    0.00   98.99
02:15:15 AM   26    0.00    0.00    0.00    0.00    0.00    0.00    0.00    0.00    0.00  100.00
02:15:15 AM   27    0.00    0.00    1.01    0.00    0.00    0.00    0.00    0.00    0.00   98.99
02:15:15 AM   28    1.00    0.00    0.00    0.00    0.00    0.00    0.00    0.00    0.00   99.00
02:15:15 AM   29    2.00    0.00    0.00    0.00    0.00    0.00    0.00    0.00    0.00   98.00
02:15:15 AM   30    0.00    0.00    0.00    0.00    0.00    0.00    0.00    0.00    0.00  100.00
02:15:15 AM   31    0.00    0.00    0.00    0.00    0.00    0.00    0.00    0.00    0.00  100.00
02:15:15 AM   32    1.00    0.00    0.00    0.00    0.00    0.00    0.00    0.00    0.00   99.00
02:15:15 AM   33    1.98    0.00    0.00    0.00    0.00    0.00    0.00    0.00    0.00   98.02
02:15:15 AM   34    1.01    0.00    0.00    1.01    0.00    0.00    0.00    0.00    0.00   97.98
02:15:15 AM   35    1.00    0.00    0.00    0.00    0.00    0.00    0.00    0.00    0.00   99.00

02:15:15 AM  CPU    %usr   %nice    %sys %iowait    %irq   %soft  %steal  %guest  %gnice   %idle
02:15:16 AM  all    1.82    0.00    2.63    0.08    0.00    2.02    0.00    0.00    0.00   93.45
02:15:16 AM    0    1.87    0.00    1.87    0.00    0.00    9.35    0.00    0.00    0.00   86.92
02:15:16 AM    1    1.01    0.00    0.00    0.00    0.00    1.01    0.00    0.00    0.00   97.98
02:15:16 AM    2    1.02    0.00    0.00    0.00    0.00    0.00    0.00    0.00    0.00   98.98
02:15:16 AM    3    4.04    0.00    5.05    0.00    0.00    0.00    0.00    0.00    0.00   90.91
02:15:16 AM    4    0.00    0.00    0.00    0.00    0.00    0.00    0.00    0.00    0.00  100.00
02:15:16 AM    5    0.00    0.00    1.02    0.00    0.00    0.00    0.00    0.00    0.00   98.98
02:15:16 AM    6    0.99    0.00    0.99    0.00    0.00    0.00    0.00    0.00    0.00   98.02
02:15:16 AM    7    1.00    0.00    0.00    0.00    0.00    0.00    0.00    0.00    0.00   99.00
02:15:16 AM    8    1.98    0.00    0.00    0.99    0.00    0.00    0.00    0.00    0.00   97.03
02:15:16 AM    9    1.00    0.00    0.00    0.00    0.00    0.00    0.00    0.00    0.00   99.00
02:15:16 AM   10    0.00    0.00    0.00    0.00    0.00    0.00    0.00    0.00    0.00  100.00
02:15:16 AM   11    1.01    0.00    0.00    0.00    0.00    0.00    0.00    0.00    0.00   98.99
02:15:16 AM   12    0.00    0.00    0.00    0.00    0.00    0.00    0.00    0.00    0.00  100.00
02:15:16 AM   13    1.01    0.00    0.00    1.01    0.00    0.00    0.00    0.00    0.00   97.98
02:15:16 AM   14    0.00    0.00    0.00    0.00    0.00    0.00    0.00    0.00    0.00  100.00
02:15:16 AM   15    1.00    0.00    0.00    0.00    0.00    0.00    0.00    0.00    0.00   99.00
02:15:16 AM   16    0.00    0.00    0.00    0.00    0.00    0.00    0.00    0.00    0.00  100.00
02:15:16 AM   17    1.01    0.00    0.00    0.00    0.00    0.00    0.00    0.00    0.00   98.99
02:15:16 AM   18    0.00    0.00    0.00    0.00    0.00    0.00    0.00    0.00    0.00  100.00
02:15:16 AM   19    0.99    0.00    0.00    0.99    0.00    0.00    0.00    0.00    0.00   98.02
02:15:16 AM   20    0.00    0.00    0.00    0.00    0.00    0.00    0.00    0.00    0.00  100.00
02:15:16 AM   21    1.01    0.00    0.00    0.00    0.00    0.00    0.00    0.00    0.00   98.99
02:15:16 AM   22   20.00    0.00   48.00    0.00    0.00   32.00    0.00    0.00    0.00    0.00
02:15:16 AM   23   18.09    0.00   35.11    0.00    0.00   30.85    0.00    0.00    0.00   15.96
02:15:16 AM   24    2.00    0.00    1.00    0.00    0.00    0.00    0.00    0.00    0.00   97.00
02:15:16 AM   25    1.01    0.00    0.00    0.00    0.00    0.00    0.00    0.00    0.00   98.99
02:15:16 AM   26    0.00    0.00    0.00    0.00    0.00    0.00    0.00    0.00    0.00  100.00
02:15:16 AM   27    0.00    0.00    0.00    0.00    0.00    0.00    0.00    0.00    0.00  100.00
02:15:16 AM   28    1.02    0.00    0.00    0.00    0.00    0.00    0.00    0.00    0.00   98.98
02:15:16 AM   29    0.00    0.00    1.02    0.00    0.00    0.00    0.00    0.00    0.00   98.98
02:15:16 AM   30    1.00    0.00    0.00    0.00    0.00    0.00    0.00    0.00    0.00   99.00
02:15:16 AM   31    1.96    0.00    1.96    0.00    0.00    0.00    0.00    0.00    0.00   96.08
02:15:16 AM   32    0.00    0.00    0.00    0.00    0.00    0.00    0.00    0.00    0.00  100.00
02:15:16 AM   33    0.00    0.00    0.00    0.00    0.00    0.00    0.00    0.00    0.00  100.00
02:15:16 AM   34    1.01    0.00    0.00    0.00    0.00    0.00    0.00    0.00    0.00   98.99
02:15:16 AM   35    1.01    0.00    0.00    0.00    0.00    0.00    0.00    0.00    0.00   98.99

02:15:16 AM  CPU    %usr   %nice    %sys %iowait    %irq   %soft  %steal  %guest  %gnice   %idle
02:15:17 AM  all    1.42    0.03    3.12    0.06    0.00    1.89    0.00    0.00    0.00   93.49
02:15:17 AM    0    0.92    0.00    0.92    0.00    0.00   10.09    0.00    0.00    0.00   88.07
02:15:17 AM    1    0.00    0.00    1.02    0.00    0.00    0.00    0.00    0.00    0.00   98.98
02:15:17 AM    2    0.00    0.00    0.00    0.00    0.00    0.00    0.00    0.00    0.00  100.00
02:15:17 AM    3    1.01    0.00    5.05    0.00    0.00    0.00    0.00    0.00    0.00   93.94
02:15:17 AM    4    1.00    0.00    1.00    0.00    0.00    0.00    0.00    0.00    0.00   98.00
02:15:17 AM    5    1.00    0.00    0.00    0.00    0.00    1.00    0.00    0.00    0.00   98.00
02:15:17 AM    6    0.00    0.00    0.00    0.00    0.00    0.00    0.00    0.00    0.00  100.00
02:15:17 AM    7    0.00    0.00    1.01    0.00    0.00    0.00    0.00    0.00    0.00   98.99
02:15:17 AM    8    0.00    0.00    0.00    0.00    0.00    0.00    0.00    0.00    0.00  100.00
02:15:17 AM    9    0.00    0.00    0.00    0.00    0.00    1.01    0.00    0.00    0.00   98.99
02:15:17 AM   10    0.99    0.00    0.99    0.00    0.00    0.00    0.00    0.00    0.00   98.02
02:15:17 AM   11    1.00    0.00    0.00    0.00    0.00    0.00    0.00    0.00    0.00   99.00
02:15:17 AM   12    1.00    0.00    0.00    0.00    0.00    0.00    0.00    0.00    0.00   99.00
02:15:17 AM   13    2.00    1.00    0.00    0.00    0.00    0.00    0.00    0.00    0.00   97.00
02:15:17 AM   14    1.00    0.00    0.00    0.00    0.00    0.00    0.00    0.00    0.00   99.00
02:15:17 AM   15    0.00    0.00    0.00    0.00    0.00    0.00    0.00    0.00    0.00  100.00
02:15:17 AM   16    0.00    0.00    0.00    0.00    0.00    0.00    0.00    0.00    0.00  100.00
02:15:17 AM   17    0.00    0.00    1.00    0.00    0.00    0.00    0.00    0.00    0.00   99.00
02:15:17 AM   18    0.00    0.00    0.99    0.00    0.00    0.00    0.00    0.00    0.00   99.01
02:15:17 AM   19    0.00    0.00    0.00    0.00    0.00    0.00    0.00    0.00    0.00  100.00
02:15:17 AM   20    0.00    0.00    0.00    0.00    0.00    0.00    0.00    0.00    0.00  100.00
02:15:17 AM   21    0.99    0.00    0.99    0.00    0.00    0.00    0.00    0.00    0.00   98.02
02:15:17 AM   22   18.81    0.00   50.50    0.00    0.00   30.69    0.00    0.00    0.00    0.00
02:15:17 AM   23   17.35    0.00   42.86    0.00    0.00   24.49    0.00    0.00    0.00   15.31
02:15:17 AM   24    1.00    0.00    1.00    0.00    0.00    0.00    0.00    0.00    0.00   98.00
02:15:17 AM   25    1.00    0.00    1.00    0.00    0.00    0.00    0.00    0.00    0.00   98.00
02:15:17 AM   26    1.00    0.00    0.00    1.00    0.00    0.00    0.00    0.00    0.00   98.00
02:15:17 AM   27    0.00    0.00    0.00    0.00    0.00    0.00    0.00    0.00    0.00  100.00
02:15:17 AM   28    0.00    0.00    0.00    0.00    0.00    0.00    0.00    0.00    0.00  100.00
02:15:17 AM   29    0.99    0.00    0.99    0.00    0.00    0.00    0.00    0.00    0.00   98.02
02:15:17 AM   30    0.00    0.00    1.00    0.00    0.00    0.00    0.00    0.00    0.00   99.00
02:15:17 AM   31    0.00    0.00    0.00    0.00    0.00    0.00    0.00    0.00    0.00  100.00
02:15:17 AM   32    0.00    0.00    1.00    0.00    0.00    0.00    0.00    0.00    0.00   99.00
02:15:17 AM   33    0.00    0.00    0.00    1.01    0.00    0.00    0.00    0.00    0.00   98.99
02:15:17 AM   34    0.00    0.00    1.01    0.00    0.00    0.00    0.00    0.00    0.00   98.99
02:15:17 AM   35    0.00    0.00    0.00    0.00    0.00    0.00    0.00    0.00    0.00  100.00

02:15:17 AM  CPU    %usr   %nice    %sys %iowait    %irq   %soft  %steal  %guest  %gnice   %idle
02:15:18 AM  all    2.13    0.00    2.77    0.08    0.00    1.90    0.00    0.00    0.00   93.12
02:15:18 AM    0    0.00    0.00    0.00    0.00    0.00   10.38    0.00    0.00    0.00   89.62
02:15:18 AM    1    2.94    0.00    0.98    0.00    0.00    0.00    0.00    0.00    0.00   96.08
02:15:18 AM    2    2.06    0.00    6.19    0.00    0.00    0.00    0.00    0.00    0.00   91.75
02:15:18 AM    3    2.04    0.00    1.02    0.00    0.00    0.00    0.00    0.00    0.00   96.94
02:15:18 AM    4    0.00    0.00    0.00    1.02    0.00    0.00    0.00    0.00    0.00   98.98
02:15:18 AM    5    0.00    0.00    0.00    0.00    0.00    0.00    0.00    0.00    0.00  100.00
02:15:18 AM    6    0.00    0.00    0.00    0.00    0.00    0.00    0.00    0.00    0.00  100.00
02:15:18 AM    7    0.00    0.00    0.00    0.00    0.00    0.00    0.00    0.00    0.00  100.00
02:15:18 AM    8    1.00    0.00    0.00    0.00    0.00    0.00    0.00    0.00    0.00   99.00
02:15:18 AM    9    1.00    0.00    0.00    0.00    0.00    0.00    0.00    0.00    0.00   99.00
02:15:18 AM   10    1.01    0.00    0.00    0.00    0.00    0.00    0.00    0.00    0.00   98.99
02:15:18 AM   11    1.02    0.00    1.02    1.02    0.00    0.00    0.00    0.00    0.00   96.94
02:15:18 AM   12    1.01    0.00    0.00    1.01    0.00    0.00    0.00    0.00    0.00   97.98
02:15:18 AM   13    2.00    0.00    1.00    0.00    0.00    0.00    0.00    0.00    0.00   97.00
02:15:18 AM   14    0.00    0.00    0.00    0.00    0.00    0.00    0.00    0.00    0.00  100.00
02:15:18 AM   15    2.00    0.00    0.00    0.00    0.00    0.00    0.00    0.00    0.00   98.00
02:15:18 AM   16    1.00    0.00    1.00    0.00    0.00    0.00    0.00    0.00    0.00   98.00
02:15:18 AM   17    0.00    0.00    0.00    0.00    0.00    0.00    0.00    0.00    0.00  100.00
02:15:18 AM   18    1.01    0.00    0.00    0.00    0.00    0.00    0.00    0.00    0.00   98.99
02:15:18 AM   19    3.00    0.00    1.00    0.00    0.00    0.00    0.00    0.00    0.00   96.00
02:15:18 AM   20    0.00    0.00    0.00    0.00    0.00    0.00    0.00    0.00    0.00  100.00
02:15:18 AM   21    1.01    0.00    0.00    0.00    0.00    0.00    0.00    0.00    0.00   98.99
02:15:18 AM   22   25.00    0.00   38.00    0.00    0.00   37.00    0.00    0.00    0.00    0.00
02:15:18 AM   23   24.74    0.00   42.27    0.00    0.00   20.62    0.00    0.00    0.00   12.37
02:15:18 AM   24    0.00    0.00    1.01    0.00    0.00    0.00    0.00    0.00    0.00   98.99
02:15:18 AM   25    2.00    0.00    0.00    0.00    0.00    0.00    0.00    0.00    0.00   98.00
02:15:18 AM   26    0.00    0.00    1.98    0.00    0.00    0.00    0.00    0.00    0.00   98.02
02:15:18 AM   27    0.99    0.00    0.99    0.00    0.00    0.00    0.00    0.00    0.00   98.02
02:15:18 AM   28    1.01    0.00    0.00    0.00    0.00    0.00    0.00    0.00    0.00   98.99
02:15:18 AM   29    0.00    0.00    0.00    0.00    0.00    0.00    0.00    0.00    0.00  100.00
02:15:18 AM   30    0.00    0.00    1.01    0.00    0.00    0.00    0.00    0.00    0.00   98.99
02:15:18 AM   31    0.00    0.00    0.00    0.00    0.00    0.00    0.00    0.00    0.00  100.00
02:15:18 AM   32    0.00    0.00    0.00    0.00    0.00    0.00    0.00    0.00    0.00  100.00
02:15:18 AM   33    0.00    0.00    0.00    0.00    0.00    0.00    0.00    0.00    0.00  100.00
02:15:18 AM   34    0.00    0.00    1.01    0.00    0.00    0.00    0.00    0.00    0.00   98.99
02:15:18 AM   35    0.99    0.00    1.98    0.00    0.00    0.00    0.00    0.00    0.00   97.03

02:15:18 AM  CPU    %usr   %nice    %sys %iowait    %irq   %soft  %steal  %guest  %gnice   %idle
02:15:19 AM  all    1.46    0.03    2.63    0.00    0.00    1.85    0.00    0.00    0.00   94.04
02:15:19 AM    0    0.00    0.00    0.00    0.00    0.00    9.52    0.00    0.00    0.00   90.48
02:15:19 AM    1    1.01    0.00    0.00    0.00    0.00    0.00    0.00    0.00    0.00   98.99
02:15:19 AM    2    0.00    0.00    0.00    0.00    0.00    0.00    0.00    0.00    0.00  100.00
02:15:19 AM    3    0.99    0.00    0.99    0.00    0.00    0.00    0.00    0.00    0.00   98.02
02:15:19 AM    4    0.00    0.00    0.00    0.00    0.00    0.00    0.00    0.00    0.00  100.00
02:15:19 AM    5    0.00    0.00    0.00    0.00    0.00    0.00    0.00    0.00    0.00  100.00
02:15:19 AM    6    1.01    0.00    0.00    0.00    0.00    0.00    0.00    0.00    0.00   98.99
02:15:19 AM    7    1.01    0.00    0.00    0.00    0.00    0.00    0.00    0.00    0.00   98.99
02:15:19 AM    8    0.00    0.00    0.00    0.00    0.00    0.00    0.00    0.00    0.00  100.00
02:15:19 AM    9    1.01    0.00    0.00    0.00    0.00    0.00    0.00    0.00    0.00   98.99
02:15:19 AM   10    0.00    0.00    0.00    0.00    0.00    0.00    0.00    0.00    0.00  100.00
02:15:19 AM   11    1.00    0.00    0.00    0.00    0.00    0.00    0.00    0.00    0.00   99.00
02:15:19 AM   12    1.01    0.00    0.00    0.00    0.00    0.00    0.00    0.00    0.00   98.99
02:15:19 AM   13    2.00    1.00    0.00    0.00    0.00    0.00    0.00    0.00    0.00   97.00
02:15:19 AM   14    0.00    0.00    0.00    0.00    0.00    0.00    0.00    0.00    0.00  100.00
02:15:19 AM   15    0.00    0.00    0.00    0.00    0.00    0.00    0.00    0.00    0.00  100.00
02:15:19 AM   16    1.00    0.00    0.00    0.00    0.00    0.00    0.00    0.00    0.00   99.00
02:15:19 AM   17    1.00    0.00    0.00    0.00    0.00    0.00    0.00    0.00    0.00   99.00
02:15:19 AM   18    1.00    0.00    0.00    0.00    0.00    0.00    0.00    0.00    0.00   99.00
02:15:19 AM   19    0.00    0.00    0.00    0.00    0.00    0.00    0.00    0.00    0.00  100.00
02:15:19 AM   20    0.00    0.00    0.00    0.00    0.00    0.00    0.00    0.00    0.00  100.00
02:15:19 AM   21    0.00    0.00    0.00    0.00    0.00    0.00    0.00    0.00    0.00  100.00
02:15:19 AM   22   23.23    0.00   44.44    0.00    0.00   32.32    0.00    0.00    0.00    0.00
02:15:19 AM   23   13.83    0.00   48.94    0.00    0.00   24.47    0.00    0.00    0.00   12.77
02:15:19 AM   24    1.00    0.00    1.00    0.00    0.00    0.00    0.00    0.00    0.00   98.00
02:15:19 AM   25    0.00    0.00    0.00    0.00    0.00    0.00    0.00    0.00    0.00  100.00
02:15:19 AM   26    0.00    0.00    0.00    0.00    0.00    0.00    0.00    0.00    0.00  100.00
02:15:19 AM   27    0.00    0.00    1.01    0.00    0.00    0.00    0.00    0.00    0.00   98.99
02:15:19 AM   28    0.00    0.00    0.00    0.00    0.00    0.00    0.00    0.00    0.00  100.00
02:15:19 AM   29    1.00    0.00    0.00    0.00    0.00    0.00    0.00    0.00    0.00   99.00
02:15:19 AM   30    0.00    0.00    0.00    0.00    0.00    0.00    0.00    0.00    0.00  100.00
02:15:19 AM   31    0.00    0.00    0.00    0.00    0.00    0.00    0.00    0.00    0.00  100.00
02:15:19 AM   32    0.99    0.00    0.00    0.00    0.00    0.99    0.00    0.00    0.00   98.02
02:15:19 AM   33    0.00    0.00    1.01    0.00    0.00    0.00    0.00    0.00    0.00   98.99
02:15:19 AM   34    1.00    0.00    0.00    0.00    0.00    0.00    0.00    0.00    0.00   99.00
02:15:19 AM   35    0.00    0.00    0.00    0.00    0.00    0.00    0.00    0.00    0.00  100.00

02:15:19 AM  CPU    %usr   %nice    %sys %iowait    %irq   %soft  %steal  %guest  %gnice   %idle
02:15:20 AM  all    1.59    0.03    2.94    0.08    0.00    1.98    0.00    0.00    0.00   93.37
02:15:20 AM    0    3.81    0.00    0.00    0.00    0.00    7.62    0.00    0.00    0.00   88.57
02:15:20 AM    1    0.00    0.00    0.00    0.00    0.00    1.01    0.00    0.00    0.00   98.99
02:15:20 AM    2    0.99    0.00    7.92    0.00    0.00    0.99    0.00    0.00    0.00   90.10
02:15:20 AM    3    0.00    0.00    0.00    0.00    0.00    0.00    0.00    0.00    0.00  100.00
02:15:20 AM    4    1.00    0.00    1.00    0.00    0.00    0.00    0.00    0.00    0.00   98.00
02:15:20 AM    5    1.01    0.00    0.00    0.00    0.00    0.00    0.00    0.00    0.00   98.99
02:15:20 AM    6    1.01    0.00    0.00    0.00    0.00    0.00    0.00    0.00    0.00   98.99
02:15:20 AM    7    1.00    0.00    0.00    0.00    0.00    0.00    0.00    0.00    0.00   99.00
02:15:20 AM    8    1.01    0.00    0.00    0.00    0.00    0.00    0.00    0.00    0.00   98.99
02:15:20 AM    9    0.00    1.00    1.00    0.00    0.00    0.00    0.00    0.00    0.00   98.00
02:15:20 AM   10    0.00    0.00    0.00    0.00    0.00    0.00    0.00    0.00    0.00  100.00
02:15:20 AM   11    0.00    0.00    0.00    0.00    0.00    0.00    0.00    0.00    0.00  100.00
02:15:20 AM   12    0.00    0.00    0.00    0.00    0.00    0.00    0.00    0.00    0.00  100.00
02:15:20 AM   13    0.00    0.00    1.01    0.00    0.00    0.00    0.00    0.00    0.00   98.99
02:15:20 AM   14    1.00    0.00    0.00    0.00    0.00    0.00    0.00    0.00    0.00   99.00
02:15:20 AM   15    0.00    0.00    0.00    0.00    0.00    0.00    0.00    0.00    0.00  100.00
02:15:20 AM   16    0.00    0.00    0.00    0.00    0.00    0.00    0.00    0.00    0.00  100.00
02:15:20 AM   17    0.00    0.00    0.00    0.00    0.00    0.00    0.00    0.00    0.00  100.00
02:15:20 AM   18    1.01    0.00    0.00    0.00    0.00    0.00    0.00    0.00    0.00   98.99
02:15:20 AM   19    0.00    0.00    0.00    0.00    0.00    0.00    0.00    0.00    0.00  100.00
02:15:20 AM   20    0.00    0.00    1.01    1.01    0.00    0.00    0.00    0.00    0.00   97.98
02:15:20 AM   21    1.00    0.00    0.00    0.00    0.00    0.00    0.00    0.00    0.00   99.00
02:15:20 AM   22   18.81    0.00   48.51    0.00    0.00   32.67    0.00    0.00    0.00    0.00
02:15:20 AM   23   16.67    0.00   40.62    0.00    0.00   29.17    0.00    0.00    0.00   13.54
02:15:20 AM   24    1.01    0.00    0.00    0.00    0.00    0.00    0.00    0.00    0.00   98.99
02:15:20 AM   25    1.00    0.00    1.00    0.00    0.00    0.00    0.00    0.00    0.00   98.00
02:15:20 AM   26    1.01    0.00    0.00    0.00    0.00    0.00    0.00    0.00    0.00   98.99
02:15:20 AM   27    0.00    0.00    0.00    0.00    0.00    0.00    0.00    0.00    0.00  100.00
02:15:20 AM   28    0.00    0.00    0.00    0.00    0.00    0.00    0.00    0.00    0.00  100.00
02:15:20 AM   29    0.00    0.00    0.00    0.00    0.00    0.00    0.00    0.00    0.00  100.00
02:15:20 AM   30    1.01    0.00    0.00    0.00    0.00    0.00    0.00    0.00    0.00   98.99
02:15:20 AM   31    0.00    0.00    1.01    0.00    0.00    0.00    0.00    0.00    0.00   98.99
02:15:20 AM   32    1.00    0.00    1.00    1.00    0.00    0.00    0.00    0.00    0.00   97.00
02:15:20 AM   33    2.00    0.00    1.00    0.00    0.00    0.00    0.00    0.00    0.00   97.00
02:15:20 AM   34    1.02    0.00    0.00    0.00    0.00    0.00    0.00    0.00    0.00   98.98
02:15:20 AM   35    0.99    0.00    0.99    0.99    0.00    0.00    0.00    0.00    0.00   97.03

02:15:20 AM  CPU    %usr   %nice    %sys %iowait    %irq   %soft  %steal  %guest  %gnice   %idle
02:15:21 AM  all    2.00    0.03    3.34    0.00    0.00    1.98    0.00    0.00    0.00   92.65
02:15:21 AM    0    0.00    0.00    0.93    0.00    0.00    9.35    0.00    0.00    0.00   89.72
02:15:21 AM    1    0.98    0.00    0.98    0.00    0.00    0.98    0.00    0.00    0.00   97.06
02:15:21 AM    2    1.00    0.00    0.00    0.00    0.00    0.00    0.00    0.00    0.00   99.00
02:15:21 AM    3    8.16    0.00    5.10    0.00    0.00    0.00    0.00    0.00    0.00   86.73
02:15:21 AM    4    1.00    0.00    0.00    0.00    0.00    0.00    0.00    0.00    0.00   99.00
02:15:21 AM    5    1.00    0.00    1.00    0.00    0.00    0.00    0.00    0.00    0.00   98.00
02:15:21 AM    6    0.00    0.00    0.00    0.00    0.00    0.00    0.00    0.00    0.00  100.00
02:15:21 AM    7    1.01    0.00    0.00    0.00    0.00    0.00    0.00    0.00    0.00   98.99
02:15:21 AM    8    1.00    0.00    1.00    0.00    0.00    0.00    0.00    0.00    0.00   98.00
02:15:21 AM    9    1.00    0.00    0.00    0.00    0.00    0.00    0.00    0.00    0.00   99.00
02:15:21 AM   10    1.00    0.00    1.00    0.00    0.00    0.00    0.00    0.00    0.00   98.00
02:15:21 AM   11    0.99    0.00    0.00    0.00    0.00    0.99    0.00    0.00    0.00   98.02
02:15:21 AM   12    1.00    0.00    1.00    0.00    0.00    0.00    0.00    0.00    0.00   98.00
02:15:21 AM   13    1.00    1.00    0.00    0.00    0.00    0.00    0.00    0.00    0.00   98.00
02:15:21 AM   14    0.00    0.00    0.00    0.00    0.00    0.00    0.00    0.00    0.00  100.00
02:15:21 AM   15    5.15    0.00    0.00    0.00    0.00    0.00    0.00    0.00    0.00   94.85
02:15:21 AM   16    0.00    0.00    1.01    0.00    0.00    0.00    0.00    0.00    0.00   98.99
02:15:21 AM   17    0.00    0.00    1.01    0.00    0.00    0.00    0.00    0.00    0.00   98.99
02:15:21 AM   18    0.00    0.00    0.00    0.00    0.00    0.00    0.00    0.00    0.00  100.00
02:15:21 AM   19    1.01    0.00    0.00    0.00    0.00    0.00    0.00    0.00    0.00   98.99
02:15:21 AM   20    0.00    0.00    0.00    0.00    0.00    0.00    0.00    0.00    0.00  100.00
02:15:21 AM   21    1.01    0.00    1.01    0.00    0.00    0.00    0.00    0.00    0.00   97.98
02:15:21 AM   22   20.00    0.00   50.00    0.00    0.00   30.00    0.00    0.00    0.00    0.00
02:15:21 AM   23   17.65    0.00   50.00    0.00    0.00   28.43    0.00    0.00    0.00    3.92
02:15:21 AM   24    0.99    0.00    0.99    0.00    0.00    0.00    0.00    0.00    0.00   98.02
02:15:21 AM   25    0.00    0.00    0.00    0.00    0.00    0.00    0.00    0.00    0.00  100.00
02:15:21 AM   26    0.00    0.00    0.00    0.00    0.00    0.00    0.00    0.00    0.00  100.00
02:15:21 AM   27    0.00    0.00    1.01    0.00    0.00    0.00    0.00    0.00    0.00   98.99
02:15:21 AM   28    0.00    0.00    0.00    0.00    0.00    0.00    0.00    0.00    0.00  100.00
02:15:21 AM   29    1.01    0.00    0.00    0.00    0.00    0.00    0.00    0.00    0.00   98.99
02:15:21 AM   30    0.00    0.00    0.00    0.00    0.00    0.00    0.00    0.00    0.00  100.00
02:15:21 AM   31    0.00    0.00    1.00    0.00    0.00    0.00    0.00    0.00    0.00   99.00
02:15:21 AM   32    1.98    0.00    0.99    0.00    0.00    0.00    0.00    0.00    0.00   97.03
02:15:21 AM   33    1.00    0.00    0.00    0.00    0.00    0.00    0.00    0.00    0.00   99.00
02:15:21 AM   34    1.96    0.00    0.98    0.00    0.00    0.00    0.00    0.00    0.00   97.06
02:15:21 AM   35    1.01    0.00    0.00    0.00    0.00    0.00    0.00    0.00    0.00   98.99

02:15:21 AM  CPU    %usr   %nice    %sys %iowait    %irq   %soft  %steal  %guest  %gnice   %idle
02:15:22 AM  all    1.81    0.00    3.09    0.08    0.00    1.75    0.00    0.00    0.00   93.26
02:15:22 AM    0    0.95    0.00    0.95    0.00    0.00    6.67    0.00    0.00    0.00   91.43
02:15:22 AM    1    0.00    0.00    0.00    0.00    0.00    0.00    0.00    0.00    0.00  100.00
02:15:22 AM    2    0.00    0.00    1.00    0.00    0.00    0.00    0.00    0.00    0.00   99.00
02:15:22 AM    3    0.00    0.00    0.00    0.00    0.00    0.00    0.00    0.00    0.00  100.00
02:15:22 AM    4    0.00    0.00    1.01    0.00    0.00    0.00    0.00    0.00    0.00   98.99
02:15:22 AM    5    1.00    0.00    0.00    0.00    0.00    0.00    0.00    0.00    0.00   99.00
02:15:22 AM    6    1.00    0.00    0.00    1.00    0.00    0.00    0.00    0.00    0.00   98.00
02:15:22 AM    7    1.01    0.00    0.00    0.00    0.00    0.00    0.00    0.00    0.00   98.99
02:15:22 AM    8    1.01    0.00    0.00    0.00    0.00    0.00    0.00    0.00    0.00   98.99
02:15:22 AM    9    1.00    0.00    1.00    0.00    0.00    0.00    0.00    0.00    0.00   98.00
02:15:22 AM   10    1.00    0.00    0.00    0.00    0.00    1.00    0.00    0.00    0.00   98.00
02:15:22 AM   11    2.00    0.00    0.00    0.00    0.00    0.00    0.00    0.00    0.00   98.00
02:15:22 AM   12    1.00    0.00    0.00    1.00    0.00    0.00    0.00    0.00    0.00   98.00
02:15:22 AM   13    1.00    0.00    0.00    0.00    0.00    0.00    0.00    0.00    0.00   99.00
02:15:22 AM   14    0.99    0.00    0.99    0.00    0.00    0.00    0.00    0.00    0.00   98.02
02:15:22 AM   15    1.00    0.00    0.00    0.00    0.00    0.00    0.00    0.00    0.00   99.00
02:15:22 AM   16    1.02    0.00    0.00    0.00    0.00    0.00    0.00    0.00    0.00   98.98
02:15:22 AM   17    1.01    0.00    0.00    0.00    0.00    0.00    0.00    0.00    0.00   98.99
02:15:22 AM   18    1.00    0.00    1.00    0.00    0.00    0.00    0.00    0.00    0.00   98.00
02:15:22 AM   19    0.00    0.00    1.00    0.00    0.00    0.00    0.00    0.00    0.00   99.00
02:15:22 AM   20    1.00    0.00    0.00    0.00    0.00    0.00    0.00    0.00    0.00   99.00
02:15:22 AM   21    1.00    0.00    0.00    0.00    0.00    0.00    0.00    0.00    0.00   99.00
02:15:22 AM   22   18.00    0.00   53.00    0.00    0.00   29.00    0.00    0.00    0.00    0.00
02:15:22 AM   23   21.00    0.00   48.00    0.00    0.00   26.00    0.00    0.00    0.00    5.00
02:15:22 AM   24    0.00    0.00    1.01    0.00    0.00    0.00    0.00    0.00    0.00   98.99
02:15:22 AM   25    1.01    0.00    0.00    0.00    0.00    0.00    0.00    0.00    0.00   98.99
02:15:22 AM   26    0.00    0.00    0.00    1.01    0.00    0.00    0.00    0.00    0.00   98.99
02:15:22 AM   27    0.99    0.00    0.99    0.00    0.00    0.00    0.00    0.00    0.00   98.02
02:15:22 AM   28    0.00    0.00    0.00    0.00    0.00    0.00    0.00    0.00    0.00  100.00
02:15:22 AM   29    0.00    0.00    0.00    0.00    0.00    0.00    0.00    0.00    0.00  100.00
02:15:22 AM   30    1.00    0.00    0.00    0.00    0.00    0.00    0.00    0.00    0.00   99.00
02:15:22 AM   31    1.00    0.00    0.00    0.00    0.00    0.00    0.00    0.00    0.00   99.00
02:15:22 AM   32    0.00    0.00    0.00    0.00    0.00    0.00    0.00    0.00    0.00  100.00
02:15:22 AM   33    1.00    0.00    1.00    0.00    0.00    0.00    0.00    0.00    0.00   98.00
02:15:22 AM   34    1.01    0.00    0.00    0.00    0.00    0.00    0.00    0.00    0.00   98.99
02:15:22 AM   35    1.98    0.00    0.00    0.00    0.00    0.00    0.00    0.00    0.00   98.02

Average:     CPU    %usr   %nice    %sys %iowait    %irq   %soft  %steal  %guest  %gnice   %idle
Average:     all    1.85    0.02    2.92    0.06    0.00    1.87    0.00    0.00    0.00   93.29
Average:       0    1.42    0.00    0.47    0.09    0.00    8.25    0.00    0.00    0.00   89.75
Average:       1    1.01    0.00    0.30    0.00    0.00    0.40    0.00    0.00    0.00   98.29
Average:       2    0.81    0.00    1.51    0.00    0.00    0.20    0.00    0.00    0.00   97.48
Average:       3    2.23    0.00    3.14    0.00    0.00    0.00    0.00    0.00    0.00   94.64
Average:       4    0.61    0.00    0.30    0.10    0.00    0.00    0.00    0.00    0.00   98.99
Average:       5    0.71    0.00    0.20    0.00    0.00    0.20    0.00    0.00    0.00   98.89
Average:       6    0.71    0.00    0.20    0.10    0.00    0.00    0.00    0.00    0.00   98.99
Average:       7    0.91    0.00    0.20    0.00    0.00    0.00    0.00    0.00    0.00   98.89
Average:       8    1.01    0.00    0.20    0.20    0.00    0.00    0.00    0.00    0.00   98.59
Average:       9    0.70    0.10    0.30    0.00    0.00    0.10    0.00    0.00    0.00   98.79
Average:      10    0.70    0.00    0.40    0.00    0.00    0.10    0.00    0.00    0.00   98.79
Average:      11    0.90    0.00    0.30    0.20    0.00    0.10    0.00    0.00    0.00   98.49
Average:      12    0.91    0.00    0.30    0.20    0.00    0.00    0.00    0.00    0.00   98.59
Average:      13    1.40    0.50    0.30    0.20    0.00    0.00    0.00    0.00    0.00   97.60
Average:      14    0.70    0.00    0.10    0.00    0.00    0.00    0.00    0.00    0.00   99.20
Average:      15    1.41    0.00    0.10    0.10    0.00    0.00    0.00    0.00    0.00   98.39
Average:      16    0.61    0.00    0.40    0.00    0.00    0.00    0.00    0.00    0.00   98.99
Average:      17    0.60    0.00    0.30    0.00    0.00    0.10    0.00    0.00    0.00   98.99
Average:      18    0.90    0.00    0.40    0.10    0.00    0.00    0.00    0.00    0.00   98.60
Average:      19    0.80    0.00    0.40    0.10    0.00    0.00    0.00    0.00    0.00   98.69
Average:      20    0.40    0.00    0.30    0.10    0.00    0.10    0.00    0.00    0.00   99.09
Average:      21    0.80    0.00    0.20    0.00    0.00    0.00    0.00    0.00    0.00   98.99
Average:      22   19.60    0.00   47.70    0.00    0.00   31.10    0.00    0.00    0.00    1.60
Average:      23   17.45    0.00   42.71    0.00    0.00   26.18    0.00    0.00    0.00   13.66
Average:      24    1.10    0.00    0.70    0.00    0.00    0.00    0.00    0.00    0.00   98.19
Average:      25    0.81    0.00    0.40    0.00    0.00    0.00    0.00    0.00    0.00   98.79
Average:      26    0.50    0.00    0.20    0.20    0.00    0.10    0.00    0.00    0.00   98.99
Average:      27    0.40    0.00    0.60    0.00    0.00    0.00    0.00    0.00    0.00   98.99
Average:      28    0.40    0.00    0.10    0.00    0.00    0.00    0.00    0.00    0.00   99.49
Average:      29    0.71    0.00    0.50    0.00    0.00    0.00    0.00    0.00    0.00   98.79
Average:      30    0.81    0.00    0.30    0.00    0.00    0.00    0.00    0.00    0.00   98.89
Average:      31    0.60    0.00    0.50    0.00    0.00    0.00    0.00    0.00    0.00   98.89
Average:      32    1.20    0.00    0.50    0.10    0.00    0.10    0.00    0.00    0.00   98.09
Average:      33    0.80    0.00    0.40    0.10    0.00    0.00    0.00    0.00    0.00   98.69
Average:      34    1.00    0.00    0.50    0.10    0.00    0.00    0.00    0.00    0.00   98.39
Average:      35    1.00    0.00    0.30    0.10    0.00    0.00    0.00    0.00    0.00   98.59
