Linux 5.15.0-186-generic (rapids4) 	08/11/2026 	_x86_64_	(36 CPU)

01:23:22 AM  CPU    %usr   %nice    %sys %iowait    %irq   %soft  %steal  %guest  %gnice   %idle
01:23:23 AM  all    4.83    0.00    1.52    0.06    0.00    0.20    0.00    0.00    0.00   93.40
01:23:23 AM    0    7.14    0.00    3.06    0.00    0.00    1.02    0.00    0.00    0.00   88.78
01:23:23 AM    1    9.00    0.00   10.00    0.00    0.00    1.00    0.00    0.00    0.00   80.00
01:23:23 AM    2    4.21    0.00    2.11    0.00    0.00    0.00    0.00    0.00    0.00   93.68
01:23:23 AM    3    8.00    0.00    4.00    0.00    0.00    0.00    0.00    0.00    0.00   88.00
01:23:23 AM    4    4.12    0.00    1.03    0.00    0.00    1.03    0.00    0.00    0.00   93.81
01:23:23 AM    5    4.17    0.00    2.08    0.00    0.00    0.00    0.00    0.00    0.00   93.75
01:23:23 AM    6    8.16    0.00    2.04    0.00    0.00    0.00    0.00    0.00    0.00   89.80
01:23:23 AM    7    4.12    0.00    2.06    0.00    0.00    0.00    0.00    0.00    0.00   93.81
01:23:23 AM    8    5.10    0.00    2.04    1.02    0.00    0.00    0.00    0.00    0.00   91.84
01:23:23 AM    9    6.32    0.00    0.00    0.00    0.00    0.00    0.00    0.00    0.00   93.68
01:23:23 AM   10    7.14    0.00    2.04    0.00    0.00    0.00    0.00    0.00    0.00   90.82
01:23:23 AM   11   10.20    0.00    4.08    1.02    0.00    0.00    0.00    0.00    0.00   84.69
01:23:23 AM   12    4.04    0.00    2.02    0.00    0.00    0.00    0.00    0.00    0.00   93.94
01:23:23 AM   13    5.05    0.00    1.01    0.00    0.00    0.00    0.00    0.00    0.00   93.94
01:23:23 AM   14    5.10    0.00    2.04    0.00    0.00    0.00    0.00    0.00    0.00   92.86
01:23:23 AM   15    5.10    0.00    3.06    0.00    0.00    0.00    0.00    0.00    0.00   91.84
01:23:23 AM   16    5.15    0.00    3.09    0.00    0.00    0.00    0.00    0.00    0.00   91.75
01:23:23 AM   17    1.01    0.00    2.02    0.00    0.00    0.00    0.00    0.00    0.00   96.97
01:23:23 AM   18    0.00    0.00    0.00    0.00    0.00    0.00    0.00    0.00    0.00  100.00
01:23:23 AM   19    0.00    0.00    0.00    0.00    0.00    0.00    0.00    0.00    0.00  100.00
01:23:23 AM   20    0.00    0.00    0.00    0.00    0.00    0.00    0.00    0.00    0.00  100.00
01:23:23 AM   21    0.00    0.00    0.00    0.00    0.00    0.00    0.00    0.00    0.00  100.00
01:23:23 AM   22    0.00    0.00    0.00    0.00    0.00    0.00    0.00    0.00    0.00  100.00
01:23:23 AM   23    0.00    0.00    0.00    0.00    0.00    0.00    0.00    0.00    0.00  100.00
01:23:23 AM   24    0.00    0.00    0.00    0.00    0.00    0.00    0.00    0.00    0.00  100.00
01:23:23 AM   25    0.00    0.00    0.00    0.00    0.00    0.00    0.00    0.00    0.00  100.00
01:23:23 AM   26   38.61    0.00    3.96    0.00    0.00    2.97    0.00    0.00    0.00   54.46
01:23:23 AM   27   32.32    0.00    2.02    0.00    0.00    1.01    0.00    0.00    0.00   64.65
01:23:23 AM   28    0.00    0.00    0.99    0.00    0.00    0.00    0.00    0.00    0.00   99.01
01:23:23 AM   29    0.00    0.00    0.00    0.00    0.00    0.00    0.00    0.00    0.00  100.00
01:23:23 AM   30    0.00    0.00    0.00    0.00    0.00    0.00    0.00    0.00    0.00  100.00
01:23:23 AM   31    0.00    0.00    0.00    0.00    0.00    0.00    0.00    0.00    0.00  100.00
01:23:23 AM   32    0.00    0.00    0.00    0.00    0.00    0.00    0.00    0.00    0.00  100.00
01:23:23 AM   33    0.00    0.00    0.00    0.00    0.00    0.00    0.00    0.00    0.00  100.00
01:23:23 AM   34    0.00    0.00    0.00    0.00    0.00    0.00    0.00    0.00    0.00  100.00
01:23:23 AM   35    0.00    0.00    0.00    0.00    0.00    0.00    0.00    0.00    0.00  100.00

01:23:23 AM  CPU    %usr   %nice    %sys %iowait    %irq   %soft  %steal  %guest  %gnice   %idle
01:23:24 AM  all    7.41    0.00    2.14    0.00    0.00    0.34    0.00    0.00    0.00   90.11
01:23:24 AM    0    5.26    0.00    1.05    0.00    0.00    0.00    0.00    0.00    0.00   93.68
01:23:24 AM    1   10.00    0.00    4.00    0.00    0.00    3.00    0.00    0.00    0.00   83.00
01:23:24 AM    2    4.08    0.00    2.04    0.00    0.00    2.04    0.00    0.00    0.00   91.84
01:23:24 AM    3    4.17    0.00    2.08    0.00    0.00    0.00    0.00    0.00    0.00   93.75
01:23:24 AM    4    7.07    0.00    3.03    0.00    0.00    1.01    0.00    0.00    0.00   88.89
01:23:24 AM    5    8.08    0.00    3.03    0.00    0.00    0.00    0.00    0.00    0.00   88.89
01:23:24 AM    6    3.16    0.00    3.16    0.00    0.00    0.00    0.00    0.00    0.00   93.68
01:23:24 AM    7    4.17    0.00    2.08    0.00    0.00    1.04    0.00    0.00    0.00   92.71
01:23:24 AM    8    4.17    0.00    3.12    0.00    0.00    0.00    0.00    0.00    0.00   92.71
01:23:24 AM    9   10.10    0.00    3.03    0.00    0.00    0.00    0.00    0.00    0.00   86.87
01:23:24 AM   10    5.15    0.00    4.12    0.00    0.00    0.00    0.00    0.00    0.00   90.72
01:23:24 AM   11    3.12    0.00    2.08    0.00    0.00    0.00    0.00    0.00    0.00   94.79
01:23:24 AM   12    8.08    0.00    2.02    0.00    0.00    0.00    0.00    0.00    0.00   89.90
01:23:24 AM   13    5.15    0.00    3.09    0.00    0.00    1.03    0.00    0.00    0.00   90.72
01:23:24 AM   14   10.00    0.00   15.00    0.00    0.00    1.00    0.00    0.00    0.00   74.00
01:23:24 AM   15    7.14    0.00    1.02    0.00    0.00    0.00    0.00    0.00    0.00   91.84
01:23:24 AM   16    4.17    0.00    2.08    0.00    0.00    0.00    0.00    0.00    0.00   93.75
01:23:24 AM   17    2.08    0.00    0.00    0.00    0.00    0.00    0.00    0.00    0.00   97.92
01:23:24 AM   18    0.00    0.00    0.00    0.00    0.00    0.00    0.00    0.00    0.00  100.00
01:23:24 AM   19    0.00    0.00    0.00    0.00    0.00    0.00    0.00    0.00    0.00  100.00
01:23:24 AM   20    0.00    0.00    0.00    0.00    0.00    0.00    0.00    0.00    0.00  100.00
01:23:24 AM   21    0.00    0.00    0.00    0.00    0.00    0.00    0.00    0.00    0.00  100.00
01:23:24 AM   22    0.00    0.00    0.00    0.00    0.00    0.00    0.00    0.00    0.00  100.00
01:23:24 AM   23    0.00    0.00    0.00    0.00    0.00    0.00    0.00    0.00    0.00  100.00
01:23:24 AM   24    0.00    0.00    0.00    0.00    0.00    0.00    0.00    0.00    0.00  100.00
01:23:24 AM   25    0.00    0.00    0.00    0.00    0.00    0.00    0.00    0.00    0.00  100.00
01:23:24 AM   26   84.00    0.00   14.00    0.00    0.00    2.00    0.00    0.00    0.00    0.00
01:23:24 AM   27   75.25    0.00    6.93    0.00    0.00    0.99    0.00    0.00    0.00   16.83
01:23:24 AM   28    0.00    0.00    0.00    0.00    0.00    0.00    0.00    0.00    0.00  100.00
01:23:24 AM   29    0.00    0.00    0.00    0.00    0.00    0.00    0.00    0.00    0.00  100.00
01:23:24 AM   30    0.00    0.00    0.00    0.00    0.00    0.00    0.00    0.00    0.00  100.00
01:23:24 AM   31    0.00    0.00    0.00    0.00    0.00    0.00    0.00    0.00    0.00  100.00
01:23:24 AM   32    0.00    0.00    0.00    0.00    0.00    0.00    0.00    0.00    0.00  100.00
01:23:24 AM   33    0.00    0.00    0.00    0.00    0.00    0.00    0.00    0.00    0.00  100.00
01:23:24 AM   34    0.00    0.00    0.00    0.00    0.00    0.00    0.00    0.00    0.00  100.00
01:23:24 AM   35    0.00    0.00    0.00    0.00    0.00    0.00    0.00    0.00    0.00  100.00

01:23:24 AM  CPU    %usr   %nice    %sys %iowait    %irq   %soft  %steal  %guest  %gnice   %idle
01:23:25 AM  all    7.08    0.00    1.60    0.06    0.00    0.28    0.00    0.00    0.00   90.98
01:23:25 AM    0    7.22    0.00    1.03    0.00    0.00    1.03    0.00    0.00    0.00   90.72
01:23:25 AM    1    6.12    0.00    2.04    0.00    0.00    1.02    0.00    0.00    0.00   90.82
01:23:25 AM    2    3.09    0.00    4.12    0.00    0.00    1.03    0.00    0.00    0.00   91.75
01:23:25 AM    3    5.10    0.00    3.06    0.00    0.00    0.00    0.00    0.00    0.00   91.84
01:23:25 AM    4    5.15    0.00    2.06    0.00    0.00    0.00    0.00    0.00    0.00   92.78
01:23:25 AM    5    7.22    0.00    1.03    0.00    0.00    0.00    0.00    0.00    0.00   91.75
01:23:25 AM    6    4.12    0.00    2.06    0.00    0.00    0.00    0.00    0.00    0.00   93.81
01:23:25 AM    7    6.19    0.00    1.03    0.00    0.00    0.00    0.00    0.00    0.00   92.78
01:23:25 AM    8    5.26    0.00    1.05    0.00    0.00    0.00    0.00    0.00    0.00   93.68
01:23:25 AM    9    5.15    0.00    1.03    0.00    0.00    0.00    0.00    0.00    0.00   93.81
01:23:25 AM   10    4.04    0.00    5.05    0.00    0.00    0.00    0.00    0.00    0.00   90.91
01:23:25 AM   11    3.12    0.00    2.08    0.00    0.00    1.04    0.00    0.00    0.00   93.75
01:23:25 AM   12    4.17    0.00    3.12    0.00    0.00    0.00    0.00    0.00    0.00   92.71
01:23:25 AM   13    3.09    0.00    3.09    1.03    0.00    0.00    0.00    0.00    0.00   92.78
01:23:25 AM   14    7.07    0.00    2.02    0.00    0.00    0.00    0.00    0.00    0.00   90.91
01:23:25 AM   15    6.06    0.00    2.02    0.00    0.00    0.00    0.00    0.00    0.00   91.92
01:23:25 AM   16    7.07    0.00    1.01    0.00    0.00    0.00    0.00    0.00    0.00   91.92
01:23:25 AM   17    4.90    0.00    1.96    0.00    0.00    0.00    0.00    0.00    0.00   93.14
01:23:25 AM   18    0.00    0.00    0.00    0.00    0.00    0.00    0.00    0.00    0.00  100.00
01:23:25 AM   19    0.00    0.00    0.00    0.00    0.00    0.00    0.00    0.00    0.00  100.00
01:23:25 AM   20    0.00    0.00    0.00    0.00    0.00    0.00    0.00    0.00    0.00  100.00
01:23:25 AM   21    0.00    0.00    0.00    0.00    0.00    0.00    0.00    0.00    0.00  100.00
01:23:25 AM   22    0.00    0.00    0.00    0.00    0.00    0.00    0.00    0.00    0.00  100.00
01:23:25 AM   23    0.00    0.00    0.00    0.00    0.00    0.00    0.00    0.00    0.00  100.00
01:23:25 AM   24    0.00    0.00    0.00    0.00    0.00    0.00    0.00    0.00    0.00  100.00
01:23:25 AM   25    0.00    0.00    0.00    0.00    0.00    0.00    0.00    0.00    0.00  100.00
01:23:25 AM   26   84.85    0.00   12.12    0.00    0.00    3.03    0.00    0.00    0.00    0.00
01:23:25 AM   27   73.79    0.00    6.80    0.00    0.00    2.91    0.00    0.00    0.00   16.50
01:23:25 AM   28    0.00    0.00    0.00    0.00    0.00    0.00    0.00    0.00    0.00  100.00
01:23:25 AM   29    0.00    0.00    0.00    0.00    0.00    0.00    0.00    0.00    0.00  100.00
01:23:25 AM   30    0.00    0.00    0.00    0.00    0.00    0.00    0.00    0.00    0.00  100.00
01:23:25 AM   31    0.00    0.00    0.00    0.00    0.00    0.00    0.00    0.00    0.00  100.00
01:23:25 AM   32    0.00    0.00    0.00    0.00    0.00    0.00    0.00    0.00    0.00  100.00
01:23:25 AM   33    0.00    0.00    0.00    0.00    0.00    0.00    0.00    0.00    0.00  100.00
01:23:25 AM   34    0.00    0.00    0.00    0.99    0.00    0.00    0.00    0.00    0.00   99.01
01:23:25 AM   35    0.00    0.00    0.00    0.00    0.00    0.00    0.00    0.00    0.00  100.00

01:23:25 AM  CPU    %usr   %nice    %sys %iowait    %irq   %soft  %steal  %guest  %gnice   %idle
01:23:26 AM  all    6.62    0.00    1.83    0.06    0.00    0.31    0.00    0.00    0.00   91.18
01:23:26 AM    0    3.09    0.00    1.03    1.03    0.00    2.06    0.00    0.00    0.00   92.78
01:23:26 AM    1   10.10    0.00    1.01    0.00    0.00    2.02    0.00    0.00    0.00   86.87
01:23:26 AM    2    2.08    0.00    2.08    0.00    0.00    0.00    0.00    0.00    0.00   95.83
01:23:26 AM    3    5.26    0.00    0.00    0.00    0.00    0.00    0.00    0.00    0.00   94.74
01:23:26 AM    4    5.15    0.00    2.06    0.00    0.00    0.00    0.00    0.00    0.00   92.78
01:23:26 AM    5    4.08    0.00    3.06    0.00    0.00    0.00    0.00    0.00    0.00   92.86
01:23:26 AM    6    4.21    0.00    1.05    0.00    0.00    0.00    0.00    0.00    0.00   94.74
01:23:26 AM    7    4.17    0.00    2.08    1.04    0.00    0.00    0.00    0.00    0.00   92.71
01:23:26 AM    8    3.12    0.00    2.08    0.00    0.00    0.00    0.00    0.00    0.00   94.79
01:23:26 AM    9    4.04    0.00    4.04    0.00    0.00    0.00    0.00    0.00    0.00   91.92
01:23:26 AM   10    4.08    0.00    2.04    0.00    0.00    0.00    0.00    0.00    0.00   93.88
01:23:26 AM   11    3.06    0.00    4.08    0.00    0.00    0.00    0.00    0.00    0.00   92.86
01:23:26 AM   12    2.06    0.00    1.03    0.00    0.00    1.03    0.00    0.00    0.00   95.88
01:23:26 AM   13    2.00    0.00    6.00    0.00    0.00    0.00    0.00    0.00    0.00   92.00
01:23:26 AM   14    6.06    0.00    2.02    0.00    0.00    0.00    0.00    0.00    0.00   91.92
01:23:26 AM   15    2.11    0.00    3.16    0.00    0.00    0.00    0.00    0.00    0.00   94.74
01:23:26 AM   16    8.08    0.00    4.04    0.00    0.00    1.01    0.00    0.00    0.00   86.87
01:23:26 AM   17    3.16    0.00    7.37    0.00    0.00    0.00    0.00    0.00    0.00   89.47
01:23:26 AM   18    0.00    0.00    0.00    0.00    0.00    0.00    0.00    0.00    0.00  100.00
01:23:26 AM   19    0.00    0.00    0.00    0.00    0.00    0.00    0.00    0.00    0.00  100.00
01:23:26 AM   20    0.00    0.00    0.00    0.00    0.00    0.00    0.00    0.00    0.00  100.00
01:23:26 AM   21    0.00    0.00    0.00    0.00    0.00    0.00    0.00    0.00    0.00  100.00
01:23:26 AM   22    0.00    0.00    0.00    0.00    0.00    0.00    0.00    0.00    0.00  100.00
01:23:26 AM   23    0.00    0.00    0.00    0.00    0.00    0.00    0.00    0.00    0.00  100.00
01:23:26 AM   24    0.00    0.00    0.00    0.00    0.00    0.00    0.00    0.00    0.00  100.00
01:23:26 AM   25    0.00    0.00    0.00    0.00    0.00    0.00    0.00    0.00    0.00  100.00
01:23:26 AM   26   84.16    0.00   11.88    0.00    0.00    3.96    0.00    0.00    0.00    0.00
01:23:26 AM   27   75.25    0.00    5.94    0.00    0.00    0.99    0.00    0.00    0.00   17.82
01:23:26 AM   28    0.00    0.00    0.00    0.00    0.00    0.00    0.00    0.00    0.00  100.00
01:23:26 AM   29    0.00    0.00    0.00    0.00    0.00    0.00    0.00    0.00    0.00  100.00
01:23:26 AM   30    0.00    0.00    0.00    0.00    0.00    0.00    0.00    0.00    0.00  100.00
01:23:26 AM   31    0.00    0.00    0.00    0.00    0.00    0.00    0.00    0.00    0.00  100.00
01:23:26 AM   32    0.00    0.00    0.00    0.00    0.00    0.00    0.00    0.00    0.00  100.00
01:23:26 AM   33    0.00    0.00    0.00    0.00    0.00    0.00    0.00    0.00    0.00  100.00
01:23:26 AM   34    0.00    0.00    0.00    0.00    0.00    0.00    0.00    0.00    0.00  100.00
01:23:26 AM   35    0.00    0.00    0.00    0.00    0.00    0.00    0.00    0.00    0.00  100.00

01:23:26 AM  CPU    %usr   %nice    %sys %iowait    %irq   %soft  %steal  %guest  %gnice   %idle
01:23:27 AM  all    7.43    0.00    1.55    0.03    0.00    0.37    0.00    0.00    0.00   90.63
01:23:27 AM    0    4.17    0.00    1.04    0.00    0.00    3.12    0.00    0.00    0.00   91.67
01:23:27 AM    1    2.13    0.00    1.06    0.00    0.00    0.00    0.00    0.00    0.00   96.81
01:23:27 AM    2    5.10    0.00    2.04    0.00    0.00    1.02    0.00    0.00    0.00   91.84
01:23:27 AM    3    5.10    0.00    2.04    0.00    0.00    0.00    0.00    0.00    0.00   92.86
01:23:27 AM    4    4.17    0.00    2.08    0.00    0.00    0.00    0.00    0.00    0.00   93.75
01:23:27 AM    5    3.12    0.00    1.04    0.00    0.00    0.00    0.00    0.00    0.00   95.83
01:23:27 AM    6    5.10    0.00    4.08    0.00    0.00    0.00    0.00    0.00    0.00   90.82
01:23:27 AM    7    4.12    0.00    2.06    0.00    0.00    1.03    0.00    0.00    0.00   92.78
01:23:27 AM    8    5.05    0.00    0.00    0.00    0.00    1.01    0.00    0.00    0.00   93.94
01:23:27 AM    9    8.33    0.00    2.08    0.00    0.00    0.00    0.00    0.00    0.00   89.58
01:23:27 AM   10    9.28    0.00    1.03    0.00    0.00    1.03    0.00    0.00    0.00   88.66
01:23:27 AM   11   10.10    0.00    2.02    0.00    0.00    0.00    0.00    0.00    0.00   87.88
01:23:27 AM   12    4.17    0.00    1.04    0.00    0.00    0.00    0.00    0.00    0.00   94.79
01:23:27 AM   13    5.05    0.00    2.02    1.01    0.00    0.00    0.00    0.00    0.00   91.92
01:23:27 AM   14    9.28    0.00    1.03    0.00    0.00    0.00    0.00    0.00    0.00   89.69
01:23:27 AM   15    3.12    0.00    2.08    0.00    0.00    0.00    0.00    0.00    0.00   94.79
01:23:27 AM   16    2.04    0.00    4.08    0.00    0.00    0.00    0.00    0.00    0.00   93.88
01:23:27 AM   17   10.10    0.00    8.08    0.00    0.00    0.00    0.00    0.00    0.00   81.82
01:23:27 AM   18    0.00    0.00    0.00    0.00    0.00    0.00    0.00    0.00    0.00  100.00
01:23:27 AM   19    0.00    0.00    0.00    0.00    0.00    0.00    0.00    0.00    0.00  100.00
01:23:27 AM   20    0.99    0.00    0.00    0.00    0.00    0.00    0.00    0.00    0.00   99.01
01:23:27 AM   21    0.00    0.00    0.00    0.00    0.00    0.00    0.00    0.00    0.00  100.00
01:23:27 AM   22    0.00    0.00    0.00    0.00    0.00    0.00    0.00    0.00    0.00  100.00
01:23:27 AM   23    0.00    0.00    0.00    0.00    0.00    0.00    0.00    0.00    0.00  100.00
01:23:27 AM   24    0.00    0.00    0.00    0.00    0.00    0.00    0.00    0.00    0.00  100.00
01:23:27 AM   25    0.99    0.00    0.99    0.00    0.00    0.00    0.00    0.00    0.00   98.02
01:23:27 AM   26   84.00    0.00   13.00    0.00    0.00    3.00    0.00    0.00    0.00    0.00
01:23:27 AM   27   77.88    0.00    2.88    0.00    0.00    2.88    0.00    0.00    0.00   16.35
01:23:27 AM   28    0.00    0.00    0.00    0.00    0.00    0.00    0.00    0.00    0.00  100.00
01:23:27 AM   29    0.00    0.00    0.00    0.00    0.00    0.00    0.00    0.00    0.00  100.00
01:23:27 AM   30    0.00    0.00    0.00    0.00    0.00    0.00    0.00    0.00    0.00  100.00
01:23:27 AM   31    0.00    0.00    0.00    0.00    0.00    0.00    0.00    0.00    0.00  100.00
01:23:27 AM   32    0.00    0.00    0.00    0.00    0.00    0.00    0.00    0.00    0.00  100.00
01:23:27 AM   33    0.00    0.00    0.00    0.00    0.00    0.00    0.00    0.00    0.00  100.00
01:23:27 AM   34    0.00    0.00    0.00    0.00    0.00    0.00    0.00    0.00    0.00  100.00
01:23:27 AM   35    0.00    0.00    0.00    0.00    0.00    0.00    0.00    0.00    0.00  100.00

01:23:27 AM  CPU    %usr   %nice    %sys %iowait    %irq   %soft  %steal  %guest  %gnice   %idle
01:23:28 AM  all    6.85    0.00    1.72    0.03    0.00    0.37    0.00    0.00    0.00   91.04
01:23:28 AM    0    8.00    0.00    3.00    0.00    0.00    4.00    0.00    0.00    0.00   85.00
01:23:28 AM    1    4.12    0.00    3.09    0.00    0.00    1.03    0.00    0.00    0.00   91.75
01:23:28 AM    2    2.11    0.00    3.16    0.00    0.00    0.00    0.00    0.00    0.00   94.74
01:23:28 AM    3    5.15    0.00    2.06    0.00    0.00    1.03    0.00    0.00    0.00   91.75
01:23:28 AM    4    6.06    0.00    3.03    0.00    0.00    1.01    0.00    0.00    0.00   89.90
01:23:28 AM    5    4.08    0.00    3.06    0.00    0.00    0.00    0.00    0.00    0.00   92.86
01:23:28 AM    6    4.12    0.00    4.12    0.00    0.00    1.03    0.00    0.00    0.00   90.72
01:23:28 AM    7    5.21    0.00    1.04    0.00    0.00    0.00    0.00    0.00    0.00   93.75
01:23:28 AM    8    7.45    0.00    2.13    0.00    0.00    0.00    0.00    0.00    0.00   90.43
01:23:28 AM    9    5.05    0.00    2.02    0.00    0.00    1.01    0.00    0.00    0.00   91.92
01:23:28 AM   10    2.04    0.00    3.06    0.00    0.00    0.00    0.00    0.00    0.00   94.90
01:23:28 AM   11    4.12    0.00    1.03    0.00    0.00    0.00    0.00    0.00    0.00   94.85
01:23:28 AM   12    7.07    0.00    1.01    0.00    0.00    0.00    0.00    0.00    0.00   91.92
01:23:28 AM   13    3.12    0.00    2.08    0.00    0.00    0.00    0.00    0.00    0.00   94.79
01:23:28 AM   14    5.15    0.00    3.09    1.03    0.00    0.00    0.00    0.00    0.00   90.72
01:23:28 AM   15    4.26    0.00    1.06    0.00    0.00    0.00    0.00    0.00    0.00   94.68
01:23:28 AM   16    4.08    0.00    4.08    0.00    0.00    0.00    0.00    0.00    0.00   91.84
01:23:28 AM   17    3.00    0.00    2.00    0.00    0.00    0.00    0.00    0.00    0.00   95.00
01:23:28 AM   18    0.00    0.00    0.00    0.00    0.00    0.00    0.00    0.00    0.00  100.00
01:23:28 AM   19    0.00    0.00    0.00    0.00    0.00    0.00    0.00    0.00    0.00  100.00
01:23:28 AM   20    0.00    0.00    0.00    0.00    0.00    0.00    0.00    0.00    0.00  100.00
01:23:28 AM   21    0.00    0.00    0.00    0.00    0.00    0.00    0.00    0.00    0.00  100.00
01:23:28 AM   22    0.00    0.00    0.00    0.00    0.00    0.00    0.00    0.00    0.00  100.00
01:23:28 AM   23    0.00    0.00    0.00    0.00    0.00    0.00    0.00    0.00    0.00  100.00
01:23:28 AM   24    0.00    0.00    0.00    0.00    0.00    0.00    0.00    0.00    0.00  100.00
01:23:28 AM   25    0.00    0.00    0.00    0.00    0.00    0.00    0.00    0.00    0.00  100.00
01:23:28 AM   26   85.00    0.00   13.00    0.00    0.00    2.00    0.00    0.00    0.00    0.00
01:23:28 AM   27   76.00    0.00    5.00    0.00    0.00    2.00    0.00    0.00    0.00   17.00
01:23:28 AM   28    0.00    0.00    0.00    0.00    0.00    0.00    0.00    0.00    0.00  100.00
01:23:28 AM   29    0.00    0.00    0.00    0.00    0.00    0.00    0.00    0.00    0.00  100.00
01:23:28 AM   30    0.00    0.00    0.00    0.00    0.00    0.00    0.00    0.00    0.00  100.00
01:23:28 AM   31    0.00    0.00    0.00    0.00    0.00    0.00    0.00    0.00    0.00  100.00
01:23:28 AM   32    0.00    0.00    0.00    0.00    0.00    0.00    0.00    0.00    0.00  100.00
01:23:28 AM   33    0.00    0.00    0.00    0.00    0.00    0.00    0.00    0.00    0.00  100.00
01:23:28 AM   34    0.00    0.00    0.00    0.00    0.00    0.00    0.00    0.00    0.00  100.00
01:23:28 AM   35    0.00    0.00    0.00    0.00    0.00    0.00    0.00    0.00    0.00  100.00

01:23:28 AM  CPU    %usr   %nice    %sys %iowait    %irq   %soft  %steal  %guest  %gnice   %idle
01:23:29 AM  all    6.98    0.00    1.65    0.08    0.00    0.36    0.00    0.00    0.00   90.91
01:23:29 AM    0    5.05    0.00    3.03    0.00    0.00    2.02    0.00    0.00    0.00   89.90
01:23:29 AM    1    4.17    0.00    1.04    0.00    0.00    0.00    0.00    0.00    0.00   94.79
01:23:29 AM    2    5.05    0.00    3.03    0.00    0.00    2.02    0.00    0.00    0.00   89.90
01:23:29 AM    3    6.12    0.00    2.04    0.00    0.00    0.00    0.00    0.00    0.00   91.84
01:23:29 AM    4    6.06    0.00    3.03    0.00    0.00    0.00    0.00    0.00    0.00   90.91
01:23:29 AM    5    2.08    0.00    1.04    0.00    0.00    1.04    0.00    0.00    0.00   95.83
01:23:29 AM    6    5.15    0.00    1.03    0.00    0.00    0.00    0.00    0.00    0.00   93.81
01:23:29 AM    7    5.10    0.00    2.04    1.02    0.00    0.00    0.00    0.00    0.00   91.84
01:23:29 AM    8    4.95    0.00    3.96    0.00    0.00    0.00    0.00    0.00    0.00   91.09
01:23:29 AM    9    3.12    0.00    2.08    0.00    0.00    0.00    0.00    0.00    0.00   94.79
01:23:29 AM   10    6.12    0.00    1.02    0.00    0.00    0.00    0.00    0.00    0.00   92.86
01:23:29 AM   11    6.86    0.00    4.90    0.00    0.00    0.98    0.00    0.00    0.00   87.25
01:23:29 AM   12    3.09    0.00    1.03    0.00    0.00    0.00    0.00    0.00    0.00   95.88
01:23:29 AM   13    4.04    0.00    2.02    0.00    0.00    0.00    0.00    0.00    0.00   93.94
01:23:29 AM   14    7.07    0.00    1.01    1.01    0.00    0.00    0.00    0.00    0.00   90.91
01:23:29 AM   15    5.10    0.00    3.06    0.00    0.00    0.00    0.00    0.00    0.00   91.84
01:23:29 AM   16    4.12    0.00    1.03    0.00    0.00    0.00    0.00    0.00    0.00   94.85
01:23:29 AM   17    6.19    0.00    6.19    1.03    0.00    0.00    0.00    0.00    0.00   86.60
01:23:29 AM   18    0.00    0.00    0.00    0.00    0.00    0.00    0.00    0.00    0.00  100.00
01:23:29 AM   19    0.00    0.00    0.00    0.00    0.00    0.00    0.00    0.00    0.00  100.00
01:23:29 AM   20    0.00    0.00    0.00    0.00    0.00    0.00    0.00    0.00    0.00  100.00
01:23:29 AM   21    0.00    0.00    0.00    0.00    0.00    0.00    0.00    0.00    0.00  100.00
01:23:29 AM   22    0.00    0.00    0.00    0.00    0.00    0.00    0.00    0.00    0.00  100.00
01:23:29 AM   23    0.00    0.00    0.00    0.00    0.00    0.00    0.00    0.00    0.00  100.00
01:23:29 AM   24    0.00    0.00    0.00    0.00    0.00    0.00    0.00    0.00    0.00  100.00
01:23:29 AM   25    0.00    0.00    0.00    0.00    0.00    0.00    0.00    0.00    0.00  100.00
01:23:29 AM   26   85.00    0.00   11.00    0.00    0.00    4.00    0.00    0.00    0.00    0.00
01:23:29 AM   27   74.51    0.00    5.88    0.00    0.00    2.94    0.00    0.00    0.00   16.67
01:23:29 AM   28    0.00    0.00    0.00    0.00    0.00    0.00    0.00    0.00    0.00  100.00
01:23:29 AM   29    0.00    0.00    0.00    0.00    0.00    0.00    0.00    0.00    0.00  100.00
01:23:29 AM   30    0.00    0.00    0.00    0.00    0.00    0.00    0.00    0.00    0.00  100.00
01:23:29 AM   31    0.00    0.00    0.00    0.00    0.00    0.00    0.00    0.00    0.00  100.00
01:23:29 AM   32    0.00    0.00    0.00    0.00    0.00    0.00    0.00    0.00    0.00  100.00
01:23:29 AM   33    0.00    0.00    0.00    0.00    0.00    0.00    0.00    0.00    0.00  100.00
01:23:29 AM   34    0.00    0.00    0.00    0.00    0.00    0.00    0.00    0.00    0.00  100.00
01:23:29 AM   35    0.00    0.00    0.00    0.00    0.00    0.00    0.00    0.00    0.00  100.00

01:23:29 AM  CPU    %usr   %nice    %sys %iowait    %irq   %soft  %steal  %guest  %gnice   %idle
01:23:30 AM  all    7.52    0.00    2.20    0.11    0.00    0.45    0.00    0.00    0.00   89.72
01:23:30 AM    0    7.07    0.00    3.03    0.00    0.00    2.02    0.00    0.00    0.00   87.88
01:23:30 AM    1    6.12    0.00    2.04    2.04    0.00    1.02    0.00    0.00    0.00   88.78
01:23:30 AM    2   17.35    0.00    5.10    0.00    0.00    1.02    0.00    0.00    0.00   76.53
01:23:30 AM    3    6.19    0.00    3.09    0.00    0.00    1.03    0.00    0.00    0.00   89.69
01:23:30 AM    4    5.21    0.00    2.08    0.00    0.00    0.00    0.00    0.00    0.00   92.71
01:23:30 AM    5    5.26    0.00    5.26    1.05    0.00    1.05    0.00    0.00    0.00   87.37
01:23:30 AM    6    4.21    0.00    2.11    1.05    0.00    0.00    0.00    0.00    0.00   92.63
01:23:30 AM    7    4.21    0.00    2.11    0.00    0.00    0.00    0.00    0.00    0.00   93.68
01:23:30 AM    8    6.12    0.00    2.04    0.00    0.00    1.02    0.00    0.00    0.00   90.82
01:23:30 AM    9    5.21    0.00    1.04    0.00    0.00    0.00    0.00    0.00    0.00   93.75
01:23:30 AM   10    5.15    0.00    3.09    0.00    0.00    0.00    0.00    0.00    0.00   91.75
01:23:30 AM   11    5.15    0.00    3.09    0.00    0.00    0.00    0.00    0.00    0.00   91.75
01:23:30 AM   12    5.26    0.00    1.05    0.00    0.00    0.00    0.00    0.00    0.00   93.68
01:23:30 AM   13    4.17    0.00    4.17    0.00    0.00    0.00    0.00    0.00    0.00   91.67
01:23:30 AM   14    4.21    0.00    3.16    0.00    0.00    0.00    0.00    0.00    0.00   92.63
01:23:30 AM   15    6.19    0.00    2.06    0.00    0.00    0.00    0.00    0.00    0.00   91.75
01:23:30 AM   16    6.00    0.00    5.00    0.00    0.00    1.00    0.00    0.00    0.00   88.00
01:23:30 AM   17    4.95    0.00    9.90    0.00    0.00    0.99    0.00    0.00    0.00   84.16
01:23:30 AM   18    0.00    0.00    0.00    0.00    0.00    0.00    0.00    0.00    0.00  100.00
01:23:30 AM   19    0.00    0.00    0.00    0.00    0.00    0.00    0.00    0.00    0.00  100.00
01:23:30 AM   20    0.00    0.00    0.00    0.00    0.00    0.00    0.00    0.00    0.00  100.00
01:23:30 AM   21    0.00    0.00    0.00    0.00    0.00    0.00    0.00    0.00    0.00  100.00
01:23:30 AM   22    0.00    0.00    0.00    0.00    0.00    0.00    0.00    0.00    0.00  100.00
01:23:30 AM   23    0.00    0.00    0.00    0.00    0.00    0.00    0.00    0.00    0.00  100.00
01:23:30 AM   24    0.00    0.00    0.99    0.00    0.00    0.00    0.00    0.00    0.00   99.01
01:23:30 AM   25    0.00    0.00    0.99    0.00    0.00    0.00    0.00    0.00    0.00   99.01
01:23:30 AM   26   88.00    0.00   10.00    0.00    0.00    2.00    0.00    0.00    0.00    0.00
01:23:30 AM   27   71.15    0.00    7.69    0.00    0.00    4.81    0.00    0.00    0.00   16.35
01:23:30 AM   28    0.00    0.00    0.00    0.00    0.00    0.00    0.00    0.00    0.00  100.00
01:23:30 AM   29    0.00    0.00    0.00    0.00    0.00    0.00    0.00    0.00    0.00  100.00
01:23:30 AM   30    0.00    0.00    0.00    0.00    0.00    0.00    0.00    0.00    0.00  100.00
01:23:30 AM   31    0.00    0.00    0.00    0.00    0.00    0.00    0.00    0.00    0.00  100.00
01:23:30 AM   32    0.00    0.00    0.00    0.00    0.00    0.00    0.00    0.00    0.00  100.00
01:23:30 AM   33    0.00    0.00    0.00    0.00    0.00    0.00    0.00    0.00    0.00  100.00
01:23:30 AM   34    0.00    0.00    0.00    0.00    0.00    0.00    0.00    0.00    0.00  100.00
01:23:30 AM   35    0.00    0.00    0.00    0.00    0.00    0.00    0.00    0.00    0.00  100.00

01:23:30 AM  CPU    %usr   %nice    %sys %iowait    %irq   %soft  %steal  %guest  %gnice   %idle
01:23:31 AM  all    7.46    0.00    1.71    0.03    0.00    0.42    0.00    0.00    0.00   90.38
01:23:31 AM    0    4.04    0.00    2.02    0.00    0.00    4.04    0.00    0.00    0.00   89.90
01:23:31 AM    1    6.12    0.00    1.02    0.00    0.00    1.02    0.00    0.00    0.00   91.84
01:23:31 AM    2    4.12    0.00    4.12    0.00    0.00    0.00    0.00    0.00    0.00   91.75
01:23:31 AM    3    3.06    0.00    3.06    0.00    0.00    0.00    0.00    0.00    0.00   93.88
01:23:31 AM    4    7.07    0.00    2.02    0.00    0.00    0.00    0.00    0.00    0.00   90.91
01:23:31 AM    5    5.05    0.00    4.04    0.00    0.00    0.00    0.00    0.00    0.00   90.91
01:23:31 AM    6    7.00    0.00    3.00    0.00    0.00    1.00    0.00    0.00    0.00   89.00
01:23:31 AM    7   16.83    0.00    2.97    0.00    0.00    0.00    0.00    0.00    0.00   80.20
01:23:31 AM    8    3.12    0.00    2.08    0.00    0.00    0.00    0.00    0.00    0.00   94.79
01:23:31 AM    9    6.12    0.00    2.04    0.00    0.00    0.00    0.00    0.00    0.00   91.84
01:23:31 AM   10    5.15    0.00    1.03    1.03    0.00    0.00    0.00    0.00    0.00   92.78
01:23:31 AM   11    3.00    0.00    5.00    0.00    0.00    1.00    0.00    0.00    0.00   91.00
01:23:31 AM   12    5.15    0.00    3.09    0.00    0.00    0.00    0.00    0.00    0.00   91.75
01:23:31 AM   13    6.00    0.00    1.00    0.00    0.00    1.00    0.00    0.00    0.00   92.00
01:23:31 AM   14    5.05    0.00    2.02    0.00    0.00    1.01    0.00    0.00    0.00   91.92
01:23:31 AM   15    4.08    0.00    2.04    0.00    0.00    1.02    0.00    0.00    0.00   92.86
01:23:31 AM   16    8.08    0.00    3.03    0.00    0.00    0.00    0.00    0.00    0.00   88.89
01:23:31 AM   17    4.00    0.00    1.00    0.00    0.00    0.00    0.00    0.00    0.00   95.00
01:23:31 AM   18    0.00    0.00    0.00    0.00    0.00    0.00    0.00    0.00    0.00  100.00
01:23:31 AM   19    0.00    0.00    0.00    0.00    0.00    0.00    0.00    0.00    0.00  100.00
01:23:31 AM   20    0.00    0.00    0.00    0.00    0.00    0.00    0.00    0.00    0.00  100.00
01:23:31 AM   21    0.00    0.00    0.00    0.00    0.00    0.00    0.00    0.00    0.00  100.00
01:23:31 AM   22    0.00    0.00    0.00    0.00    0.00    0.00    0.00    0.00    0.00  100.00
01:23:31 AM   23    0.00    0.00    0.00    0.00    0.00    0.00    0.00    0.00    0.00  100.00
01:23:31 AM   24    0.00    0.00    0.00    0.00    0.00    0.00    0.00    0.00    0.00  100.00
01:23:31 AM   25    0.00    0.00    0.00    0.00    0.00    0.00    0.00    0.00    0.00  100.00
01:23:31 AM   26   87.00    0.00   11.00    0.00    0.00    2.00    0.00    0.00    0.00    0.00
01:23:31 AM   27   75.00    0.00    4.81    0.00    0.00    2.88    0.00    0.00    0.00   17.31
01:23:31 AM   28    0.00    0.00    0.00    0.00    0.00    0.00    0.00    0.00    0.00  100.00
01:23:31 AM   29    0.00    0.00    0.99    0.00    0.00    0.00    0.00    0.00    0.00   99.01
01:23:31 AM   30    0.00    0.00    0.00    0.00    0.00    0.00    0.00    0.00    0.00  100.00
01:23:31 AM   31    0.00    0.00    0.00    0.00    0.00    0.00    0.00    0.00    0.00  100.00
01:23:31 AM   32    0.00    0.00    0.00    0.00    0.00    0.00    0.00    0.00    0.00  100.00
01:23:31 AM   33    0.00    0.00    0.00    0.00    0.00    0.00    0.00    0.00    0.00  100.00
01:23:31 AM   34    0.00    0.00    0.00    0.00    0.00    0.00    0.00    0.00    0.00  100.00
01:23:31 AM   35    0.00    0.00    0.00    0.00    0.00    0.00    0.00    0.00    0.00  100.00

01:23:31 AM  CPU    %usr   %nice    %sys %iowait    %irq   %soft  %steal  %guest  %gnice   %idle
01:23:32 AM  all    8.34    0.00    2.13    0.00    0.00    0.34    0.00    0.00    0.00   89.19
01:23:32 AM    0   10.20    0.00    7.14    0.00    0.00    2.04    0.00    0.00    0.00   80.61
01:23:32 AM    1    6.25    0.00    3.12    0.00    0.00    0.00    0.00    0.00    0.00   90.62
01:23:32 AM    2    4.08    0.00    5.10    0.00    0.00    0.00    0.00    0.00    0.00   90.82
01:23:32 AM    3    5.15    0.00    3.09    0.00    0.00    0.00    0.00    0.00    0.00   91.75
01:23:32 AM    4   17.35    0.00    2.04    0.00    0.00    0.00    0.00    0.00    0.00   80.61
01:23:32 AM    5    6.19    0.00    4.12    0.00    0.00    0.00    0.00    0.00    0.00   89.69
01:23:32 AM    6    6.19    0.00    2.06    0.00    0.00    1.03    0.00    0.00    0.00   90.72
01:23:32 AM    7    4.26    0.00    1.06    0.00    0.00    0.00    0.00    0.00    0.00   94.68
01:23:32 AM    8    8.91    0.00    3.96    0.00    0.00    0.00    0.00    0.00    0.00   87.13
01:23:32 AM    9    8.42    0.00    3.16    0.00    0.00    0.00    0.00    0.00    0.00   88.42
01:23:32 AM   10    8.25    0.00    2.06    0.00    0.00    0.00    0.00    0.00    0.00   89.69
01:23:32 AM   11    5.05    0.00    4.04    0.00    0.00    0.00    0.00    0.00    0.00   90.91
01:23:32 AM   12    8.00    0.00    2.00    0.00    0.00    1.00    0.00    0.00    0.00   89.00
01:23:32 AM   13    8.25    0.00   12.37    0.00    0.00    0.00    0.00    0.00    0.00   79.38
01:23:32 AM   14    9.00    0.00    3.00    0.00    0.00    0.00    0.00    0.00    0.00   88.00
01:23:32 AM   15    6.06    0.00    3.03    0.00    0.00    1.01    0.00    0.00    0.00   89.90
01:23:32 AM   16    6.19    0.00    2.06    0.00    0.00    0.00    0.00    0.00    0.00   91.75
01:23:32 AM   17    5.05    0.00    1.01    0.00    0.00    0.00    0.00    0.00    0.00   93.94
01:23:32 AM   18    0.00    0.00    0.00    0.00    0.00    0.00    0.00    0.00    0.00  100.00
01:23:32 AM   19    0.00    0.00    0.00    0.00    0.00    0.00    0.00    0.00    0.00  100.00
01:23:32 AM   20    0.00    0.00    0.00    0.00    0.00    0.00    0.00    0.00    0.00  100.00
01:23:32 AM   21    0.00    0.00    1.00    0.00    0.00    0.00    0.00    0.00    0.00   99.00
01:23:32 AM   22    0.00    0.00    0.00    0.00    0.00    0.00    0.00    0.00    0.00  100.00
01:23:32 AM   23    0.00    0.00    0.00    0.00    0.00    0.00    0.00    0.00    0.00  100.00
01:23:32 AM   24    0.00    0.00    0.00    0.00    0.00    0.00    0.00    0.00    0.00  100.00
01:23:32 AM   25    0.00    0.00    0.00    0.00    0.00    0.00    0.00    0.00    0.00  100.00
01:23:32 AM   26   86.00    0.00    8.00    0.00    0.00    6.00    0.00    0.00    0.00    0.00
01:23:32 AM   27   78.64    0.00    3.88    0.00    0.00    0.97    0.00    0.00    0.00   16.50
01:23:32 AM   28    0.00    0.00    0.00    0.00    0.00    0.00    0.00    0.00    0.00  100.00
01:23:32 AM   29    0.00    0.00    0.00    0.00    0.00    0.00    0.00    0.00    0.00  100.00
01:23:32 AM   30    0.00    0.00    0.00    0.00    0.00    0.00    0.00    0.00    0.00  100.00
01:23:32 AM   31    0.00    0.00    0.00    0.00    0.00    0.00    0.00    0.00    0.00  100.00
01:23:32 AM   32    0.00    0.00    0.00    0.00    0.00    0.00    0.00    0.00    0.00  100.00
01:23:32 AM   33    0.00    0.00    0.00    0.00    0.00    0.00    0.00    0.00    0.00  100.00
01:23:32 AM   34    0.00    0.00    0.00    0.00    0.00    0.00    0.00    0.00    0.00  100.00
01:23:32 AM   35    0.00    0.00    0.00    0.00    0.00    0.00    0.00    0.00    0.00  100.00

Average:     CPU    %usr   %nice    %sys %iowait    %irq   %soft  %steal  %guest  %gnice   %idle
Average:     all    7.05    0.00    1.80    0.04    0.00    0.34    0.00    0.00    0.00   90.75
Average:       0    6.13    0.00    2.56    0.10    0.00    2.15    0.00    0.00    0.00   89.06
Average:       1    6.45    0.00    2.87    0.20    0.00    1.02    0.00    0.00    0.00   89.45
Average:       2    5.15    0.00    3.30    0.00    0.00    0.72    0.00    0.00    0.00   90.83
Average:       3    5.34    0.00    2.46    0.00    0.00    0.21    0.00    0.00    0.00   91.99
Average:       4    6.76    0.00    2.25    0.00    0.00    0.31    0.00    0.00    0.00   90.69
Average:       5    4.94    0.00    2.78    0.10    0.00    0.21    0.00    0.00    0.00   91.97
Average:       6    5.16    0.00    2.48    0.10    0.00    0.31    0.00    0.00    0.00   91.95
Average:       7    5.89    0.00    1.86    0.21    0.00    0.21    0.00    0.00    0.00   91.83
Average:       8    5.34    0.00    2.26    0.10    0.00    0.21    0.00    0.00    0.00   92.09
Average:       9    6.19    0.00    2.06    0.00    0.00    0.10    0.00    0.00    0.00   91.65
Average:      10    5.64    0.00    2.46    0.10    0.00    0.10    0.00    0.00    0.00   91.70
Average:      11    5.40    0.00    3.26    0.10    0.00    0.31    0.00    0.00    0.00   90.94
Average:      12    5.13    0.00    1.74    0.00    0.00    0.21    0.00    0.00    0.00   92.92
Average:      13    4.59    0.00    3.67    0.20    0.00    0.20    0.00    0.00    0.00   91.33
Average:      14    6.82    0.00    3.46    0.20    0.00    0.20    0.00    0.00    0.00   89.32
Average:      15    4.94    0.00    2.26    0.00    0.00    0.21    0.00    0.00    0.00   92.59
Average:      16    5.51    0.00    2.96    0.00    0.00    0.20    0.00    0.00    0.00   91.33
Average:      17    4.45    0.00    3.95    0.10    0.00    0.10    0.00    0.00    0.00   91.40
Average:      18    0.00    0.00    0.00    0.00    0.00    0.00    0.00    0.00    0.00  100.00
Average:      19    0.00    0.00    0.00    0.00    0.00    0.00    0.00    0.00    0.00  100.00
Average:      20    0.10    0.00    0.00    0.00    0.00    0.00    0.00    0.00    0.00   99.90
Average:      21    0.00    0.00    0.10    0.00    0.00    0.00    0.00    0.00    0.00   99.90
Average:      22    0.00    0.00    0.00    0.00    0.00    0.00    0.00    0.00    0.00  100.00
Average:      23    0.00    0.00    0.00    0.00    0.00    0.00    0.00    0.00    0.00  100.00
Average:      24    0.00    0.00    0.10    0.00    0.00    0.00    0.00    0.00    0.00   99.90
Average:      25    0.10    0.00    0.20    0.00    0.00    0.00    0.00    0.00    0.00   99.70
Average:      26   80.62    0.00   10.79    0.00    0.00    3.10    0.00    0.00    0.00    5.49
Average:      27   71.11    0.00    5.19    0.00    0.00    2.25    0.00    0.00    0.00   21.45
Average:      28    0.00    0.00    0.10    0.00    0.00    0.00    0.00    0.00    0.00   99.90
Average:      29    0.00    0.00    0.10    0.00    0.00    0.00    0.00    0.00    0.00   99.90
Average:      30    0.00    0.00    0.00    0.00    0.00    0.00    0.00    0.00    0.00  100.00
Average:      31    0.00    0.00    0.00    0.00    0.00    0.00    0.00    0.00    0.00  100.00
Average:      32    0.00    0.00    0.00    0.00    0.00    0.00    0.00    0.00    0.00  100.00
Average:      33    0.00    0.00    0.00    0.00    0.00    0.00    0.00    0.00    0.00  100.00
Average:      34    0.00    0.00    0.00    0.10    0.00    0.00    0.00    0.00    0.00   99.90
Average:      35    0.00    0.00    0.00    0.00    0.00    0.00    0.00    0.00    0.00  100.00
