Linux 5.15.0-186-generic (rapids4) 	08/11/2026 	_x86_64_	(36 CPU)

01:13:54 AM  CPU    %usr   %nice    %sys %iowait    %irq   %soft  %steal  %guest  %gnice   %idle
01:13:55 AM  all    3.18    0.00    1.52    0.06    0.00    0.08    0.00    0.00    0.00   95.17
01:13:55 AM    0   11.46    0.00    2.08    0.00    0.00    0.00    0.00    0.00    0.00   86.46
01:13:55 AM    1    7.00    0.00    5.00    0.00    0.00    0.00    0.00    0.00    0.00   88.00
01:13:55 AM    2    7.22    0.00    3.09    0.00    0.00    0.00    0.00    0.00    0.00   89.69
01:13:55 AM    3    4.12    0.00    6.19    0.00    0.00    0.00    0.00    0.00    0.00   89.69
01:13:55 AM    4    5.00    0.00    2.00    0.00    0.00    0.00    0.00    0.00    0.00   93.00
01:13:55 AM    5    7.22    0.00    1.03    0.00    0.00    0.00    0.00    0.00    0.00   91.75
01:13:55 AM    6    6.06    0.00    2.02    0.00    0.00    0.00    0.00    0.00    0.00   91.92
01:13:55 AM    7    4.12    0.00    2.06    0.00    0.00    0.00    0.00    0.00    0.00   93.81
01:13:55 AM    8    4.12    0.00    2.06    0.00    0.00    0.00    0.00    0.00    0.00   93.81
01:13:55 AM    9    3.12    0.00    1.04    0.00    0.00    0.00    0.00    0.00    0.00   95.83
01:13:55 AM   10    3.09    0.00    2.06    1.03    0.00    0.00    0.00    0.00    0.00   93.81
01:13:55 AM   11    6.06    0.00    1.01    0.00    0.00    0.00    0.00    0.00    0.00   92.93
01:13:55 AM   12    6.00    0.00    2.00    0.00    0.00    0.00    0.00    0.00    0.00   92.00
01:13:55 AM   13    5.05    0.00    3.03    0.00    0.00    0.00    0.00    0.00    0.00   91.92
01:13:55 AM   14   10.10    0.00    2.02    1.01    0.00    0.00    0.00    0.00    0.00   86.87
01:13:55 AM   15   10.20    0.00    8.16    0.00    0.00    0.00    0.00    0.00    0.00   81.63
01:13:55 AM   16    4.12    0.00    3.09    0.00    0.00    1.03    0.00    0.00    0.00   91.75
01:13:55 AM   17    4.08    0.00    1.02    0.00    0.00    0.00    0.00    0.00    0.00   94.90
01:13:55 AM   18    0.00    0.00    0.00    0.00    0.00    0.00    0.00    0.00    0.00  100.00
01:13:55 AM   19    0.99    0.00    0.00    0.00    0.00    0.00    0.00    0.00    0.00   99.01
01:13:55 AM   20    0.00    0.00    0.00    0.00    0.00    0.00    0.00    0.00    0.00  100.00
01:13:55 AM   21    0.00    0.00    0.99    0.00    0.00    0.00    0.00    0.00    0.00   99.01
01:13:55 AM   22    3.00    0.00    1.00    0.00    0.00    1.00    0.00    0.00    0.00   95.00
01:13:55 AM   23    3.16    0.00    2.11    0.00    0.00    1.05    0.00    0.00    0.00   93.68
01:13:55 AM   24    0.00    0.00    1.00    0.00    0.00    0.00    0.00    0.00    0.00   99.00
01:13:55 AM   25    0.00    0.00    1.00    0.00    0.00    0.00    0.00    0.00    0.00   99.00
01:13:55 AM   26    0.00    0.00    0.00    0.00    0.00    0.00    0.00    0.00    0.00  100.00
01:13:55 AM   27    0.00    0.00    0.00    0.00    0.00    0.00    0.00    0.00    0.00  100.00
01:13:55 AM   28    0.00    0.00    0.00    0.00    0.00    0.00    0.00    0.00    0.00  100.00
01:13:55 AM   29    0.00    0.00    0.00    0.00    0.00    0.00    0.00    0.00    0.00  100.00
01:13:55 AM   30    0.00    0.00    0.00    0.00    0.00    0.00    0.00    0.00    0.00  100.00
01:13:55 AM   31    0.00    0.00    0.00    0.00    0.00    0.00    0.00    0.00    0.00  100.00
01:13:55 AM   32    0.00    0.00    0.00    0.00    0.00    0.00    0.00    0.00    0.00  100.00
01:13:55 AM   33    0.00    0.00    0.00    0.00    0.00    0.00    0.00    0.00    0.00  100.00
01:13:55 AM   34    0.00    0.00    0.00    0.00    0.00    0.00    0.00    0.00    0.00  100.00
01:13:55 AM   35    0.00    0.00    0.00    0.00    0.00    0.00    0.00    0.00    0.00  100.00

01:13:55 AM  CPU    %usr   %nice    %sys %iowait    %irq   %soft  %steal  %guest  %gnice   %idle
01:13:56 AM  all    2.37    0.00    1.50    0.06    0.00    0.14    0.00    0.00    0.00   95.93
01:13:56 AM    0    6.12    0.00    2.04    0.00    0.00    1.02    0.00    0.00    0.00   90.82
01:13:56 AM    1    8.08    0.00    3.03    0.00    0.00    0.00    0.00    0.00    0.00   88.89
01:13:56 AM    2    6.12    0.00    2.04    0.00    0.00    0.00    0.00    0.00    0.00   91.84
01:13:56 AM    3    2.08    0.00    2.08    0.00    0.00    1.04    0.00    0.00    0.00   94.79
01:13:56 AM    4    3.12    0.00    2.08    0.00    0.00    0.00    0.00    0.00    0.00   94.79
01:13:56 AM    5    6.06    0.00   14.14    0.00    0.00    0.00    0.00    0.00    0.00   79.80
01:13:56 AM    6    5.05    0.00    5.05    0.00    0.00    0.00    0.00    0.00    0.00   89.90
01:13:56 AM    7    5.10    0.00    2.04    0.00    0.00    0.00    0.00    0.00    0.00   92.86
01:13:56 AM    8    6.19    0.00    1.03    0.00    0.00    0.00    0.00    0.00    0.00   92.78
01:13:56 AM    9    1.02    0.00    2.04    0.00    0.00    0.00    0.00    0.00    0.00   96.94
01:13:56 AM   10    3.09    0.00    3.09    0.00    0.00    1.03    0.00    0.00    0.00   92.78
01:13:56 AM   11    3.06    0.00    1.02    0.00    0.00    0.00    0.00    0.00    0.00   95.92
01:13:56 AM   12    3.06    0.00    2.04    0.00    0.00    1.02    0.00    0.00    0.00   93.88
01:13:56 AM   13    3.09    0.00    2.06    0.00    0.00    0.00    0.00    0.00    0.00   94.85
01:13:56 AM   14    4.04    0.00    1.01    0.00    0.00    0.00    0.00    0.00    0.00   94.95
01:13:56 AM   15    4.17    0.00    3.12    0.00    0.00    0.00    0.00    0.00    0.00   92.71
01:13:56 AM   16    4.17    0.00    0.00    1.04    0.00    0.00    0.00    0.00    0.00   94.79
01:13:56 AM   17    2.04    0.00    0.00    1.02    0.00    0.00    0.00    0.00    0.00   96.94
01:13:56 AM   18    0.00    0.00    0.00    0.00    0.00    0.00    0.00    0.00    0.00  100.00
01:13:56 AM   19    0.00    0.00    0.00    0.00    0.00    0.00    0.00    0.00    0.00  100.00
01:13:56 AM   20    0.00    0.00    0.99    0.00    0.00    0.00    0.00    0.00    0.00   99.01
01:13:56 AM   21    0.00    0.00    0.00    0.00    0.00    0.00    0.00    0.00    0.00  100.00
01:13:56 AM   22    3.06    0.00    2.04    0.00    0.00    1.02    0.00    0.00    0.00   93.88
01:13:56 AM   23    8.14    0.00    3.49    0.00    0.00    0.00    0.00    0.00    0.00   88.37
01:13:56 AM   24    0.00    0.00    0.00    0.00    0.00    0.00    0.00    0.00    0.00  100.00
01:13:56 AM   25    0.00    0.00    0.00    0.00    0.00    0.00    0.00    0.00    0.00  100.00
01:13:56 AM   26    0.00    0.00    0.00    0.00    0.00    0.00    0.00    0.00    0.00  100.00
01:13:56 AM   27    0.00    0.00    0.00    0.00    0.00    0.00    0.00    0.00    0.00  100.00
01:13:56 AM   28    0.00    0.00    0.00    0.00    0.00    0.00    0.00    0.00    0.00  100.00
01:13:56 AM   29    0.00    0.00    0.00    0.00    0.00    0.00    0.00    0.00    0.00  100.00
01:13:56 AM   30    0.00    0.00    0.00    0.00    0.00    0.00    0.00    0.00    0.00  100.00
01:13:56 AM   31    0.00    0.00    0.00    0.00    0.00    0.00    0.00    0.00    0.00  100.00
01:13:56 AM   32    0.00    0.00    0.00    0.00    0.00    0.00    0.00    0.00    0.00  100.00
01:13:56 AM   33    0.00    0.00    0.00    0.00    0.00    0.00    0.00    0.00    0.00  100.00
01:13:56 AM   34    0.00    0.00    0.00    0.00    0.00    0.00    0.00    0.00    0.00  100.00
01:13:56 AM   35    0.00    0.00    0.00    0.00    0.00    0.00    0.00    0.00    0.00  100.00

01:13:56 AM  CPU    %usr   %nice    %sys %iowait    %irq   %soft  %steal  %guest  %gnice   %idle
01:13:57 AM  all    3.31    0.00    1.92    0.00    0.00    0.20    0.00    0.00    0.00   94.57
01:13:57 AM    0    5.26    0.00    2.11    0.00    0.00    0.00    0.00    0.00    0.00   92.63
01:13:57 AM    1    9.09    0.00    4.04    0.00    0.00    1.01    0.00    0.00    0.00   85.86
01:13:57 AM    2    4.00    0.00    7.00    0.00    0.00    1.00    0.00    0.00    0.00   88.00
01:13:57 AM    3    6.25    0.00    2.08    0.00    0.00    0.00    0.00    0.00    0.00   91.67
01:13:57 AM    4    3.16    0.00    2.11    0.00    0.00    0.00    0.00    0.00    0.00   94.74
01:13:57 AM    5    7.07    0.00    5.05    0.00    0.00    0.00    0.00    0.00    0.00   87.88
01:13:57 AM    6    7.00    0.00   12.00    0.00    0.00    1.00    0.00    0.00    0.00   80.00
01:13:57 AM    7    4.12    0.00    2.06    0.00    0.00    1.03    0.00    0.00    0.00   92.78
01:13:57 AM    8    6.25    0.00    7.29    0.00    0.00    0.00    0.00    0.00    0.00   86.46
01:13:57 AM    9    3.23    0.00    2.15    0.00    0.00    0.00    0.00    0.00    0.00   94.62
01:13:57 AM   10    6.12    0.00    4.08    0.00    0.00    0.00    0.00    0.00    0.00   89.80
01:13:57 AM   11    3.06    0.00    4.08    0.00    0.00    1.02    0.00    0.00    0.00   91.84
01:13:57 AM   12   12.12    0.00    2.02    0.00    0.00    0.00    0.00    0.00    0.00   85.86
01:13:57 AM   13    7.14    0.00    2.04    0.00    0.00    0.00    0.00    0.00    0.00   90.82
01:13:57 AM   14    4.17    0.00    2.08    0.00    0.00    0.00    0.00    0.00    0.00   93.75
01:13:57 AM   15    8.16    0.00    1.02    0.00    0.00    0.00    0.00    0.00    0.00   90.82
01:13:57 AM   16    4.26    0.00    0.00    0.00    0.00    0.00    0.00    0.00    0.00   95.74
01:13:57 AM   17    6.06    0.00    2.02    0.00    0.00    0.00    0.00    0.00    0.00   91.92
01:13:57 AM   18    0.00    0.00    0.00    0.00    0.00    0.00    0.00    0.00    0.00  100.00
01:13:57 AM   19    0.00    0.00    0.00    0.00    0.00    0.00    0.00    0.00    0.00  100.00
01:13:57 AM   20    0.00    0.00    1.00    0.00    0.00    0.00    0.00    0.00    0.00   99.00
01:13:57 AM   21    0.00    0.00    0.00    0.00    0.00    0.00    0.00    0.00    0.00  100.00
01:13:57 AM   22    5.05    0.00    2.02    0.00    0.00    0.00    0.00    0.00    0.00   92.93
01:13:57 AM   23    9.09    0.00    2.27    0.00    0.00    2.27    0.00    0.00    0.00   86.36
01:13:57 AM   24    0.00    0.00    1.00    0.00    0.00    0.00    0.00    0.00    0.00   99.00
01:13:57 AM   25    0.00    0.00    0.00    0.00    0.00    0.00    0.00    0.00    0.00  100.00
01:13:57 AM   26    0.00    0.00    0.00    0.00    0.00    0.00    0.00    0.00    0.00  100.00
01:13:57 AM   27    0.00    0.00    0.00    0.00    0.00    0.00    0.00    0.00    0.00  100.00
01:13:57 AM   28    0.00    0.00    0.00    0.00    0.00    0.00    0.00    0.00    0.00  100.00
01:13:57 AM   29    0.00    0.00    0.00    0.00    0.00    0.00    0.00    0.00    0.00  100.00
01:13:57 AM   30    0.00    0.00    0.00    0.00    0.00    0.00    0.00    0.00    0.00  100.00
01:13:57 AM   31    0.00    0.00    0.00    0.00    0.00    0.00    0.00    0.00    0.00  100.00
01:13:57 AM   32    0.00    0.00    0.00    0.00    0.00    0.00    0.00    0.00    0.00  100.00
01:13:57 AM   33    0.00    0.00    0.00    0.00    0.00    0.00    0.00    0.00    0.00  100.00
01:13:57 AM   34    0.00    0.00    0.00    0.00    0.00    0.00    0.00    0.00    0.00  100.00
01:13:57 AM   35    0.00    0.00    0.00    0.00    0.00    0.00    0.00    0.00    0.00  100.00

01:13:57 AM  CPU    %usr   %nice    %sys %iowait    %irq   %soft  %steal  %guest  %gnice   %idle
01:13:58 AM  all    2.60    0.00    1.21    0.06    0.00    0.14    0.00    0.00    0.00   95.99
01:13:58 AM    0    4.12    0.00    2.06    0.00    0.00    1.03    0.00    0.00    0.00   92.78
01:13:58 AM    1    5.15    0.00    2.06    0.00    0.00    0.00    0.00    0.00    0.00   92.78
01:13:58 AM    2    3.12    0.00    3.12    0.00    0.00    0.00    0.00    0.00    0.00   93.75
01:13:58 AM    3    2.06    0.00    3.09    0.00    0.00    0.00    0.00    0.00    0.00   94.85
01:13:58 AM    4    5.94    0.00    0.99    0.00    0.00    1.98    0.00    0.00    0.00   91.09
01:13:58 AM    5    6.19    0.00    1.03    0.00    0.00    0.00    0.00    0.00    0.00   92.78
01:13:58 AM    6    5.15    0.00    1.03    0.00    0.00    0.00    0.00    0.00    0.00   93.81
01:13:58 AM    7    7.14    0.00    1.02    0.00    0.00    0.00    0.00    0.00    0.00   91.84
01:13:58 AM    8    6.12    0.00    1.02    0.00    0.00    0.00    0.00    0.00    0.00   92.86
01:13:58 AM    9    3.12    0.00    1.04    0.00    0.00    0.00    0.00    0.00    0.00   95.83
01:13:58 AM   10    5.05    0.00    4.04    0.00    0.00    0.00    0.00    0.00    0.00   90.91
01:13:58 AM   11    4.08    0.00    2.04    0.00    0.00    0.00    0.00    0.00    0.00   93.88
01:13:58 AM   12    3.16    0.00    1.05    0.00    0.00    0.00    0.00    0.00    0.00   95.79
01:13:58 AM   13    5.05    0.00    3.03    1.01    0.00    0.00    0.00    0.00    0.00   90.91
01:13:58 AM   14    5.05    0.00    2.02    0.00    0.00    0.00    0.00    0.00    0.00   92.93
01:13:58 AM   15    6.06    0.00    4.04    0.00    0.00    0.00    0.00    0.00    0.00   89.90
01:13:58 AM   16    4.12    0.00    3.09    0.00    0.00    0.00    0.00    0.00    0.00   92.78
01:13:58 AM   17    2.04    0.00    0.00    0.00    0.00    0.00    0.00    0.00    0.00   97.96
01:13:58 AM   18    0.00    0.00    0.00    0.00    0.00    0.00    0.00    0.00    0.00  100.00
01:13:58 AM   19    0.00    0.00    0.00    1.00    0.00    0.00    0.00    0.00    0.00   99.00
01:13:58 AM   20    1.00    0.00    0.00    0.00    0.00    0.00    0.00    0.00    0.00   99.00
01:13:58 AM   21    0.00    0.00    0.00    0.00    0.00    0.00    0.00    0.00    0.00  100.00
01:13:58 AM   22    4.00    0.00    3.00    0.00    0.00    1.00    0.00    0.00    0.00   92.00
01:13:58 AM   23    6.98    0.00    3.49    0.00    0.00    1.16    0.00    0.00    0.00   88.37
01:13:58 AM   24    0.00    0.00    0.99    0.00    0.00    0.00    0.00    0.00    0.00   99.01
01:13:58 AM   25    0.00    0.00    1.00    0.00    0.00    0.00    0.00    0.00    0.00   99.00
01:13:58 AM   26    0.00    0.00    0.00    0.00    0.00    0.00    0.00    0.00    0.00  100.00
01:13:58 AM   27    0.00    0.00    0.00    0.00    0.00    0.00    0.00    0.00    0.00  100.00
01:13:58 AM   28    0.00    0.00    0.00    0.00    0.00    0.00    0.00    0.00    0.00  100.00
01:13:58 AM   29    0.00    0.00    0.00    0.00    0.00    0.00    0.00    0.00    0.00  100.00
01:13:58 AM   30    0.00    0.00    0.00    0.00    0.00    0.00    0.00    0.00    0.00  100.00
01:13:58 AM   31    0.00    0.00    0.00    0.00    0.00    0.00    0.00    0.00    0.00  100.00
01:13:58 AM   32    0.00    0.00    0.00    0.00    0.00    0.00    0.00    0.00    0.00  100.00
01:13:58 AM   33    0.00    0.00    0.00    0.00    0.00    0.00    0.00    0.00    0.00  100.00
01:13:58 AM   34    0.00    0.00    0.00    0.00    0.00    0.00    0.00    0.00    0.00  100.00
01:13:58 AM   35    0.00    0.00    0.00    0.00    0.00    0.00    0.00    0.00    0.00  100.00

01:13:58 AM  CPU    %usr   %nice    %sys %iowait    %irq   %soft  %steal  %guest  %gnice   %idle
01:13:59 AM  all    3.24    0.00    1.93    0.06    0.00    0.11    0.00    0.00    0.00   94.65
01:13:59 AM    0    6.32    0.00    2.11    0.00    0.00    0.00    0.00    0.00    0.00   91.58
01:13:59 AM    1    4.21    0.00    4.21    0.00    0.00    1.05    0.00    0.00    0.00   90.53
01:13:59 AM    2    6.12    0.00    1.02    0.00    0.00    1.02    0.00    0.00    0.00   91.84
01:13:59 AM    3    4.17    0.00    3.12    0.00    0.00    0.00    0.00    0.00    0.00   92.71
01:13:59 AM    4    6.19    0.00    4.12    0.00    0.00    0.00    0.00    0.00    0.00   89.69
01:13:59 AM    5    6.12    0.00    4.08    0.00    0.00    0.00    0.00    0.00    0.00   89.80
01:13:59 AM    6    3.16    0.00    4.21    0.00    0.00    0.00    0.00    0.00    0.00   92.63
01:13:59 AM    7   11.22    0.00    3.06    0.00    0.00    0.00    0.00    0.00    0.00   85.71
01:13:59 AM    8    6.12    0.00    4.08    0.00    0.00    0.00    0.00    0.00    0.00   89.80
01:13:59 AM    9    6.12    0.00    4.08    0.00    0.00    0.00    0.00    0.00    0.00   89.80
01:13:59 AM   10    6.32    0.00    1.05    0.00    0.00    0.00    0.00    0.00    0.00   92.63
01:13:59 AM   11   10.20    0.00   14.29    0.00    0.00    0.00    0.00    0.00    0.00   75.51
01:13:59 AM   12    3.09    0.00    4.12    1.03    0.00    0.00    0.00    0.00    0.00   91.75
01:13:59 AM   13   10.42    0.00    2.08    0.00    0.00    0.00    0.00    0.00    0.00   87.50
01:13:59 AM   14    7.29    0.00    6.25    0.00    0.00    0.00    0.00    0.00    0.00   86.46
01:13:59 AM   15    4.17    0.00    1.04    1.04    0.00    0.00    0.00    0.00    0.00   93.75
01:13:59 AM   16    4.21    0.00    2.11    0.00    0.00    0.00    0.00    0.00    0.00   93.68
01:13:59 AM   17    2.08    0.00    1.04    0.00    0.00    0.00    0.00    0.00    0.00   96.88
01:13:59 AM   18    0.00    0.00    0.00    0.00    0.00    0.00    0.00    0.00    0.00  100.00
01:13:59 AM   19    0.00    0.00    0.00    0.00    0.00    0.00    0.00    0.00    0.00  100.00
01:13:59 AM   20    0.00    0.00    0.00    0.00    0.00    0.00    0.00    0.00    0.00  100.00
01:13:59 AM   21    0.00    0.00    0.00    0.00    0.00    0.00    0.00    0.00    0.00  100.00
01:13:59 AM   22    4.08    0.00    1.02    0.00    0.00    1.02    0.00    0.00    0.00   93.88
01:13:59 AM   23    7.06    0.00    3.53    0.00    0.00    1.18    0.00    0.00    0.00   88.24
01:13:59 AM   24    0.00    0.00    0.00    0.00    0.00    0.00    0.00    0.00    0.00  100.00
01:13:59 AM   25    0.00    0.00    0.00    0.00    0.00    0.00    0.00    0.00    0.00  100.00
01:13:59 AM   26    0.00    0.00    0.00    0.00    0.00    0.00    0.00    0.00    0.00  100.00
01:13:59 AM   27    0.00    0.00    0.00    0.00    0.00    0.00    0.00    0.00    0.00  100.00
01:13:59 AM   28    0.00    0.00    0.00    0.00    0.00    0.00    0.00    0.00    0.00  100.00
01:13:59 AM   29    0.00    0.00    0.00    0.00    0.00    0.00    0.00    0.00    0.00  100.00
01:13:59 AM   30    0.00    0.00    0.00    0.00    0.00    0.00    0.00    0.00    0.00  100.00
01:13:59 AM   31    0.00    0.00    0.00    0.00    0.00    0.00    0.00    0.00    0.00  100.00
01:13:59 AM   32    0.00    0.00    0.00    0.00    0.00    0.00    0.00    0.00    0.00  100.00
01:13:59 AM   33    0.00    0.00    0.00    0.00    0.00    0.00    0.00    0.00    0.00  100.00
01:13:59 AM   34    0.00    0.00    0.00    0.00    0.00    0.00    0.00    0.00    0.00  100.00
01:13:59 AM   35    0.00    0.00    0.00    0.00    0.00    0.00    0.00    0.00    0.00  100.00

01:13:59 AM  CPU    %usr   %nice    %sys %iowait    %irq   %soft  %steal  %guest  %gnice   %idle
01:14:00 AM  all    2.10    0.00    1.08    0.03    0.00    0.14    0.00    0.00    0.00   96.65
01:14:00 AM    0    5.15    0.00    2.06    0.00    0.00    0.00    0.00    0.00    0.00   92.78
01:14:00 AM    1    3.12    0.00    2.08    0.00    0.00    0.00    0.00    0.00    0.00   94.79
01:14:00 AM    2    2.11    0.00    1.05    0.00    0.00    0.00    0.00    0.00    0.00   96.84
01:14:00 AM    3    3.16    0.00    1.05    0.00    0.00    0.00    0.00    0.00    0.00   95.79
01:14:00 AM    4    5.10    0.00    2.04    0.00    0.00    0.00    0.00    0.00    0.00   92.86
01:14:00 AM    5    3.06    0.00    3.06    0.00    0.00    0.00    0.00    0.00    0.00   93.88
01:14:00 AM    6    3.06    0.00    3.06    0.00    0.00    0.00    0.00    0.00    0.00   93.88
01:14:00 AM    7    6.25    0.00    1.04    0.00    0.00    0.00    0.00    0.00    0.00   92.71
01:14:00 AM    8    4.21    0.00    0.00    0.00    0.00    0.00    0.00    0.00    0.00   95.79
01:14:00 AM    9    2.13    0.00    0.00    0.00    0.00    0.00    0.00    0.00    0.00   97.87
01:14:00 AM   10    3.12    0.00    2.08    1.04    0.00    0.00    0.00    0.00    0.00   93.75
01:14:00 AM   11    3.06    0.00    2.04    0.00    0.00    1.02    0.00    0.00    0.00   93.88
01:14:00 AM   12    4.17    0.00    1.04    0.00    0.00    0.00    0.00    0.00    0.00   94.79
01:14:00 AM   13    2.11    0.00    2.11    0.00    0.00    0.00    0.00    0.00    0.00   95.79
01:14:00 AM   14    4.12    0.00    2.06    0.00    0.00    0.00    0.00    0.00    0.00   93.81
01:14:00 AM   15    5.05    0.00    4.04    0.00    0.00    0.00    0.00    0.00    0.00   90.91
01:14:00 AM   16    6.00    0.00    2.00    0.00    0.00    1.00    0.00    0.00    0.00   91.00
01:14:00 AM   17    2.04    0.00    1.02    0.00    0.00    0.00    0.00    0.00    0.00   96.94
01:14:00 AM   18    0.00    0.00    0.00    0.00    0.00    0.00    0.00    0.00    0.00  100.00
01:14:00 AM   19    0.00    0.00    0.00    0.00    0.00    0.00    0.00    0.00    0.00  100.00
01:14:00 AM   20    0.00    0.00    0.00    0.00    0.00    0.00    0.00    0.00    0.00  100.00
01:14:00 AM   21    0.00    0.00    0.00    0.00    0.00    0.00    0.00    0.00    0.00  100.00
01:14:00 AM   22    4.04    0.00    2.02    0.00    0.00    1.01    0.00    0.00    0.00   92.93
01:14:00 AM   23    5.75    0.00    4.60    0.00    0.00    2.30    0.00    0.00    0.00   87.36
01:14:00 AM   24    0.00    0.00    0.00    0.00    0.00    0.00    0.00    0.00    0.00  100.00
01:14:00 AM   25    0.00    0.00    0.99    0.00    0.00    0.00    0.00    0.00    0.00   99.01
01:14:00 AM   26    0.00    0.00    0.00    0.00    0.00    0.00    0.00    0.00    0.00  100.00
01:14:00 AM   27    0.00    0.00    0.00    0.00    0.00    0.00    0.00    0.00    0.00  100.00
01:14:00 AM   28    0.00    0.00    0.00    0.00    0.00    0.00    0.00    0.00    0.00  100.00
01:14:00 AM   29    0.00    0.00    0.00    0.00    0.00    0.00    0.00    0.00    0.00  100.00
01:14:00 AM   30    0.00    0.00    0.00    0.00    0.00    0.00    0.00    0.00    0.00  100.00
01:14:00 AM   31    0.00    0.00    0.00    0.00    0.00    0.00    0.00    0.00    0.00  100.00
01:14:00 AM   32    0.00    0.00    0.00    0.00    0.00    0.00    0.00    0.00    0.00  100.00
01:14:00 AM   33    0.00    0.00    0.00    0.00    0.00    0.00    0.00    0.00    0.00  100.00
01:14:00 AM   34    0.00    0.00    0.00    0.00    0.00    0.00    0.00    0.00    0.00  100.00
01:14:00 AM   35    0.00    0.00    0.00    0.00    0.00    0.00    0.00    0.00    0.00  100.00

01:14:00 AM  CPU    %usr   %nice    %sys %iowait    %irq   %soft  %steal  %guest  %gnice   %idle
01:14:01 AM  all    4.31    0.00    1.86    0.08    0.00    0.17    0.00    0.00    0.00   93.58
01:14:01 AM    0    8.25    0.00    4.12    0.00    0.00    0.00    0.00    0.00    0.00   87.63
01:14:01 AM    1    6.19    0.00    2.06    1.03    0.00    0.00    0.00    0.00    0.00   90.72
01:14:01 AM    2   10.31    0.00    2.06    0.00    0.00    0.00    0.00    0.00    0.00   87.63
01:14:01 AM    3    6.93    0.00    3.96    0.99    0.00    0.99    0.00    0.00    0.00   87.13
01:14:01 AM    4   10.10    0.00    3.03    0.00    0.00    0.00    0.00    0.00    0.00   86.87
01:14:01 AM    5    8.00    0.00    4.00    0.00    0.00    1.00    0.00    0.00    0.00   87.00
01:14:01 AM    6    7.07    0.00    3.03    0.00    0.00    1.01    0.00    0.00    0.00   88.89
01:14:01 AM    7    6.12    0.00    3.06    1.02    0.00    0.00    0.00    0.00    0.00   89.80
01:14:01 AM    8    9.00    0.00    4.00    0.00    0.00    0.00    0.00    0.00    0.00   87.00
01:14:01 AM    9    6.19    0.00    3.09    0.00    0.00    0.00    0.00    0.00    0.00   90.72
01:14:01 AM   10    7.07    0.00    4.04    0.00    0.00    1.01    0.00    0.00    0.00   87.88
01:14:01 AM   11    7.22    0.00    2.06    0.00    0.00    1.03    0.00    0.00    0.00   89.69
01:14:01 AM   12   13.40    0.00    3.09    0.00    0.00    0.00    0.00    0.00    0.00   83.51
01:14:01 AM   13    6.25    0.00    1.04    0.00    0.00    0.00    0.00    0.00    0.00   92.71
01:14:01 AM   14    8.00    0.00    4.00    0.00    0.00    0.00    0.00    0.00    0.00   88.00
01:14:01 AM   15    8.25    0.00    3.09    0.00    0.00    0.00    0.00    0.00    0.00   88.66
01:14:01 AM   16   10.31    0.00    2.06    0.00    0.00    0.00    0.00    0.00    0.00   87.63
01:14:01 AM   17    5.00    0.00   10.00    0.00    0.00    0.00    0.00    0.00    0.00   85.00
01:14:01 AM   18    0.00    0.00    0.00    0.00    0.00    0.00    0.00    0.00    0.00  100.00
01:14:01 AM   19    0.00    0.00    0.00    0.00    0.00    0.00    0.00    0.00    0.00  100.00
01:14:01 AM   20    0.00    0.00    0.00    0.00    0.00    0.00    0.00    0.00    0.00  100.00
01:14:01 AM   21    0.00    0.00    1.00    0.00    0.00    0.00    0.00    0.00    0.00   99.00
01:14:01 AM   22    5.10    0.00    1.02    0.00    0.00    0.00    0.00    0.00    0.00   93.88
01:14:01 AM   23    8.05    0.00    3.45    0.00    0.00    1.15    0.00    0.00    0.00   87.36
01:14:01 AM   24    0.00    0.00    0.00    0.00    0.00    0.00    0.00    0.00    0.00  100.00
01:14:01 AM   25    0.00    0.00    0.00    0.00    0.00    0.00    0.00    0.00    0.00  100.00
01:14:01 AM   26    0.00    0.00    0.00    0.00    0.00    0.00    0.00    0.00    0.00  100.00
01:14:01 AM   27    0.00    0.00    0.00    0.00    0.00    0.00    0.00    0.00    0.00  100.00
01:14:01 AM   28    0.00    0.00    0.00    0.00    0.00    0.00    0.00    0.00    0.00  100.00
01:14:01 AM   29    0.00    0.00    0.00    0.00    0.00    0.00    0.00    0.00    0.00  100.00
01:14:01 AM   30    0.00    0.00    0.00    0.00    0.00    0.00    0.00    0.00    0.00  100.00
01:14:01 AM   31    0.00    0.00    0.00    0.00    0.00    0.00    0.00    0.00    0.00  100.00
01:14:01 AM   32    0.00    0.00    0.00    0.00    0.00    0.00    0.00    0.00    0.00  100.00
01:14:01 AM   33    0.00    0.00    0.00    0.00    0.00    0.00    0.00    0.00    0.00  100.00
01:14:01 AM   34    0.00    0.00    0.00    0.00    0.00    0.00    0.00    0.00    0.00  100.00
01:14:01 AM   35    0.00    0.00    0.00    0.00    0.00    0.00    0.00    0.00    0.00  100.00

01:14:01 AM  CPU    %usr   %nice    %sys %iowait    %irq   %soft  %steal  %guest  %gnice   %idle
01:14:02 AM  all    2.69    0.00    1.19    0.06    0.00    0.11    0.00    0.00    0.00   95.95
01:14:02 AM    0    5.26    0.00    1.05    0.00    0.00    0.00    0.00    0.00    0.00   93.68
01:14:02 AM    1    8.25    0.00    0.00    0.00    0.00    0.00    0.00    0.00    0.00   91.75
01:14:02 AM    2    5.15    0.00    0.00    0.00    0.00    0.00    0.00    0.00    0.00   94.85
01:14:02 AM    3    2.11    0.00    2.11    0.00    0.00    0.00    0.00    0.00    0.00   95.79
01:14:02 AM    4    9.18    0.00    1.02    0.00    0.00    0.00    0.00    0.00    0.00   89.80
01:14:02 AM    5    3.09    0.00    3.09    0.00    0.00    0.00    0.00    0.00    0.00   93.81
01:14:02 AM    6    3.16    0.00    1.05    0.00    0.00    0.00    0.00    0.00    0.00   95.79
01:14:02 AM    7    3.16    0.00    0.00    0.00    0.00    0.00    0.00    0.00    0.00   96.84
01:14:02 AM    8    3.12    0.00    2.08    0.00    0.00    0.00    0.00    0.00    0.00   94.79
01:14:02 AM    9    5.05    0.00    2.02    0.00    0.00    0.00    0.00    0.00    0.00   92.93
01:14:02 AM   10    3.12    0.00    1.04    0.00    0.00    0.00    0.00    0.00    0.00   95.83
01:14:02 AM   11    4.04    0.00    3.03    0.00    0.00    1.01    0.00    0.00    0.00   91.92
01:14:02 AM   12    6.12    0.00    3.06    0.00    0.00    0.00    0.00    0.00    0.00   90.82
01:14:02 AM   13    5.10    0.00    2.04    0.00    0.00    0.00    0.00    0.00    0.00   92.86
01:14:02 AM   14    5.10    0.00    1.02    0.00    0.00    0.00    0.00    0.00    0.00   93.88
01:14:02 AM   15    5.15    0.00    2.06    1.03    0.00    1.03    0.00    0.00    0.00   90.72
01:14:02 AM   16    4.08    0.00    4.08    0.00    0.00    0.00    0.00    0.00    0.00   91.84
01:14:02 AM   17    5.05    0.00    8.08    1.01    0.00    0.00    0.00    0.00    0.00   85.86
01:14:02 AM   18    0.00    0.00    0.00    0.00    0.00    0.00    0.00    0.00    0.00  100.00
01:14:02 AM   19    0.00    0.00    0.00    0.00    0.00    0.00    0.00    0.00    0.00  100.00
01:14:02 AM   20    0.00    0.00    0.00    0.00    0.00    0.00    0.00    0.00    0.00  100.00
01:14:02 AM   21    0.00    0.00    0.00    0.00    0.00    0.00    0.00    0.00    0.00  100.00
01:14:02 AM   22    4.95    0.00    2.97    0.00    0.00    0.99    0.00    0.00    0.00   91.09
01:14:02 AM   23    8.14    0.00    3.49    0.00    0.00    1.16    0.00    0.00    0.00   87.21
01:14:02 AM   24    0.00    0.00    0.00    0.00    0.00    0.00    0.00    0.00    0.00  100.00
01:14:02 AM   25    0.00    0.00    0.00    0.00    0.00    0.00    0.00    0.00    0.00  100.00
01:14:02 AM   26    0.00    0.00    0.00    0.00    0.00    0.00    0.00    0.00    0.00  100.00
01:14:02 AM   27    0.00    0.00    0.00    0.00    0.00    0.00    0.00    0.00    0.00  100.00
01:14:02 AM   28    0.00    0.00    0.00    0.00    0.00    0.00    0.00    0.00    0.00  100.00
01:14:02 AM   29    0.00    0.00    0.00    0.00    0.00    0.00    0.00    0.00    0.00  100.00
01:14:02 AM   30    0.00    0.00    0.00    0.00    0.00    0.00    0.00    0.00    0.00  100.00
01:14:02 AM   31    0.00    0.00    0.00    0.00    0.00    0.00    0.00    0.00    0.00  100.00
01:14:02 AM   32    0.00    0.00    0.00    0.00    0.00    0.00    0.00    0.00    0.00  100.00
01:14:02 AM   33    0.00    0.00    0.00    0.00    0.00    0.00    0.00    0.00    0.00  100.00
01:14:02 AM   34    0.00    0.00    0.00    0.00    0.00    0.00    0.00    0.00    0.00  100.00
01:14:02 AM   35    0.00    0.00    0.00    0.00    0.00    0.00    0.00    0.00    0.00  100.00

01:14:02 AM  CPU    %usr   %nice    %sys %iowait    %irq   %soft  %steal  %guest  %gnice   %idle
01:14:03 AM  all    3.72    0.00    1.53    0.03    0.00    0.14    0.00    0.00    0.00   94.58
01:14:03 AM    0   10.64    0.00    2.13    0.00    0.00    0.00    0.00    0.00    0.00   87.23
01:14:03 AM    1    9.18    0.00    4.08    0.00    0.00    0.00    0.00    0.00    0.00   86.73
01:14:03 AM    2    5.26    0.00    1.05    0.00    0.00    0.00    0.00    0.00    0.00   93.68
01:14:03 AM    3    6.19    0.00    4.12    0.00    0.00    0.00    0.00    0.00    0.00   89.69
01:14:03 AM    4    8.16    0.00    3.06    0.00    0.00    0.00    0.00    0.00    0.00   88.78
01:14:03 AM    5    6.19    0.00    3.09    0.00    0.00    0.00    0.00    0.00    0.00   90.72
01:14:03 AM    6    8.25    0.00    7.22    0.00    0.00    0.00    0.00    0.00    0.00   84.54
01:14:03 AM    7    6.25    0.00    1.04    0.00    0.00    0.00    0.00    0.00    0.00   92.71
01:14:03 AM    8    6.06    0.00    4.04    0.00    0.00    0.00    0.00    0.00    0.00   89.90
01:14:03 AM    9    6.32    0.00    2.11    0.00    0.00    0.00    0.00    0.00    0.00   91.58
01:14:03 AM   10    7.22    0.00    3.09    0.00    0.00    0.00    0.00    0.00    0.00   89.69
01:14:03 AM   11    6.12    0.00    1.02    0.00    0.00    1.02    0.00    0.00    0.00   91.84
01:14:03 AM   12    8.16    0.00    3.06    1.02    0.00    0.00    0.00    0.00    0.00   87.76
01:14:03 AM   13    9.38    0.00    3.12    0.00    0.00    0.00    0.00    0.00    0.00   87.50
01:14:03 AM   14    5.21    0.00    3.12    0.00    0.00    0.00    0.00    0.00    0.00   91.67
01:14:03 AM   15    5.26    0.00    1.05    0.00    0.00    1.05    0.00    0.00    0.00   92.63
01:14:03 AM   16    6.32    0.00    1.05    0.00    0.00    0.00    0.00    0.00    0.00   92.63
01:14:03 AM   17    5.00    0.00    2.00    0.00    0.00    0.00    0.00    0.00    0.00   93.00
01:14:03 AM   18    0.00    0.00    0.00    0.00    0.00    0.00    0.00    0.00    0.00  100.00
01:14:03 AM   19    0.00    0.00    0.00    0.00    0.00    0.00    0.00    0.00    0.00  100.00
01:14:03 AM   20    0.00    0.00    0.00    0.00    0.00    0.00    0.00    0.00    0.00  100.00
01:14:03 AM   21    1.00    0.00    0.00    0.00    0.00    0.00    0.00    0.00    0.00   99.00
01:14:03 AM   22    3.03    0.00    3.03    0.00    0.00    1.01    0.00    0.00    0.00   92.93
01:14:03 AM   23    6.90    0.00    3.45    0.00    0.00    2.30    0.00    0.00    0.00   87.36
01:14:03 AM   24    0.00    0.00    0.00    0.00    0.00    0.00    0.00    0.00    0.00  100.00
01:14:03 AM   25    0.00    0.00    0.00    0.00    0.00    0.00    0.00    0.00    0.00  100.00
01:14:03 AM   26    0.00    0.00    0.00    0.00    0.00    0.00    0.00    0.00    0.00  100.00
01:14:03 AM   27    0.00    0.00    0.00    0.00    0.00    0.00    0.00    0.00    0.00  100.00
01:14:03 AM   28    0.00    0.00    0.00    0.00    0.00    0.00    0.00    0.00    0.00  100.00
01:14:03 AM   29    0.00    0.00    0.00    0.00    0.00    0.00    0.00    0.00    0.00  100.00
01:14:03 AM   30    0.00    0.00    0.00    0.00    0.00    0.00    0.00    0.00    0.00  100.00
01:14:03 AM   31    0.00    0.00    0.00    0.00    0.00    0.00    0.00    0.00    0.00  100.00
01:14:03 AM   32    0.00    0.00    0.00    0.00    0.00    0.00    0.00    0.00    0.00  100.00
01:14:03 AM   33    0.00    0.00    0.00    0.00    0.00    0.00    0.00    0.00    0.00  100.00
01:14:03 AM   34    0.00    0.00    0.00    0.00    0.00    0.00    0.00    0.00    0.00  100.00
01:14:03 AM   35    0.00    0.00    0.00    0.00    0.00    0.00    0.00    0.00    0.00  100.00

01:14:03 AM  CPU    %usr   %nice    %sys %iowait    %irq   %soft  %steal  %guest  %gnice   %idle
01:14:04 AM  all    2.14    0.00    1.33    0.00    0.00    0.25    0.00    0.00    0.00   96.28
01:14:04 AM    0    3.09    0.00    2.06    0.00    0.00    1.03    0.00    0.00    0.00   93.81
01:14:04 AM    1    2.04    0.00    2.04    0.00    0.00    2.04    0.00    0.00    0.00   93.88
01:14:04 AM    2    3.06    0.00    2.04    0.00    0.00    0.00    0.00    0.00    0.00   94.90
01:14:04 AM    3    4.00    0.00    4.00    0.00    0.00    0.00    0.00    0.00    0.00   92.00
01:14:04 AM    4    6.00    0.00    2.00    0.00    0.00    1.00    0.00    0.00    0.00   91.00
01:14:04 AM    5    4.12    0.00    2.06    0.00    0.00    0.00    0.00    0.00    0.00   93.81
01:14:04 AM    6    4.12    0.00    1.03    0.00    0.00    1.03    0.00    0.00    0.00   93.81
01:14:04 AM    7    5.10    0.00    2.04    0.00    0.00    0.00    0.00    0.00    0.00   92.86
01:14:04 AM    8    4.12    0.00    2.06    0.00    0.00    0.00    0.00    0.00    0.00   93.81
01:14:04 AM    9    4.00    0.00    3.00    0.00    0.00    1.00    0.00    0.00    0.00   92.00
01:14:04 AM   10    4.08    0.00    2.04    0.00    0.00    0.00    0.00    0.00    0.00   93.88
01:14:04 AM   11    3.16    0.00    0.00    0.00    0.00    0.00    0.00    0.00    0.00   96.84
01:14:04 AM   12    4.04    0.00    2.02    0.00    0.00    0.00    0.00    0.00    0.00   93.94
01:14:04 AM   13    2.06    0.00    3.09    0.00    0.00    0.00    0.00    0.00    0.00   94.85
01:14:04 AM   14    3.06    0.00    1.02    0.00    0.00    1.02    0.00    0.00    0.00   94.90
01:14:04 AM   15    3.09    0.00    3.09    0.00    0.00    0.00    0.00    0.00    0.00   93.81
01:14:04 AM   16    3.09    0.00    2.06    0.00    0.00    0.00    0.00    0.00    0.00   94.85
01:14:04 AM   17    4.04    0.00    7.07    0.00    0.00    0.00    0.00    0.00    0.00   88.89
01:14:04 AM   18    0.00    0.00    0.00    0.00    0.00    0.00    0.00    0.00    0.00  100.00
01:14:04 AM   19    0.00    0.00    0.00    0.00    0.00    0.00    0.00    0.00    0.00  100.00
01:14:04 AM   20    0.00    0.00    0.00    0.00    0.00    0.00    0.00    0.00    0.00  100.00
01:14:04 AM   21    0.00    0.00    0.00    0.00    0.00    0.00    0.00    0.00    0.00  100.00
01:14:04 AM   22    4.04    0.00    2.02    0.00    0.00    1.01    0.00    0.00    0.00   92.93
01:14:04 AM   23    8.05    0.00    3.45    0.00    0.00    1.15    0.00    0.00    0.00   87.36
01:14:04 AM   24    0.00    0.00    0.00    0.00    0.00    0.00    0.00    0.00    0.00  100.00
01:14:04 AM   25    0.00    0.00    0.00    0.00    0.00    0.00    0.00    0.00    0.00  100.00
01:14:04 AM   26    0.00    0.00    0.00    0.00    0.00    0.00    0.00    0.00    0.00  100.00
01:14:04 AM   27    0.00    0.00    0.00    0.00    0.00    0.00    0.00    0.00    0.00  100.00
01:14:04 AM   28    0.00    0.00    0.00    0.00    0.00    0.00    0.00    0.00    0.00  100.00
01:14:04 AM   29    0.00    0.00    0.00    0.00    0.00    0.00    0.00    0.00    0.00  100.00
01:14:04 AM   30    0.00    0.00    0.00    0.00    0.00    0.00    0.00    0.00    0.00  100.00
01:14:04 AM   31    0.00    0.00    0.00    0.00    0.00    0.00    0.00    0.00    0.00  100.00
01:14:04 AM   32    0.00    0.00    0.00    0.00    0.00    0.00    0.00    0.00    0.00  100.00
01:14:04 AM   33    0.00    0.00    0.00    0.00    0.00    0.00    0.00    0.00    0.00  100.00
01:14:04 AM   34    0.00    0.00    0.00    0.00    0.00    0.00    0.00    0.00    0.00  100.00
01:14:04 AM   35    0.00    0.00    0.00    0.00    0.00    0.00    0.00    0.00    0.00  100.00

Average:     CPU    %usr   %nice    %sys %iowait    %irq   %soft  %steal  %guest  %gnice   %idle
Average:     all    2.97    0.00    1.51    0.04    0.00    0.15    0.00    0.00    0.00   95.33
Average:       0    6.56    0.00    2.19    0.00    0.00    0.31    0.00    0.00    0.00   90.95
Average:       1    6.25    0.00    2.87    0.10    0.00    0.41    0.00    0.00    0.00   90.37
Average:       2    5.25    0.00    2.27    0.00    0.00    0.21    0.00    0.00    0.00   92.28
Average:       3    4.12    0.00    3.20    0.10    0.00    0.21    0.00    0.00    0.00   92.37
Average:       4    6.21    0.00    2.24    0.00    0.00    0.31    0.00    0.00    0.00   91.24
Average:       5    5.72    0.00    4.09    0.00    0.00    0.10    0.00    0.00    0.00   90.09
Average:       6    5.23    0.00    4.00    0.00    0.00    0.31    0.00    0.00    0.00   90.47
Average:       7    5.87    0.00    1.75    0.10    0.00    0.10    0.00    0.00    0.00   92.17
Average:       8    5.55    0.00    2.77    0.00    0.00    0.00    0.00    0.00    0.00   91.68
Average:       9    4.04    0.00    2.07    0.00    0.00    0.10    0.00    0.00    0.00   93.79
Average:      10    4.84    0.00    2.67    0.21    0.00    0.21    0.00    0.00    0.00   92.08
Average:      11    5.01    0.00    3.07    0.00    0.00    0.51    0.00    0.00    0.00   91.41
Average:      12    6.35    0.00    2.35    0.20    0.00    0.10    0.00    0.00    0.00   90.99
Average:      13    5.56    0.00    2.37    0.10    0.00    0.00    0.00    0.00    0.00   91.97
Average:      14    5.62    0.00    2.45    0.10    0.00    0.10    0.00    0.00    0.00   91.72
Average:      15    5.97    0.00    3.09    0.21    0.00    0.21    0.00    0.00    0.00   90.53
Average:      16    5.07    0.00    1.97    0.10    0.00    0.21    0.00    0.00    0.00   92.65
Average:      17    3.76    0.00    3.25    0.20    0.00    0.00    0.00    0.00    0.00   92.79
Average:      18    0.00    0.00    0.00    0.00    0.00    0.00    0.00    0.00    0.00  100.00
Average:      19    0.10    0.00    0.00    0.10    0.00    0.00    0.00    0.00    0.00   99.80
Average:      20    0.10    0.00    0.20    0.00    0.00    0.00    0.00    0.00    0.00   99.70
Average:      21    0.10    0.00    0.20    0.00    0.00    0.00    0.00    0.00    0.00   99.70
Average:      22    4.04    0.00    2.02    0.00    0.00    0.81    0.00    0.00    0.00   93.14
Average:      23    7.09    0.00    3.32    0.00    0.00    1.37    0.00    0.00    0.00   88.22
Average:      24    0.00    0.00    0.30    0.00    0.00    0.00    0.00    0.00    0.00   99.70
Average:      25    0.00    0.00    0.30    0.00    0.00    0.00    0.00    0.00    0.00   99.70
Average:      26    0.00    0.00    0.00    0.00    0.00    0.00    0.00    0.00    0.00  100.00
Average:      27    0.00    0.00    0.00    0.00    0.00    0.00    0.00    0.00    0.00  100.00
Average:      28    0.00    0.00    0.00    0.00    0.00    0.00    0.00    0.00    0.00  100.00
Average:      29    0.00    0.00    0.00    0.00    0.00    0.00    0.00    0.00    0.00  100.00
Average:      30    0.00    0.00    0.00    0.00    0.00    0.00    0.00    0.00    0.00  100.00
Average:      31    0.00    0.00    0.00    0.00    0.00    0.00    0.00    0.00    0.00  100.00
Average:      32    0.00    0.00    0.00    0.00    0.00    0.00    0.00    0.00    0.00  100.00
Average:      33    0.00    0.00    0.00    0.00    0.00    0.00    0.00    0.00    0.00  100.00
Average:      34    0.00    0.00    0.00    0.00    0.00    0.00    0.00    0.00    0.00  100.00
Average:      35    0.00    0.00    0.00    0.00    0.00    0.00    0.00    0.00    0.00  100.00
