Linux 5.15.0-186-generic (rapids4) 	08/11/2026 	_x86_64_	(36 CPU)

01:26:35 AM  CPU    %usr   %nice    %sys %iowait    %irq   %soft  %steal  %guest  %gnice   %idle
01:26:36 AM  all    5.67    0.00    2.11    0.00    0.00    0.53    0.00    0.00    0.00   91.69
01:26:36 AM    0   10.28    0.00    3.74    0.00    0.00    5.61    0.00    0.00    0.00   80.37
01:26:36 AM    1    5.10    0.00    2.04    0.00    0.00    2.04    0.00    0.00    0.00   90.82
01:26:36 AM    2    8.82    0.00    5.88    0.00    0.00    0.00    0.00    0.00    0.00   85.29
01:26:36 AM    3    6.06    0.00    2.02    0.00    0.00    2.02    0.00    0.00    0.00   89.90
01:26:36 AM    4    4.21    0.00    1.05    0.00    0.00    0.00    0.00    0.00    0.00   94.74
01:26:36 AM    5    8.16    0.00    3.06    0.00    0.00    1.02    0.00    0.00    0.00   87.76
01:26:36 AM    6    6.32    0.00    3.16    0.00    0.00    0.00    0.00    0.00    0.00   90.53
01:26:36 AM    7    6.19    0.00    2.06    0.00    0.00    0.00    0.00    0.00    0.00   91.75
01:26:36 AM    8    4.17    0.00    3.12    0.00    0.00    0.00    0.00    0.00    0.00   92.71
01:26:36 AM    9    5.15    0.00    3.09    0.00    0.00    0.00    0.00    0.00    0.00   91.75
01:26:36 AM   10   11.11    0.00    1.01    0.00    0.00    0.00    0.00    0.00    0.00   87.88
01:26:36 AM   11    9.47    0.00    4.21    0.00    0.00    0.00    0.00    0.00    0.00   86.32
01:26:36 AM   12    6.25    0.00    7.29    0.00    0.00    0.00    0.00    0.00    0.00   86.46
01:26:36 AM   13    5.10    0.00    2.04    0.00    0.00    0.00    0.00    0.00    0.00   92.86
01:26:36 AM   14    6.19    0.00    2.06    0.00    0.00    0.00    0.00    0.00    0.00   91.75
01:26:36 AM   15    6.12    0.00    3.06    0.00    0.00    1.02    0.00    0.00    0.00   89.80
01:26:36 AM   16    4.12    0.00    4.12    0.00    0.00    0.00    0.00    0.00    0.00   91.75
01:26:36 AM   17    7.92    0.00    4.95    0.00    0.00    0.00    0.00    0.00    0.00   87.13
01:26:36 AM   18    0.00    0.00    0.00    0.00    0.00    0.00    0.00    0.00    0.00  100.00
01:26:36 AM   19    0.00    0.00    0.00    0.00    0.00    0.00    0.00    0.00    0.00  100.00
01:26:36 AM   20    0.00    0.00    0.00    0.00    0.00    0.00    0.00    0.00    0.00  100.00
01:26:36 AM   21    0.00    0.00    0.00    0.00    0.00    0.00    0.00    0.00    0.00  100.00
01:26:36 AM   22    0.00    0.00    0.00    0.00    0.00    0.00    0.00    0.00    0.00  100.00
01:26:36 AM   23    0.00    0.00    0.00    0.00    0.00    0.00    0.00    0.00    0.00  100.00
01:26:36 AM   24   44.44    0.00    9.09    0.00    0.00    3.03    0.00    0.00    0.00   43.43
01:26:36 AM   25   39.39    0.00    9.09    0.00    0.00    4.04    0.00    0.00    0.00   47.47
01:26:36 AM   26    0.00    0.00    0.00    0.00    0.00    0.00    0.00    0.00    0.00  100.00
01:26:36 AM   27    0.00    0.00    0.00    0.00    0.00    0.00    0.00    0.00    0.00  100.00
01:26:36 AM   28    0.00    0.00    0.00    0.00    0.00    0.00    0.00    0.00    0.00  100.00
01:26:36 AM   29    0.00    0.00    0.00    0.00    0.00    0.00    0.00    0.00    0.00  100.00
01:26:36 AM   30    0.00    0.00    0.00    0.00    0.00    0.00    0.00    0.00    0.00  100.00
01:26:36 AM   31    0.00    0.00    0.00    0.00    0.00    0.00    0.00    0.00    0.00  100.00
01:26:36 AM   32    0.00    0.00    0.00    0.00    0.00    0.00    0.00    0.00    0.00  100.00
01:26:36 AM   33    0.00    0.00    0.00    0.00    0.00    0.00    0.00    0.00    0.00  100.00
01:26:36 AM   34    0.00    0.00    0.00    0.00    0.00    0.00    0.00    0.00    0.00  100.00
01:26:36 AM   35    0.00    0.00    0.00    0.00    0.00    0.00    0.00    0.00    0.00  100.00

01:26:36 AM  CPU    %usr   %nice    %sys %iowait    %irq   %soft  %steal  %guest  %gnice   %idle
01:26:37 AM  all    7.60    0.00    2.49    0.03    0.00    0.70    0.00    0.00    0.00   89.19
01:26:37 AM    0    5.88    0.00    2.94    0.00    0.00    4.90    0.00    0.00    0.00   86.27
01:26:37 AM    1   10.89    0.00    2.97    0.00    0.00    2.97    0.00    0.00    0.00   83.17
01:26:37 AM    2    2.06    0.00    2.06    0.00    0.00    4.12    0.00    0.00    0.00   91.75
01:26:37 AM    3    6.93    0.00    2.97    0.00    0.00    0.00    0.00    0.00    0.00   90.10
01:26:37 AM    4    6.19    0.00    1.03    0.00    0.00    1.03    0.00    0.00    0.00   91.75
01:26:37 AM    5    8.25    0.00    1.03    0.00    0.00    1.03    0.00    0.00    0.00   89.69
01:26:37 AM    6    7.07    0.00    2.02    0.00    0.00    0.00    0.00    0.00    0.00   90.91
01:26:37 AM    7    4.12    0.00    3.09    0.00    0.00    0.00    0.00    0.00    0.00   92.78
01:26:37 AM    8    6.12    0.00    3.06    0.00    0.00    0.00    0.00    0.00    0.00   90.82
01:26:37 AM    9    5.10    0.00    3.06    0.00    0.00    0.00    0.00    0.00    0.00   91.84
01:26:37 AM   10    7.22    0.00    2.06    0.00    0.00    0.00    0.00    0.00    0.00   90.72
01:26:37 AM   11    5.21    0.00    2.08    0.00    0.00    0.00    0.00    0.00    0.00   92.71
01:26:37 AM   12    5.00    0.00    5.00    0.00    0.00    1.00    0.00    0.00    0.00   89.00
01:26:37 AM   13   11.00    0.00   16.00    0.00    0.00    0.00    0.00    0.00    0.00   73.00
01:26:37 AM   14    5.10    0.00    2.04    0.00    0.00    0.00    0.00    0.00    0.00   92.86
01:26:37 AM   15    7.07    0.00    3.03    1.01    0.00    0.00    0.00    0.00    0.00   88.89
01:26:37 AM   16    5.94    0.00    3.96    0.00    0.00    0.00    0.00    0.00    0.00   90.10
01:26:37 AM   17    4.04    0.00    3.03    0.00    0.00    0.00    0.00    0.00    0.00   92.93
01:26:37 AM   18    0.00    0.00    0.00    0.00    0.00    0.00    0.00    0.00    0.00  100.00
01:26:37 AM   19    0.00    0.00    0.00    0.00    0.00    0.00    0.00    0.00    0.00  100.00
01:26:37 AM   20    0.00    0.00    0.00    0.00    0.00    0.00    0.00    0.00    0.00  100.00
01:26:37 AM   21    0.00    0.00    0.00    0.00    0.00    0.00    0.00    0.00    0.00  100.00
01:26:37 AM   22    0.00    0.00    0.00    0.00    0.00    0.00    0.00    0.00    0.00  100.00
01:26:37 AM   23    0.00    0.00    0.00    0.00    0.00    0.00    0.00    0.00    0.00  100.00
01:26:37 AM   24   77.23    0.00   17.82    0.00    0.00    4.95    0.00    0.00    0.00    0.00
01:26:37 AM   25   78.43    0.00    9.80    0.00    0.00    4.90    0.00    0.00    0.00    6.86
01:26:37 AM   26    0.00    0.00    0.00    0.00    0.00    0.00    0.00    0.00    0.00  100.00
01:26:37 AM   27    0.00    0.00    0.00    0.00    0.00    0.00    0.00    0.00    0.00  100.00
01:26:37 AM   28    0.00    0.00    0.00    0.00    0.00    0.00    0.00    0.00    0.00  100.00
01:26:37 AM   29    1.00    0.00    0.00    0.00    0.00    0.00    0.00    0.00    0.00   99.00
01:26:37 AM   30    0.00    0.00    0.00    0.00    0.00    0.00    0.00    0.00    0.00  100.00
01:26:37 AM   31    0.00    0.00    0.00    0.00    0.00    0.00    0.00    0.00    0.00  100.00
01:26:37 AM   32    0.00    0.00    0.00    0.00    0.00    0.00    0.00    0.00    0.00  100.00
01:26:37 AM   33    0.00    0.00    0.00    0.00    0.00    0.00    0.00    0.00    0.00  100.00
01:26:37 AM   34    0.00    0.00    0.00    0.00    0.00    0.00    0.00    0.00    0.00  100.00
01:26:37 AM   35    0.99    0.00    0.00    0.00    0.00    0.00    0.00    0.00    0.00   99.01

01:26:37 AM  CPU    %usr   %nice    %sys %iowait    %irq   %soft  %steal  %guest  %gnice   %idle
01:26:38 AM  all    7.66    0.00    2.30    0.11    0.00    0.56    0.00    0.00    0.00   89.36
01:26:38 AM    0    3.96    0.00    0.99    0.00    0.00    6.93    0.00    0.00    0.00   88.12
01:26:38 AM    1    6.80    0.00    2.91    0.00    0.00    4.85    0.00    0.00    0.00   85.44
01:26:38 AM    2    6.06    0.00    4.04    0.00    0.00    1.01    0.00    0.00    0.00   88.89
01:26:38 AM    3   15.31    0.00    3.06    0.00    0.00    0.00    0.00    0.00    0.00   81.63
01:26:38 AM    4    6.12    0.00    3.06    0.00    0.00    0.00    0.00    0.00    0.00   90.82
01:26:38 AM    5    9.18    0.00    3.06    2.04    0.00    0.00    0.00    0.00    0.00   85.71
01:26:38 AM    6    3.12    0.00    3.12    0.00    0.00    0.00    0.00    0.00    0.00   93.75
01:26:38 AM    7   12.24    0.00    5.10    0.00    0.00    0.00    0.00    0.00    0.00   82.65
01:26:38 AM    8    4.12    0.00    3.09    0.00    0.00    0.00    0.00    0.00    0.00   92.78
01:26:38 AM    9    5.10    0.00    4.08    0.00    0.00    0.00    0.00    0.00    0.00   90.82
01:26:38 AM   10    8.16    0.00    1.02    0.00    0.00    0.00    0.00    0.00    0.00   90.82
01:26:38 AM   11    3.16    0.00    3.16    1.05    0.00    0.00    0.00    0.00    0.00   92.63
01:26:38 AM   12    4.08    0.00    5.10    0.00    0.00    0.00    0.00    0.00    0.00   90.82
01:26:38 AM   13    6.12    0.00    3.06    1.02    0.00    1.02    0.00    0.00    0.00   88.78
01:26:38 AM   14    4.12    0.00    4.12    0.00    0.00    0.00    0.00    0.00    0.00   91.75
01:26:38 AM   15    7.14    0.00    3.06    0.00    0.00    0.00    0.00    0.00    0.00   89.80
01:26:38 AM   16    6.25    0.00    0.00    0.00    0.00    0.00    0.00    0.00    0.00   93.75
01:26:38 AM   17    6.06    0.00    2.02    0.00    0.00    0.00    0.00    0.00    0.00   91.92
01:26:38 AM   18    0.00    0.00    0.00    0.00    0.00    0.00    0.00    0.00    0.00  100.00
01:26:38 AM   19    0.00    0.00    0.00    0.00    0.00    0.00    0.00    0.00    0.00  100.00
01:26:38 AM   20    0.00    0.00    0.00    0.00    0.00    0.00    0.00    0.00    0.00  100.00
01:26:38 AM   21    0.00    0.00    0.00    0.00    0.00    0.00    0.00    0.00    0.00  100.00
01:26:38 AM   22    0.00    0.00    0.00    0.00    0.00    0.00    0.00    0.00    0.00  100.00
01:26:38 AM   23    0.00    0.00    0.00    0.00    0.00    0.00    0.00    0.00    0.00  100.00
01:26:38 AM   24   82.83    0.00   16.16    0.00    0.00    1.01    0.00    0.00    0.00    0.00
01:26:38 AM   25   75.25    0.00   12.87    0.00    0.00    4.95    0.00    0.00    0.00    6.93
01:26:38 AM   26    0.00    0.00    0.00    0.00    0.00    0.00    0.00    0.00    0.00  100.00
01:26:38 AM   27    0.00    0.00    0.00    0.00    0.00    0.00    0.00    0.00    0.00  100.00
01:26:38 AM   28    0.00    0.00    0.00    0.00    0.00    0.00    0.00    0.00    0.00  100.00
01:26:38 AM   29    0.00    0.00    0.00    0.00    0.00    0.00    0.00    0.00    0.00  100.00
01:26:38 AM   30    0.00    0.00    0.00    0.00    0.00    0.00    0.00    0.00    0.00  100.00
01:26:38 AM   31    0.00    0.00    0.00    0.00    0.00    0.00    0.00    0.00    0.00  100.00
01:26:38 AM   32    0.00    0.00    0.00    0.00    0.00    0.00    0.00    0.00    0.00  100.00
01:26:38 AM   33    0.00    0.00    0.00    0.00    0.00    0.00    0.00    0.00    0.00  100.00
01:26:38 AM   34    0.00    0.00    0.00    0.00    0.00    0.00    0.00    0.00    0.00  100.00
01:26:38 AM   35    0.00    0.00    0.00    0.00    0.00    0.00    0.00    0.00    0.00  100.00

01:26:38 AM  CPU    %usr   %nice    %sys %iowait    %irq   %soft  %steal  %guest  %gnice   %idle
01:26:39 AM  all    7.93    0.00    2.56    0.03    0.00    0.56    0.00    0.00    0.00   88.92
01:26:39 AM    0    4.17    0.00    7.29    0.00    0.00    3.12    0.00    0.00    0.00   85.42
01:26:39 AM    1    7.14    0.00    4.08    0.00    0.00    3.06    0.00    0.00    0.00   85.71
01:26:39 AM    2    8.16    0.00    4.08    0.00    0.00    0.00    0.00    0.00    0.00   87.76
01:26:39 AM    3    7.07    0.00    4.04    0.00    0.00    0.00    0.00    0.00    0.00   88.89
01:26:39 AM    4    6.19    0.00    3.09    0.00    0.00    1.03    0.00    0.00    0.00   89.69
01:26:39 AM    5    6.25    0.00    3.12    0.00    0.00    0.00    0.00    0.00    0.00   90.62
01:26:39 AM    6    6.19    0.00    3.09    0.00    0.00    0.00    0.00    0.00    0.00   90.72
01:26:39 AM    7   13.27    0.00    0.00    0.00    0.00    0.00    0.00    0.00    0.00   86.73
01:26:39 AM    8    6.25    0.00    1.04    0.00    0.00    0.00    0.00    0.00    0.00   92.71
01:26:39 AM    9    6.06    0.00    3.03    0.00    0.00    1.01    0.00    0.00    0.00   89.90
01:26:39 AM   10    8.08    0.00    3.03    0.00    0.00    1.01    0.00    0.00    0.00   87.88
01:26:39 AM   11   10.10    0.00    3.03    0.00    0.00    0.00    0.00    0.00    0.00   86.87
01:26:39 AM   12    6.19    0.00    3.09    0.00    0.00    0.00    0.00    0.00    0.00   90.72
01:26:39 AM   13    7.14    0.00    7.14    0.00    0.00    0.00    0.00    0.00    0.00   85.71
01:26:39 AM   14    8.08    0.00    4.04    0.00    0.00    0.00    0.00    0.00    0.00   87.88
01:26:39 AM   15    7.14    0.00    3.06    1.02    0.00    0.00    0.00    0.00    0.00   88.78
01:26:39 AM   16    8.00    0.00    5.00    0.00    0.00    0.00    0.00    0.00    0.00   87.00
01:26:39 AM   17    7.22    0.00    4.12    0.00    0.00    0.00    0.00    0.00    0.00   88.66
01:26:39 AM   18    0.00    0.00    0.00    0.00    0.00    0.00    0.00    0.00    0.00  100.00
01:26:39 AM   19    0.00    0.00    0.00    0.00    0.00    0.00    0.00    0.00    0.00  100.00
01:26:39 AM   20    0.00    0.00    0.00    0.00    0.00    0.00    0.00    0.00    0.00  100.00
01:26:39 AM   21    0.00    0.00    0.00    0.00    0.00    0.00    0.00    0.00    0.00  100.00
01:26:39 AM   22    0.00    0.00    0.00    0.00    0.00    0.00    0.00    0.00    0.00  100.00
01:26:39 AM   23    0.00    0.00    0.00    0.00    0.00    0.00    0.00    0.00    0.00  100.00
01:26:39 AM   24   80.20    0.00   14.85    0.00    0.00    4.95    0.00    0.00    0.00    0.00
01:26:39 AM   25   74.74    0.00   12.63    0.00    0.00    6.32    0.00    0.00    0.00    6.32
01:26:39 AM   26    0.00    0.00    0.00    0.00    0.00    0.00    0.00    0.00    0.00  100.00
01:26:39 AM   27    0.00    0.00    0.00    0.00    0.00    0.00    0.00    0.00    0.00  100.00
01:26:39 AM   28    0.00    0.00    0.00    0.00    0.00    0.00    0.00    0.00    0.00  100.00
01:26:39 AM   29    0.00    0.00    0.00    0.00    0.00    0.00    0.00    0.00    0.00  100.00
01:26:39 AM   30    0.00    0.00    0.00    0.00    0.00    0.00    0.00    0.00    0.00  100.00
01:26:39 AM   31    0.00    0.00    0.00    0.00    0.00    0.00    0.00    0.00    0.00  100.00
01:26:39 AM   32    0.00    0.00    0.00    0.00    0.00    0.00    0.00    0.00    0.00  100.00
01:26:39 AM   33    0.00    0.00    0.00    0.00    0.00    0.00    0.00    0.00    0.00  100.00
01:26:39 AM   34    0.00    0.00    0.00    0.00    0.00    0.00    0.00    0.00    0.00  100.00
01:26:39 AM   35    0.00    0.00    0.00    0.00    0.00    0.00    0.00    0.00    0.00  100.00

01:26:39 AM  CPU    %usr   %nice    %sys %iowait    %irq   %soft  %steal  %guest  %gnice   %idle
01:26:40 AM  all    7.34    0.00    1.91    0.11    0.00    0.70    0.00    0.00    0.00   89.94
01:26:40 AM    0    4.00    0.00    2.00    0.00    0.00    4.00    0.00    0.00    0.00   90.00
01:26:40 AM    1    3.12    0.00    4.17    0.00    0.00    0.00    0.00    0.00    0.00   92.71
01:26:40 AM    2    3.03    0.00    1.01    1.01    0.00    4.04    0.00    0.00    0.00   90.91
01:26:40 AM    3    6.06    0.00    3.03    0.00    0.00    2.02    0.00    0.00    0.00   88.89
01:26:40 AM    4    7.22    0.00    3.09    0.00    0.00    0.00    0.00    0.00    0.00   89.69
01:26:40 AM    5    5.21    0.00    2.08    0.00    0.00    0.00    0.00    0.00    0.00   92.71
01:26:40 AM    6    7.14    0.00    2.04    0.00    0.00    1.02    0.00    0.00    0.00   89.80
01:26:40 AM    7    7.07    0.00    2.02    1.01    0.00    0.00    0.00    0.00    0.00   89.90
01:26:40 AM    8    6.00    0.00    4.00    0.00    0.00    0.00    0.00    0.00    0.00   90.00
01:26:40 AM    9    8.25    0.00    1.03    0.00    0.00    0.00    0.00    0.00    0.00   90.72
01:26:40 AM   10    6.12    0.00    3.06    0.00    0.00    1.02    0.00    0.00    0.00   89.80
01:26:40 AM   11    5.15    0.00    2.06    0.00    0.00    0.00    0.00    0.00    0.00   92.78
01:26:40 AM   12    5.10    0.00    2.04    0.00    0.00    0.00    0.00    0.00    0.00   92.86
01:26:40 AM   13    5.10    0.00    2.04    0.00    0.00    0.00    0.00    0.00    0.00   92.86
01:26:40 AM   14    7.07    0.00    2.02    1.01    0.00    0.00    0.00    0.00    0.00   89.90
01:26:40 AM   15    7.07    0.00    2.02    0.00    0.00    1.01    0.00    0.00    0.00   89.90
01:26:40 AM   16   10.20    0.00    3.06    0.00    0.00    0.00    0.00    0.00    0.00   86.73
01:26:40 AM   17    5.88    0.00    0.98    0.98    0.00    0.00    0.00    0.00    0.00   92.16
01:26:40 AM   18    0.00    0.00    0.00    0.00    0.00    0.00    0.00    0.00    0.00  100.00
01:26:40 AM   19    0.00    0.00    0.00    0.00    0.00    0.00    0.00    0.00    0.00  100.00
01:26:40 AM   20    0.00    0.00    0.00    0.00    0.00    0.00    0.00    0.00    0.00  100.00
01:26:40 AM   21    0.00    0.00    0.00    0.00    0.00    0.00    0.00    0.00    0.00  100.00
01:26:40 AM   22    0.00    0.00    0.00    0.00    0.00    0.00    0.00    0.00    0.00  100.00
01:26:40 AM   23    0.00    0.00    0.00    0.00    0.00    0.00    0.00    0.00    0.00  100.00
01:26:40 AM   24   80.00    0.00   13.00    0.00    0.00    7.00    0.00    0.00    0.00    0.00
01:26:40 AM   25   75.00    0.00   14.00    0.00    0.00    5.00    0.00    0.00    0.00    6.00
01:26:40 AM   26    0.00    0.00    0.00    0.00    0.00    0.00    0.00    0.00    0.00  100.00
01:26:40 AM   27    0.00    0.00    0.00    0.00    0.00    0.00    0.00    0.00    0.00  100.00
01:26:40 AM   28    0.00    0.00    0.00    0.00    0.00    0.00    0.00    0.00    0.00  100.00
01:26:40 AM   29    0.00    0.00    0.00    0.00    0.00    0.00    0.00    0.00    0.00  100.00
01:26:40 AM   30    0.00    0.00    0.00    0.00    0.00    0.00    0.00    0.00    0.00  100.00
01:26:40 AM   31    0.00    0.00    0.00    0.00    0.00    0.00    0.00    0.00    0.00  100.00
01:26:40 AM   32    0.00    0.00    0.00    0.00    0.00    0.00    0.00    0.00    0.00  100.00
01:26:40 AM   33    0.00    0.00    0.00    0.00    0.00    0.00    0.00    0.00    0.00  100.00
01:26:40 AM   34    0.00    0.00    0.00    0.00    0.00    0.00    0.00    0.00    0.00  100.00
01:26:40 AM   35    0.00    0.00    0.00    0.00    0.00    0.00    0.00    0.00    0.00  100.00

01:26:40 AM  CPU    %usr   %nice    %sys %iowait    %irq   %soft  %steal  %guest  %gnice   %idle
01:26:41 AM  all    7.94    0.00    2.43    0.03    0.00    0.75    0.00    0.00    0.00   88.85
01:26:41 AM    0    7.92    0.00    2.97    0.00    0.00    3.96    0.00    0.00    0.00   85.15
01:26:41 AM    1    5.88    0.00    4.90    0.00    0.00    1.96    0.00    0.00    0.00   87.25
01:26:41 AM    2    5.05    0.00    2.02    0.00    0.00    2.02    0.00    0.00    0.00   90.91
01:26:41 AM    3    7.07    0.00    2.02    0.00    0.00    2.02    0.00    0.00    0.00   88.89
01:26:41 AM    4    7.84    0.00    0.98    0.00    0.00    2.94    0.00    0.00    0.00   88.24
01:26:41 AM    5    6.86    0.00    4.90    0.00    0.00    0.00    0.00    0.00    0.00   88.24
01:26:41 AM    6    5.00    0.00    4.00    0.00    0.00    0.00    0.00    0.00    0.00   91.00
01:26:41 AM    7    4.04    0.00    4.04    0.00    0.00    2.02    0.00    0.00    0.00   89.90
01:26:41 AM    8    6.06    0.00    3.03    0.00    0.00    1.01    0.00    0.00    0.00   89.90
01:26:41 AM    9   15.46    0.00    3.09    0.00    0.00    0.00    0.00    0.00    0.00   81.44
01:26:41 AM   10    8.33    0.00    3.12    0.00    0.00    0.00    0.00    0.00    0.00   88.54
01:26:41 AM   11   11.11    0.00    3.03    0.00    0.00    1.01    0.00    0.00    0.00   84.85
01:26:41 AM   12    9.18    0.00    4.08    0.00    0.00    0.00    0.00    0.00    0.00   86.73
01:26:41 AM   13    5.21    0.00    2.08    0.00    0.00    0.00    0.00    0.00    0.00   92.71
01:26:41 AM   14    6.19    0.00    1.03    0.00    0.00    0.00    0.00    0.00    0.00   92.78
01:26:41 AM   15    5.15    0.00    2.06    0.00    0.00    0.00    0.00    0.00    0.00   92.78
01:26:41 AM   16    7.22    0.00    2.06    0.00    0.00    0.00    0.00    0.00    0.00   90.72
01:26:41 AM   17    7.07    0.00    7.07    1.01    0.00    0.00    0.00    0.00    0.00   84.85
01:26:41 AM   18    0.00    0.00    0.00    0.00    0.00    0.00    0.00    0.00    0.00  100.00
01:26:41 AM   19    0.00    0.00    0.00    0.00    0.00    0.00    0.00    0.00    0.00  100.00
01:26:41 AM   20    0.00    0.00    0.00    0.00    0.00    0.00    0.00    0.00    0.00  100.00
01:26:41 AM   21    0.00    0.00    1.00    0.00    0.00    0.00    0.00    0.00    0.00   99.00
01:26:41 AM   22    0.00    0.00    0.00    0.00    0.00    0.00    0.00    0.00    0.00  100.00
01:26:41 AM   23    0.00    0.00    0.00    0.00    0.00    0.00    0.00    0.00    0.00  100.00
01:26:41 AM   24   81.00    0.00   14.00    0.00    0.00    5.00    0.00    0.00    0.00    0.00
01:26:41 AM   25   73.27    0.00   15.84    0.00    0.00    4.95    0.00    0.00    0.00    5.94
01:26:41 AM   26    0.00    0.00    0.00    0.00    0.00    0.00    0.00    0.00    0.00  100.00
01:26:41 AM   27    0.00    0.00    0.00    0.00    0.00    0.00    0.00    0.00    0.00  100.00
01:26:41 AM   28    0.00    0.00    0.00    0.00    0.00    0.00    0.00    0.00    0.00  100.00
01:26:41 AM   29    0.00    0.00    0.00    0.00    0.00    0.00    0.00    0.00    0.00  100.00
01:26:41 AM   30    0.00    0.00    0.00    0.00    0.00    0.00    0.00    0.00    0.00  100.00
01:26:41 AM   31    0.00    0.00    0.00    0.00    0.00    0.00    0.00    0.00    0.00  100.00
01:26:41 AM   32    0.00    0.00    0.00    0.00    0.00    0.00    0.00    0.00    0.00  100.00
01:26:41 AM   33    0.00    0.00    0.00    0.00    0.00    0.00    0.00    0.00    0.00  100.00
01:26:41 AM   34    0.00    0.00    0.00    0.00    0.00    0.00    0.00    0.00    0.00  100.00
01:26:41 AM   35    0.00    0.00    0.00    0.00    0.00    0.00    0.00    0.00    0.00  100.00

01:26:41 AM  CPU    %usr   %nice    %sys %iowait    %irq   %soft  %steal  %guest  %gnice   %idle
01:26:42 AM  all    7.51    0.00    2.42    0.06    0.00    0.62    0.00    0.00    0.00   89.40
01:26:42 AM    0    4.04    0.00    2.02    1.01    0.00    2.02    0.00    0.00    0.00   90.91
01:26:42 AM    1    5.10    0.00    2.04    0.00    0.00    2.04    0.00    0.00    0.00   90.82
01:26:42 AM    2    7.29    0.00    3.12    0.00    0.00    0.00    0.00    0.00    0.00   89.58
01:26:42 AM    3    5.05    0.00    3.03    0.00    0.00    1.01    0.00    0.00    0.00   90.91
01:26:42 AM    4   10.20    0.00    2.04    0.00    0.00    0.00    0.00    0.00    0.00   87.76
01:26:42 AM    5    6.19    0.00    3.09    0.00    0.00    1.03    0.00    0.00    0.00   89.69
01:26:42 AM    6    5.00    0.00    3.00    0.00    0.00    1.00    0.00    0.00    0.00   91.00
01:26:42 AM    7    7.29    0.00    0.00    0.00    0.00    0.00    0.00    0.00    0.00   92.71
01:26:42 AM    8    5.21    0.00    1.04    0.00    0.00    1.04    0.00    0.00    0.00   92.71
01:26:42 AM    9    5.10    0.00    3.06    0.00    0.00    0.00    0.00    0.00    0.00   91.84
01:26:42 AM   10    6.19    0.00    1.03    1.03    0.00    0.00    0.00    0.00    0.00   91.75
01:26:42 AM   11   11.00    0.00    5.00    0.00    0.00    1.00    0.00    0.00    0.00   83.00
01:26:42 AM   12    8.33    0.00   18.75    0.00    0.00    0.00    0.00    0.00    0.00   72.92
01:26:42 AM   13    6.93    0.00    3.96    0.00    0.00    0.99    0.00    0.00    0.00   88.12
01:26:42 AM   14    7.14    0.00    4.08    0.00    0.00    0.00    0.00    0.00    0.00   88.78
01:26:42 AM   15    7.22    0.00    2.06    0.00    0.00    0.00    0.00    0.00    0.00   90.72
01:26:42 AM   16    4.21    0.00    2.11    0.00    0.00    0.00    0.00    0.00    0.00   93.68
01:26:42 AM   17    4.08    0.00    1.02    0.00    0.00    0.00    0.00    0.00    0.00   94.90
01:26:42 AM   18    0.00    0.00    0.00    0.00    0.00    0.00    0.00    0.00    0.00  100.00
01:26:42 AM   19    0.00    0.00    0.00    0.00    0.00    0.00    0.00    0.00    0.00  100.00
01:26:42 AM   20    0.00    0.00    1.00    0.00    0.00    0.00    0.00    0.00    0.00   99.00
01:26:42 AM   21    0.00    0.00    0.00    0.00    0.00    0.00    0.00    0.00    0.00  100.00
01:26:42 AM   22    0.00    0.00    0.00    0.00    0.00    0.00    0.00    0.00    0.00  100.00
01:26:42 AM   23    0.00    0.00    0.00    0.00    0.00    0.00    0.00    0.00    0.00  100.00
01:26:42 AM   24   80.00    0.00   13.00    0.00    0.00    7.00    0.00    0.00    0.00    0.00
01:26:42 AM   25   74.75    0.00   13.13    0.00    0.00    5.05    0.00    0.00    0.00    7.07
01:26:42 AM   26    0.00    0.00    0.00    0.00    0.00    0.00    0.00    0.00    0.00  100.00
01:26:42 AM   27    0.00    0.00    0.00    0.00    0.00    0.00    0.00    0.00    0.00  100.00
01:26:42 AM   28    0.00    0.00    0.00    0.00    0.00    0.00    0.00    0.00    0.00  100.00
01:26:42 AM   29    0.00    0.00    0.00    0.00    0.00    0.00    0.00    0.00    0.00  100.00
01:26:42 AM   30    0.00    0.00    0.00    0.00    0.00    0.00    0.00    0.00    0.00  100.00
01:26:42 AM   31    0.00    0.00    0.00    0.00    0.00    0.00    0.00    0.00    0.00  100.00
01:26:42 AM   32    0.00    0.00    0.00    0.00    0.00    0.00    0.00    0.00    0.00  100.00
01:26:42 AM   33    0.00    0.00    0.00    0.00    0.00    0.00    0.00    0.00    0.00  100.00
01:26:42 AM   34    0.00    0.00    0.00    0.00    0.00    0.00    0.00    0.00    0.00  100.00
01:26:42 AM   35    0.00    0.00    0.00    0.00    0.00    0.00    0.00    0.00    0.00  100.00

01:26:42 AM  CPU    %usr   %nice    %sys %iowait    %irq   %soft  %steal  %guest  %gnice   %idle
01:26:43 AM  all    6.96    0.00    2.73    0.06    0.00    0.62    0.00    0.00    0.00   89.63
01:26:43 AM    0    2.06    0.00    5.15    0.00    0.00    1.03    0.00    0.00    0.00   91.75
01:26:43 AM    1    9.62    0.00   10.58    0.00    0.00    3.85    0.00    0.00    0.00   75.96
01:26:43 AM    2    6.12    0.00    2.04    1.02    0.00    3.06    0.00    0.00    0.00   87.76
01:26:43 AM    3    7.07    0.00    3.03    0.00    0.00    1.01    0.00    0.00    0.00   88.89
01:26:43 AM    4    7.22    0.00    4.12    0.00    0.00    0.00    0.00    0.00    0.00   88.66
01:26:43 AM    5    6.19    0.00    2.06    0.00    0.00    0.00    0.00    0.00    0.00   91.75
01:26:43 AM    6   11.58    0.00    7.37    0.00    0.00    0.00    0.00    0.00    0.00   81.05
01:26:43 AM    7    5.15    0.00    3.09    0.00    0.00    0.00    0.00    0.00    0.00   91.75
01:26:43 AM    8    2.13    0.00    3.19    1.06    0.00    0.00    0.00    0.00    0.00   93.62
01:26:43 AM    9    4.12    0.00    4.12    0.00    0.00    1.03    0.00    0.00    0.00   90.72
01:26:43 AM   10    6.12    0.00    2.04    0.00    0.00    1.02    0.00    0.00    0.00   90.82
01:26:43 AM   11    2.11    0.00    4.21    0.00    0.00    0.00    0.00    0.00    0.00   93.68
01:26:43 AM   12    2.04    0.00    4.08    0.00    0.00    0.00    0.00    0.00    0.00   93.88
01:26:43 AM   13    5.15    0.00    2.06    0.00    0.00    0.00    0.00    0.00    0.00   92.78
01:26:43 AM   14    5.15    0.00    4.12    0.00    0.00    0.00    0.00    0.00    0.00   90.72
01:26:43 AM   15    4.17    0.00    2.08    0.00    0.00    0.00    0.00    0.00    0.00   93.75
01:26:43 AM   16    5.10    0.00    4.08    0.00    0.00    0.00    0.00    0.00    0.00   90.82
01:26:43 AM   17    8.00    0.00    2.00    0.00    0.00    0.00    0.00    0.00    0.00   90.00
01:26:43 AM   18    0.00    0.00    0.00    0.00    0.00    0.00    0.00    0.00    0.00  100.00
01:26:43 AM   19    0.00    0.00    0.00    0.00    0.00    0.00    0.00    0.00    0.00  100.00
01:26:43 AM   20    0.00    0.00    0.00    0.00    0.00    0.00    0.00    0.00    0.00  100.00
01:26:43 AM   21    0.00    0.00    0.00    0.00    0.00    0.00    0.00    0.00    0.00  100.00
01:26:43 AM   22    0.00    0.00    0.00    0.00    0.00    0.00    0.00    0.00    0.00  100.00
01:26:43 AM   23    0.00    0.00    0.00    0.00    0.00    0.00    0.00    0.00    0.00  100.00
01:26:43 AM   24   76.77    0.00   17.17    0.00    0.00    6.06    0.00    0.00    0.00    0.00
01:26:43 AM   25   75.51    0.00   12.24    0.00    0.00    5.10    0.00    0.00    0.00    7.14
01:26:43 AM   26    0.00    0.00    0.00    0.00    0.00    0.00    0.00    0.00    0.00  100.00
01:26:43 AM   27    0.00    0.00    0.00    0.00    0.00    0.00    0.00    0.00    0.00  100.00
01:26:43 AM   28    0.00    0.00    0.00    0.00    0.00    0.00    0.00    0.00    0.00  100.00
01:26:43 AM   29    0.00    0.00    0.00    0.00    0.00    0.00    0.00    0.00    0.00  100.00
01:26:43 AM   30    0.00    0.00    0.00    0.00    0.00    0.00    0.00    0.00    0.00  100.00
01:26:43 AM   31    0.00    0.00    0.00    0.00    0.00    0.00    0.00    0.00    0.00  100.00
01:26:43 AM   32    0.00    0.00    0.00    0.00    0.00    0.00    0.00    0.00    0.00  100.00
01:26:43 AM   33    0.00    0.00    0.00    0.00    0.00    0.00    0.00    0.00    0.00  100.00
01:26:43 AM   34    0.00    0.00    0.00    0.00    0.00    0.00    0.00    0.00    0.00  100.00
01:26:43 AM   35    0.00    0.00    0.00    0.00    0.00    0.00    0.00    0.00    0.00  100.00

01:26:43 AM  CPU    %usr   %nice    %sys %iowait    %irq   %soft  %steal  %guest  %gnice   %idle
01:26:44 AM  all    8.13    0.00    2.74    0.08    0.00    0.64    0.00    0.00    0.00   88.40
01:26:44 AM    0    7.07    0.00    2.02    0.00    0.00    3.03    0.00    0.00    0.00   87.88
01:26:44 AM    1    6.93    0.00    1.98    0.00    0.00    3.96    0.00    0.00    0.00   87.13
01:26:44 AM    2    7.07    0.00    1.01    0.00    0.00    2.02    0.00    0.00    0.00   89.90
01:26:44 AM    3   10.10    0.00    4.04    0.00    0.00    1.01    0.00    0.00    0.00   84.85
01:26:44 AM    4    7.00    0.00    4.00    0.00    0.00    0.00    0.00    0.00    0.00   89.00
01:26:44 AM    5   11.00    0.00    3.00    0.00    0.00    1.00    0.00    0.00    0.00   85.00
01:26:44 AM    6    6.06    0.00    4.04    0.00    0.00    0.00    0.00    0.00    0.00   89.90
01:26:44 AM    7    7.92    0.00    4.95    0.00    0.00    0.00    0.00    0.00    0.00   87.13
01:26:44 AM    8    9.18    0.00    2.04    0.00    0.00    1.02    0.00    0.00    0.00   87.76
01:26:44 AM    9    7.14    0.00    7.14    0.00    0.00    0.00    0.00    0.00    0.00   85.71
01:26:44 AM   10   13.00    0.00    1.00    0.00    0.00    0.00    0.00    0.00    0.00   86.00
01:26:44 AM   11    6.25    0.00    2.08    0.00    0.00    0.00    0.00    0.00    0.00   91.67
01:26:44 AM   12    8.16    0.00   16.33    0.00    0.00    0.00    0.00    0.00    0.00   75.51
01:26:44 AM   13    4.12    0.00    6.19    0.00    0.00    0.00    0.00    0.00    0.00   89.69
01:26:44 AM   14    6.06    0.00    2.02    0.00    0.00    1.01    0.00    0.00    0.00   90.91
01:26:44 AM   15    6.12    0.00    4.08    0.00    0.00    0.00    0.00    0.00    0.00   89.80
01:26:44 AM   16    6.12    0.00    5.10    2.04    0.00    0.00    0.00    0.00    0.00   86.73
01:26:44 AM   17    5.94    0.00    1.98    0.00    0.00    0.00    0.00    0.00    0.00   92.08
01:26:44 AM   18    0.00    0.00    0.00    0.00    0.00    0.00    0.00    0.00    0.00  100.00
01:26:44 AM   19    0.00    0.00    0.00    0.00    0.00    0.00    0.00    0.00    0.00  100.00
01:26:44 AM   20    0.00    0.00    0.00    0.00    0.00    0.00    0.00    0.00    0.00  100.00
01:26:44 AM   21    0.00    0.00    0.00    0.00    0.00    0.00    0.00    0.00    0.00  100.00
01:26:44 AM   22    0.00    0.00    0.00    0.00    0.00    0.00    0.00    0.00    0.00  100.00
01:26:44 AM   23    0.00    0.00    0.00    0.00    0.00    0.00    0.00    0.00    0.00  100.00
01:26:44 AM   24   80.20    0.00   13.86    0.00    0.00    5.94    0.00    0.00    0.00    0.00
01:26:44 AM   25   76.77    0.00   12.12    0.00    0.00    4.04    0.00    0.00    0.00    7.07
01:26:44 AM   26    0.00    0.00    0.00    0.00    0.00    0.00    0.00    0.00    0.00  100.00
01:26:44 AM   27    0.00    0.00    0.00    0.00    0.00    0.00    0.00    0.00    0.00  100.00
01:26:44 AM   28    0.00    0.00    0.00    0.00    0.00    0.00    0.00    0.00    0.00  100.00
01:26:44 AM   29    0.00    0.00    0.00    0.00    0.00    0.00    0.00    0.00    0.00  100.00
01:26:44 AM   30    0.00    0.00    0.00    0.00    0.00    0.00    0.00    0.00    0.00  100.00
01:26:44 AM   31    0.00    0.00    0.00    0.00    0.00    0.00    0.00    0.00    0.00  100.00
01:26:44 AM   32    0.00    0.00    0.00    0.00    0.00    0.00    0.00    0.00    0.00  100.00
01:26:44 AM   33    0.00    0.00    0.00    0.00    0.00    0.00    0.00    0.00    0.00  100.00
01:26:44 AM   34    0.00    0.00    0.00    0.99    0.00    0.00    0.00    0.00    0.00   99.01
01:26:44 AM   35    0.00    0.00    0.00    0.00    0.00    0.00    0.00    0.00    0.00  100.00

01:26:44 AM  CPU    %usr   %nice    %sys %iowait    %irq   %soft  %steal  %guest  %gnice   %idle
01:26:45 AM  all    7.07    0.00    1.93    0.08    0.00    0.79    0.00    0.00    0.00   90.13
01:26:45 AM    0   10.68    0.00    3.88    0.00    0.00    2.91    0.00    0.00    0.00   82.52
01:26:45 AM    1    1.98    0.00    3.96    0.00    0.00    4.95    0.00    0.00    0.00   89.11
01:26:45 AM    2    7.07    0.00    2.02    0.00    0.00    3.03    0.00    0.00    0.00   87.88
01:26:45 AM    3    6.06    0.00    2.02    1.01    0.00    1.01    0.00    0.00    0.00   89.90
01:26:45 AM    4    3.09    0.00    2.06    0.00    0.00    1.03    0.00    0.00    0.00   93.81
01:26:45 AM    5    2.13    0.00    2.13    0.00    0.00    1.06    0.00    0.00    0.00   94.68
01:26:45 AM    6    4.12    0.00    1.03    1.03    0.00    0.00    0.00    0.00    0.00   93.81
01:26:45 AM    7    4.17    0.00    2.08    0.00    0.00    0.00    0.00    0.00    0.00   93.75
01:26:45 AM    8    5.10    0.00    2.04    0.00    0.00    0.00    0.00    0.00    0.00   92.86
01:26:45 AM    9    7.07    0.00    2.02    0.00    0.00    0.00    0.00    0.00    0.00   90.91
01:26:45 AM   10    6.12    0.00    3.06    0.00    0.00    1.02    0.00    0.00    0.00   89.80
01:26:45 AM   11    4.04    0.00    2.02    0.00    0.00    1.01    0.00    0.00    0.00   92.93
01:26:45 AM   12    5.15    0.00    3.09    0.00    0.00    0.00    0.00    0.00    0.00   91.75
01:26:45 AM   13    4.08    0.00    3.06    1.02    0.00    0.00    0.00    0.00    0.00   91.84
01:26:45 AM   14   10.31    0.00    3.09    0.00    0.00    0.00    0.00    0.00    0.00   86.60
01:26:45 AM   15    7.22    0.00    1.03    0.00    0.00    0.00    0.00    0.00    0.00   91.75
01:26:45 AM   16    5.10    0.00    2.04    0.00    0.00    0.00    0.00    0.00    0.00   92.86
01:26:45 AM   17    6.00    0.00    1.00    0.00    0.00    0.00    0.00    0.00    0.00   93.00
01:26:45 AM   18    0.00    0.00    0.00    0.00    0.00    0.00    0.00    0.00    0.00  100.00
01:26:45 AM   19    0.00    0.00    0.00    0.00    0.00    0.00    0.00    0.00    0.00  100.00
01:26:45 AM   20    0.00    0.00    0.00    0.00    0.00    0.00    0.00    0.00    0.00  100.00
01:26:45 AM   21    0.00    0.00    0.00    0.00    0.00    0.00    0.00    0.00    0.00  100.00
01:26:45 AM   22    0.00    0.00    0.00    0.00    0.00    0.00    0.00    0.00    0.00  100.00
01:26:45 AM   23    0.00    0.00    0.00    0.00    0.00    0.00    0.00    0.00    0.00  100.00
01:26:45 AM   24   80.00    0.00   13.00    0.00    0.00    7.00    0.00    0.00    0.00    0.00
01:26:45 AM   25   74.00    0.00   14.00    0.00    0.00    5.00    0.00    0.00    0.00    7.00
01:26:45 AM   26    0.00    0.00    0.00    0.00    0.00    0.00    0.00    0.00    0.00  100.00
01:26:45 AM   27    0.00    0.00    0.99    0.00    0.00    0.00    0.00    0.00    0.00   99.01
01:26:45 AM   28    0.00    0.00    0.00    0.00    0.00    0.00    0.00    0.00    0.00  100.00
01:26:45 AM   29    0.00    0.00    0.00    0.00    0.00    0.00    0.00    0.00    0.00  100.00
01:26:45 AM   30    0.00    0.00    0.00    0.00    0.00    0.00    0.00    0.00    0.00  100.00
01:26:45 AM   31    0.00    0.00    0.00    0.00    0.00    0.00    0.00    0.00    0.00  100.00
01:26:45 AM   32    0.00    0.00    0.00    0.00    0.00    0.00    0.00    0.00    0.00  100.00
01:26:45 AM   33    0.00    0.00    0.00    0.00    0.00    0.00    0.00    0.00    0.00  100.00
01:26:45 AM   34    0.00    0.00    0.00    0.00    0.00    0.00    0.00    0.00    0.00  100.00
01:26:45 AM   35    0.00    0.00    0.00    0.00    0.00    0.00    0.00    0.00    0.00  100.00

Average:     CPU    %usr   %nice    %sys %iowait    %irq   %soft  %steal  %guest  %gnice   %idle
Average:     all    7.38    0.00    2.36    0.06    0.00    0.65    0.00    0.00    0.00   89.55
Average:       0    6.07    0.00    3.28    0.10    0.00    3.78    0.00    0.00    0.00   86.77
Average:       1    6.29    0.00    3.99    0.00    0.00    2.99    0.00    0.00    0.00   86.73
Average:       2    6.09    0.00    2.74    0.20    0.00    1.93    0.00    0.00    0.00   89.05
Average:       3    7.67    0.00    2.93    0.10    0.00    1.01    0.00    0.00    0.00   88.29
Average:       4    6.54    0.00    2.45    0.00    0.00    0.61    0.00    0.00    0.00   90.39
Average:       5    6.97    0.00    2.77    0.21    0.00    0.51    0.00    0.00    0.00   89.54
Average:       6    6.15    0.00    3.28    0.10    0.00    0.20    0.00    0.00    0.00   90.27
Average:       7    7.16    0.00    2.66    0.10    0.00    0.20    0.00    0.00    0.00   89.88
Average:       8    5.45    0.00    2.57    0.10    0.00    0.31    0.00    0.00    0.00   91.56
Average:       9    6.85    0.00    3.37    0.00    0.00    0.20    0.00    0.00    0.00   89.57
Average:      10    8.06    0.00    2.04    0.10    0.00    0.41    0.00    0.00    0.00   89.39
Average:      11    6.80    0.00    3.09    0.10    0.00    0.31    0.00    0.00    0.00   89.70
Average:      12    5.94    0.00    6.86    0.00    0.00    0.10    0.00    0.00    0.00   87.09
Average:      13    6.01    0.00    4.79    0.20    0.00    0.20    0.00    0.00    0.00   88.79
Average:      14    6.54    0.00    2.86    0.10    0.00    0.10    0.00    0.00    0.00   90.39
Average:      15    6.45    0.00    2.56    0.20    0.00    0.20    0.00    0.00    0.00   90.58
Average:      16    6.24    0.00    3.17    0.20    0.00    0.00    0.00    0.00    0.00   90.39
Average:      17    6.22    0.00    2.81    0.20    0.00    0.00    0.00    0.00    0.00   90.76
Average:      18    0.00    0.00    0.00    0.00    0.00    0.00    0.00    0.00    0.00  100.00
Average:      19    0.00    0.00    0.00    0.00    0.00    0.00    0.00    0.00    0.00  100.00
Average:      20    0.00    0.00    0.10    0.00    0.00    0.00    0.00    0.00    0.00   99.90
Average:      21    0.00    0.00    0.10    0.00    0.00    0.00    0.00    0.00    0.00   99.90
Average:      22    0.00    0.00    0.00    0.00    0.00    0.00    0.00    0.00    0.00  100.00
Average:      23    0.00    0.00    0.00    0.00    0.00    0.00    0.00    0.00    0.00  100.00
Average:      24   76.30    0.00   14.20    0.00    0.00    5.20    0.00    0.00    0.00    4.30
Average:      25   71.73    0.00   12.58    0.00    0.00    4.93    0.00    0.00    0.00   10.76
Average:      26    0.00    0.00    0.00    0.00    0.00    0.00    0.00    0.00    0.00  100.00
Average:      27    0.00    0.00    0.10    0.00    0.00    0.00    0.00    0.00    0.00   99.90
Average:      28    0.00    0.00    0.00    0.00    0.00    0.00    0.00    0.00    0.00  100.00
Average:      29    0.10    0.00    0.00    0.00    0.00    0.00    0.00    0.00    0.00   99.90
Average:      30    0.00    0.00    0.00    0.00    0.00    0.00    0.00    0.00    0.00  100.00
Average:      31    0.00    0.00    0.00    0.00    0.00    0.00    0.00    0.00    0.00  100.00
Average:      32    0.00    0.00    0.00    0.00    0.00    0.00    0.00    0.00    0.00  100.00
Average:      33    0.00    0.00    0.00    0.00    0.00    0.00    0.00    0.00    0.00  100.00
Average:      34    0.00    0.00    0.00    0.10    0.00    0.00    0.00    0.00    0.00   99.90
Average:      35    0.10    0.00    0.00    0.00    0.00    0.00    0.00    0.00    0.00   99.90
