Linux 5.15.0-186-generic (rapids4) 	07/28/2026 	_x86_64_	(36 CPU)

02:31:08 AM  CPU    %usr   %nice    %sys %iowait    %irq   %soft  %steal  %guest  %gnice   %idle
02:31:09 AM  all    0.86    0.03    0.47    0.08    0.00    0.00    0.00    0.00    0.00   98.55
02:31:09 AM    0    1.00    0.00    1.00    0.00    0.00    0.00    0.00    0.00    0.00   98.00
02:31:09 AM    1    1.98    0.00    0.00    0.00    0.00    0.00    0.00    0.00    0.00   98.02
02:31:09 AM    2    1.01    0.00    0.00    0.00    0.00    0.00    0.00    0.00    0.00   98.99
02:31:09 AM    3    3.03    0.00    6.06    0.00    0.00    0.00    0.00    0.00    0.00   90.91
02:31:09 AM    4    1.98    0.00    0.00    0.00    0.00    0.00    0.00    0.00    0.00   98.02
02:31:09 AM    5    0.00    0.00    0.00    0.00    0.00    0.00    0.00    0.00    0.00  100.00
02:31:09 AM    6    1.98    0.00    0.00    0.00    0.00    0.00    0.00    0.00    0.00   98.02
02:31:09 AM    7    0.00    0.00    1.02    0.00    0.00    0.00    0.00    0.00    0.00   98.98
02:31:09 AM    8    1.96    0.98    0.98    0.00    0.00    0.00    0.00    0.00    0.00   96.08
02:31:09 AM    9    1.01    0.00    0.00    1.01    0.00    0.00    0.00    0.00    0.00   97.98
02:31:09 AM   10    1.00    0.00    0.00    0.00    0.00    0.00    0.00    0.00    0.00   99.00
02:31:09 AM   11    0.99    0.00    0.99    0.00    0.00    0.00    0.00    0.00    0.00   98.02
02:31:09 AM   12    0.99    0.00    0.99    0.00    0.00    0.00    0.00    0.00    0.00   98.02
02:31:09 AM   13    0.99    0.00    0.99    0.00    0.00    0.00    0.00    0.00    0.00   98.02
02:31:09 AM   14    0.00    0.00    0.00    0.00    0.00    0.00    0.00    0.00    0.00  100.00
02:31:09 AM   15    0.00    0.00    0.00    0.00    0.00    0.00    0.00    0.00    0.00  100.00
02:31:09 AM   16    1.01    0.00    0.00    0.00    0.00    0.00    0.00    0.00    0.00   98.99
02:31:09 AM   17    0.00    0.00    0.00    0.00    0.00    0.00    0.00    0.00    0.00  100.00
02:31:09 AM   18    0.99    0.00    0.99    0.00    0.00    0.00    0.00    0.00    0.00   98.02
02:31:09 AM   19    2.02    0.00    0.00    0.00    0.00    0.00    0.00    0.00    0.00   97.98
02:31:09 AM   20    1.00    0.00    0.00    0.00    0.00    0.00    0.00    0.00    0.00   99.00
02:31:09 AM   21    1.02    0.00    0.00    0.00    0.00    0.00    0.00    0.00    0.00   98.98
02:31:09 AM   22    0.00    0.00    0.00    0.00    0.00    0.00    0.00    0.00    0.00  100.00
02:31:09 AM   23    1.01    0.00    0.00    0.00    0.00    0.00    0.00    0.00    0.00   98.99
02:31:09 AM   24    0.99    0.00    0.99    0.00    0.00    0.00    0.00    0.00    0.00   98.02
02:31:09 AM   25    0.00    0.00    0.00    0.00    0.00    0.00    0.00    0.00    0.00  100.00
02:31:09 AM   26    0.99    0.00    0.00    0.00    0.00    0.00    0.00    0.00    0.00   99.01
02:31:09 AM   27    0.00    0.00    0.99    0.00    0.00    0.00    0.00    0.00    0.00   99.01
02:31:09 AM   28    0.00    0.00    0.00    1.01    0.00    0.00    0.00    0.00    0.00   98.99
02:31:09 AM   29    0.00    0.00    0.00    1.00    0.00    0.00    0.00    0.00    0.00   99.00
02:31:09 AM   30    0.00    0.00    0.00    0.00    0.00    0.00    0.00    0.00    0.00  100.00
02:31:09 AM   31    0.99    0.00    0.00    0.00    0.00    0.00    0.00    0.00    0.00   99.01
02:31:09 AM   32    1.00    0.00    1.00    0.00    0.00    0.00    0.00    0.00    0.00   98.00
02:31:09 AM   33    1.00    0.00    1.00    0.00    0.00    0.00    0.00    0.00    0.00   98.00
02:31:09 AM   34    0.00    0.00    0.00    0.00    0.00    0.00    0.00    0.00    0.00  100.00
02:31:09 AM   35    1.00    0.00    0.00    0.00    0.00    0.00    0.00    0.00    0.00   99.00

02:31:09 AM  CPU    %usr   %nice    %sys %iowait    %irq   %soft  %steal  %guest  %gnice   %idle
02:31:10 AM  all    0.89    0.00    0.50    0.00    0.00    0.06    0.00    0.00    0.00   98.55
02:31:10 AM    0    0.00    0.00    0.00    0.00    0.00    1.01    0.00    0.00    0.00   98.99
02:31:10 AM    1    0.00    0.00    0.00    0.00    0.00    0.00    0.00    0.00    0.00  100.00
02:31:10 AM    2    1.01    0.00    0.00    0.00    0.00    0.00    0.00    0.00    0.00   98.99
02:31:10 AM    3    1.01    0.00    0.00    0.00    0.00    0.00    0.00    0.00    0.00   98.99
02:31:10 AM    4    1.01    0.00    6.06    0.00    0.00    0.00    0.00    0.00    0.00   92.93
02:31:10 AM    5    2.00    0.00    0.00    0.00    0.00    0.00    0.00    0.00    0.00   98.00
02:31:10 AM    6    2.02    0.00    0.00    0.00    0.00    0.00    0.00    0.00    0.00   97.98
02:31:10 AM    7    2.94    0.00    0.98    0.00    0.00    0.00    0.00    0.00    0.00   96.08
02:31:10 AM    8    2.04    0.00    0.00    0.00    0.00    0.00    0.00    0.00    0.00   97.96
02:31:10 AM    9    1.98    0.00    0.99    0.00    0.00    0.00    0.00    0.00    0.00   97.03
02:31:10 AM   10    1.02    0.00    0.00    0.00    0.00    0.00    0.00    0.00    0.00   98.98
02:31:10 AM   11    2.00    0.00    1.00    0.00    0.00    0.00    0.00    0.00    0.00   97.00
02:31:10 AM   12    1.01    0.00    0.00    0.00    0.00    0.00    0.00    0.00    0.00   98.99
02:31:10 AM   13    0.00    0.00    0.00    0.00    0.00    0.00    0.00    0.00    0.00  100.00
02:31:10 AM   14    1.98    0.00    0.99    0.00    0.00    0.00    0.00    0.00    0.00   97.03
02:31:10 AM   15    0.00    0.00    1.01    0.00    0.00    0.00    0.00    0.00    0.00   98.99
02:31:10 AM   16    2.02    0.00    0.00    0.00    0.00    0.00    0.00    0.00    0.00   97.98
02:31:10 AM   17    1.01    0.00    2.02    0.00    0.00    0.00    0.00    0.00    0.00   96.97
02:31:10 AM   18    1.00    0.00    1.00    0.00    0.00    0.00    0.00    0.00    0.00   98.00
02:31:10 AM   19    0.98    0.00    0.98    0.00    0.00    0.98    0.00    0.00    0.00   97.06
02:31:10 AM   20    0.00    0.00    0.00    0.00    0.00    0.00    0.00    0.00    0.00  100.00
02:31:10 AM   21    1.00    0.00    0.00    0.00    0.00    0.00    0.00    0.00    0.00   99.00
02:31:10 AM   22    0.00    0.00    0.00    0.00    0.00    0.00    0.00    0.00    0.00  100.00
02:31:10 AM   23    0.00    0.00    0.00    0.00    0.00    0.00    0.00    0.00    0.00  100.00
02:31:10 AM   24    0.00    0.00    0.00    0.00    0.00    0.00    0.00    0.00    0.00  100.00
02:31:10 AM   25    0.00    0.00    0.00    0.00    0.00    0.00    0.00    0.00    0.00  100.00
02:31:10 AM   26    0.00    0.00    0.00    0.00    0.00    0.00    0.00    0.00    0.00  100.00
02:31:10 AM   27    0.00    0.00    0.00    0.00    0.00    0.00    0.00    0.00    0.00  100.00
02:31:10 AM   28    0.00    0.00    1.00    0.00    0.00    0.00    0.00    0.00    0.00   99.00
02:31:10 AM   29    0.00    0.00    1.00    0.00    0.00    0.00    0.00    0.00    0.00   99.00
02:31:10 AM   30    0.00    0.00    0.00    0.00    0.00    0.00    0.00    0.00    0.00  100.00
02:31:10 AM   31    0.00    0.00    0.00    0.00    0.00    0.00    0.00    0.00    0.00  100.00
02:31:10 AM   32    2.97    0.00    0.00    0.00    0.00    0.00    0.00    0.00    0.00   97.03
02:31:10 AM   33    1.00    0.00    0.00    0.00    0.00    0.00    0.00    0.00    0.00   99.00
02:31:10 AM   34    0.99    0.00    0.99    0.00    0.00    0.00    0.00    0.00    0.00   98.02
02:31:10 AM   35    1.00    0.00    0.00    0.00    0.00    0.00    0.00    0.00    0.00   99.00

02:31:10 AM  CPU    %usr   %nice    %sys %iowait    %irq   %soft  %steal  %guest  %gnice   %idle
02:31:11 AM  all    0.78    0.00    0.25    0.06    0.00    0.03    0.00    0.00    0.00   98.89
02:31:11 AM    0    1.01    0.00    0.00    0.00    0.00    0.00    0.00    0.00    0.00   98.99
02:31:11 AM    1    0.00    0.00    0.00    0.00    0.00    0.00    0.00    0.00    0.00  100.00
02:31:11 AM    2    1.01    0.00    0.00    0.00    0.00    0.00    0.00    0.00    0.00   98.99
02:31:11 AM    3    0.00    0.00    0.00    0.00    0.00    0.00    0.00    0.00    0.00  100.00
02:31:11 AM    4    2.00    0.00    0.00    0.00    0.00    0.00    0.00    0.00    0.00   98.00
02:31:11 AM    5    1.98    0.00    0.99    0.00    0.00    0.00    0.00    0.00    0.00   97.03
02:31:11 AM    6    1.01    0.00    0.00    0.00    0.00    0.00    0.00    0.00    0.00   98.99
02:31:11 AM    7    1.00    0.00    1.00    0.00    0.00    0.00    0.00    0.00    0.00   98.00
02:31:11 AM    8    1.00    0.00    0.00    1.00    0.00    0.00    0.00    0.00    0.00   98.00
02:31:11 AM    9    1.01    0.00    0.00    0.00    0.00    0.00    0.00    0.00    0.00   98.99
02:31:11 AM   10    1.01    0.00    0.00    0.00    0.00    0.00    0.00    0.00    0.00   98.99
02:31:11 AM   11    0.00    0.00    0.00    0.00    0.00    0.00    0.00    0.00    0.00  100.00
02:31:11 AM   12    0.99    0.00    0.00    0.99    0.00    0.00    0.00    0.00    0.00   98.02
02:31:11 AM   13    0.99    0.00    0.99    0.00    0.00    0.00    0.00    0.00    0.00   98.02
02:31:11 AM   14    1.00    0.00    0.00    0.00    0.00    0.00    0.00    0.00    0.00   99.00
02:31:11 AM   15    2.00    0.00    0.00    0.00    0.00    0.00    0.00    0.00    0.00   98.00
02:31:11 AM   16    0.00    0.00    0.00    0.00    0.00    0.00    0.00    0.00    0.00  100.00
02:31:11 AM   17    1.00    0.00    0.00    0.00    0.00    0.00    0.00    0.00    0.00   99.00
02:31:11 AM   18    0.00    0.00    0.00    0.00    0.00    0.00    0.00    0.00    0.00  100.00
02:31:11 AM   19    1.01    0.00    0.00    0.00    0.00    0.00    0.00    0.00    0.00   98.99
02:31:11 AM   20    1.01    0.00    0.00    0.00    0.00    0.00    0.00    0.00    0.00   98.99
02:31:11 AM   21    0.99    0.00    0.99    0.00    0.00    0.99    0.00    0.00    0.00   97.03
02:31:11 AM   22    1.00    0.00    1.00    0.00    0.00    0.00    0.00    0.00    0.00   98.00
02:31:11 AM   23    0.00    0.00    1.01    0.00    0.00    0.00    0.00    0.00    0.00   98.99
02:31:11 AM   24    1.01    0.00    0.00    0.00    0.00    0.00    0.00    0.00    0.00   98.99
02:31:11 AM   25    0.99    0.00    0.99    0.00    0.00    0.00    0.00    0.00    0.00   98.02
02:31:11 AM   26    1.00    0.00    0.00    0.00    0.00    0.00    0.00    0.00    0.00   99.00
02:31:11 AM   27    1.00    0.00    0.00    0.00    0.00    0.00    0.00    0.00    0.00   99.00
02:31:11 AM   28    1.00    0.00    0.00    0.00    0.00    0.00    0.00    0.00    0.00   99.00
02:31:11 AM   29    0.00    0.00    0.00    0.00    0.00    0.00    0.00    0.00    0.00  100.00
02:31:11 AM   30    0.00    0.00    0.00    0.00    0.00    0.00    0.00    0.00    0.00  100.00
02:31:11 AM   31    0.00    0.00    0.00    0.00    0.00    0.00    0.00    0.00    0.00  100.00
02:31:11 AM   32    0.00    0.00    0.00    0.00    0.00    0.00    0.00    0.00    0.00  100.00
02:31:11 AM   33    0.00    0.00    1.00    0.00    0.00    0.00    0.00    0.00    0.00   99.00
02:31:11 AM   34    1.00    0.00    0.00    0.00    0.00    0.00    0.00    0.00    0.00   99.00
02:31:11 AM   35    1.00    0.00    1.00    0.00    0.00    0.00    0.00    0.00    0.00   98.00

02:31:11 AM  CPU    %usr   %nice    %sys %iowait    %irq   %soft  %steal  %guest  %gnice   %idle
02:31:12 AM  all    0.59    0.03    0.36    0.06    0.00    0.00    0.00    0.00    0.00   98.96
02:31:12 AM    0    0.00    0.00    1.01    0.00    0.00    0.00    0.00    0.00    0.00   98.99
02:31:12 AM    1    0.00    0.00    1.01    0.00    0.00    0.00    0.00    0.00    0.00   98.99
02:31:12 AM    2    0.99    0.00    0.99    0.00    0.00    0.00    0.00    0.00    0.00   98.02
02:31:12 AM    3    0.00    0.00    0.00    0.00    0.00    0.00    0.00    0.00    0.00  100.00
02:31:12 AM    4    3.00    0.00    7.00    1.00    0.00    0.00    0.00    0.00    0.00   89.00
02:31:12 AM    5    0.00    0.00    0.00    1.01    0.00    0.00    0.00    0.00    0.00   98.99
02:31:12 AM    6    0.00    0.00    0.00    0.00    0.00    0.00    0.00    0.00    0.00  100.00
02:31:12 AM    7    0.00    0.00    0.00    0.00    0.00    0.00    0.00    0.00    0.00  100.00
02:31:12 AM    8    1.00    0.00    1.00    0.00    0.00    0.00    0.00    0.00    0.00   98.00
02:31:12 AM    9    2.00    1.00    0.00    0.00    0.00    0.00    0.00    0.00    0.00   97.00
02:31:12 AM   10    2.97    0.00    0.00    0.00    0.00    0.00    0.00    0.00    0.00   97.03
02:31:12 AM   11    0.00    0.00    1.00    0.00    0.00    0.00    0.00    0.00    0.00   99.00
02:31:12 AM   12    0.00    0.00    0.00    0.00    0.00    0.00    0.00    0.00    0.00  100.00
02:31:12 AM   13    1.00    0.00    0.00    0.00    0.00    0.00    0.00    0.00    0.00   99.00
02:31:12 AM   14    0.00    0.00    0.00    0.00    0.00    0.00    0.00    0.00    0.00  100.00
02:31:12 AM   15    0.00    0.00    0.00    0.00    0.00    0.00    0.00    0.00    0.00  100.00
02:31:12 AM   16    0.00    0.00    0.00    0.00    0.00    0.00    0.00    0.00    0.00  100.00
02:31:12 AM   17    0.00    0.00    0.00    0.00    0.00    0.00    0.00    0.00    0.00  100.00
02:31:12 AM   18    0.00    0.00    0.00    0.00    0.00    0.00    0.00    0.00    0.00  100.00
02:31:12 AM   19    2.00    0.00    0.00    0.00    0.00    0.00    0.00    0.00    0.00   98.00
02:31:12 AM   20    0.00    0.00    1.00    0.00    0.00    0.00    0.00    0.00    0.00   99.00
02:31:12 AM   21    0.00    0.00    0.00    0.00    0.00    0.00    0.00    0.00    0.00  100.00
02:31:12 AM   22    1.02    0.00    0.00    0.00    0.00    0.00    0.00    0.00    0.00   98.98
02:31:12 AM   23    1.02    0.00    0.00    0.00    0.00    0.00    0.00    0.00    0.00   98.98
02:31:12 AM   24    2.00    0.00    0.00    0.00    0.00    0.00    0.00    0.00    0.00   98.00
02:31:12 AM   25    0.00    0.00    0.00    0.00    0.00    0.00    0.00    0.00    0.00  100.00
02:31:12 AM   26    0.00    0.00    0.00    0.00    0.00    0.00    0.00    0.00    0.00  100.00
02:31:12 AM   27    1.00    0.00    0.00    0.00    0.00    0.00    0.00    0.00    0.00   99.00
02:31:12 AM   28    0.00    0.00    0.00    0.00    0.00    0.00    0.00    0.00    0.00  100.00
02:31:12 AM   29    0.00    0.00    0.00    0.00    0.00    0.00    0.00    0.00    0.00  100.00
02:31:12 AM   30    0.00    0.00    0.00    0.00    0.00    0.00    0.00    0.00    0.00  100.00
02:31:12 AM   31    0.00    0.00    0.00    0.00    0.00    0.00    0.00    0.00    0.00  100.00
02:31:12 AM   32    0.00    0.00    0.00    0.00    0.00    0.00    0.00    0.00    0.00  100.00
02:31:12 AM   33    1.01    0.00    0.00    0.00    0.00    0.00    0.00    0.00    0.00   98.99
02:31:12 AM   34    1.01    0.00    0.00    0.00    0.00    0.00    0.00    0.00    0.00   98.99
02:31:12 AM   35    1.01    0.00    0.00    0.00    0.00    0.00    0.00    0.00    0.00   98.99

02:31:12 AM  CPU    %usr   %nice    %sys %iowait    %irq   %soft  %steal  %guest  %gnice   %idle
02:31:13 AM  all    0.92    0.03    0.36    0.08    0.00    0.03    0.00    0.00    0.00   98.58
02:31:13 AM    0    0.00    0.00    0.00    1.02    0.00    0.00    0.00    0.00    0.00   98.98
02:31:13 AM    1    1.01    0.00    0.00    0.00    0.00    0.00    0.00    0.00    0.00   98.99
02:31:13 AM    2    2.00    0.00    0.00    0.00    0.00    0.00    0.00    0.00    0.00   98.00
02:31:13 AM    3    1.00    0.00    1.00    0.00    0.00    0.00    0.00    0.00    0.00   98.00
02:31:13 AM    4    1.01    0.00    0.00    0.00    0.00    0.00    0.00    0.00    0.00   98.99
02:31:13 AM    5    1.01    0.00    0.00    0.00    0.00    0.00    0.00    0.00    0.00   98.99
02:31:13 AM    6    0.00    0.00    0.99    0.00    0.00    0.99    0.00    0.00    0.00   98.02
02:31:13 AM    7    1.00    0.00    0.00    0.00    0.00    0.00    0.00    0.00    0.00   99.00
02:31:13 AM    8    1.01    0.00    0.00    0.00    0.00    0.00    0.00    0.00    0.00   98.99
02:31:13 AM    9    0.00    0.00    1.00    0.00    0.00    0.00    0.00    0.00    0.00   99.00
02:31:13 AM   10    1.02    0.00    0.00    0.00    0.00    0.00    0.00    0.00    0.00   98.98
02:31:13 AM   11    1.01    0.00    0.00    0.00    0.00    0.00    0.00    0.00    0.00   98.99
02:31:13 AM   12    1.00    0.00    1.00    0.00    0.00    0.00    0.00    0.00    0.00   98.00
02:31:13 AM   13    1.02    0.00    0.00    0.00    0.00    0.00    0.00    0.00    0.00   98.98
02:31:13 AM   14    0.00    0.00    0.00    0.00    0.00    0.00    0.00    0.00    0.00  100.00
02:31:13 AM   15    0.00    0.00    0.00    0.00    0.00    0.00    0.00    0.00    0.00  100.00
02:31:13 AM   16    1.00    0.00    0.00    0.00    0.00    0.00    0.00    0.00    0.00   99.00
02:31:13 AM   17    0.00    0.00    0.00    0.00    0.00    0.00    0.00    0.00    0.00  100.00
02:31:13 AM   18    2.00    0.00    0.00    0.00    0.00    0.00    0.00    0.00    0.00   98.00
02:31:13 AM   19    0.00    0.00    0.00    0.00    0.00    0.00    0.00    0.00    0.00  100.00
02:31:13 AM   20    3.03    0.00    0.00    0.00    0.00    0.00    0.00    0.00    0.00   96.97
02:31:13 AM   21    1.00    0.00    2.00    0.00    0.00    0.00    0.00    0.00    0.00   97.00
02:31:13 AM   22    1.01    0.00    1.01    0.00    0.00    0.00    0.00    0.00    0.00   97.98
02:31:13 AM   23    1.00    0.00    0.00    1.00    0.00    0.00    0.00    0.00    0.00   98.00
02:31:13 AM   24    1.02    0.00    0.00    0.00    0.00    0.00    0.00    0.00    0.00   98.98
02:31:13 AM   25    1.98    0.00    0.99    0.99    0.00    0.00    0.00    0.00    0.00   96.04
02:31:13 AM   26    1.01    0.00    0.00    0.00    0.00    0.00    0.00    0.00    0.00   98.99
02:31:13 AM   27    1.96    0.98    1.96    0.00    0.00    0.00    0.00    0.00    0.00   95.10
02:31:13 AM   28    0.99    0.00    0.99    0.00    0.00    0.00    0.00    0.00    0.00   98.02
02:31:13 AM   29    1.98    0.00    0.99    0.00    0.00    0.00    0.00    0.00    0.00   97.03
02:31:13 AM   30    0.99    0.00    0.99    0.00    0.00    0.00    0.00    0.00    0.00   98.02
02:31:13 AM   31    1.00    0.00    0.00    0.00    0.00    0.00    0.00    0.00    0.00   99.00
02:31:13 AM   32    1.00    0.00    0.00    0.00    0.00    0.00    0.00    0.00    0.00   99.00
02:31:13 AM   33    0.00    0.00    0.00    0.00    0.00    0.00    0.00    0.00    0.00  100.00
02:31:13 AM   34    0.00    0.00    0.00    0.00    0.00    0.00    0.00    0.00    0.00  100.00
02:31:13 AM   35    0.00    0.00    0.00    0.00    0.00    0.00    0.00    0.00    0.00  100.00

Average:     CPU    %usr   %nice    %sys %iowait    %irq   %soft  %steal  %guest  %gnice   %idle
Average:     all    0.81    0.02    0.39    0.06    0.00    0.02    0.00    0.00    0.00   98.71
Average:       0    0.40    0.00    0.40    0.20    0.00    0.20    0.00    0.00    0.00   98.79
Average:       1    0.60    0.00    0.20    0.00    0.00    0.00    0.00    0.00    0.00   99.19
Average:       2    1.20    0.00    0.20    0.00    0.00    0.00    0.00    0.00    0.00   98.59
Average:       3    1.01    0.00    1.41    0.00    0.00    0.00    0.00    0.00    0.00   97.58
Average:       4    1.80    0.00    2.61    0.20    0.00    0.00    0.00    0.00    0.00   95.39
Average:       5    1.01    0.00    0.20    0.20    0.00    0.00    0.00    0.00    0.00   98.59
Average:       6    1.00    0.00    0.20    0.00    0.00    0.20    0.00    0.00    0.00   98.60
Average:       7    1.00    0.00    0.60    0.00    0.00    0.00    0.00    0.00    0.00   98.39
Average:       8    1.40    0.20    0.40    0.20    0.00    0.00    0.00    0.00    0.00   97.80
Average:       9    1.20    0.20    0.40    0.20    0.00    0.00    0.00    0.00    0.00   98.00
Average:      10    1.41    0.00    0.00    0.00    0.00    0.00    0.00    0.00    0.00   98.59
Average:      11    0.80    0.00    0.60    0.00    0.00    0.00    0.00    0.00    0.00   98.60
Average:      12    0.80    0.00    0.40    0.20    0.00    0.00    0.00    0.00    0.00   98.60
Average:      13    0.80    0.00    0.40    0.00    0.00    0.00    0.00    0.00    0.00   98.80
Average:      14    0.60    0.00    0.20    0.00    0.00    0.00    0.00    0.00    0.00   99.20
Average:      15    0.40    0.00    0.20    0.00    0.00    0.00    0.00    0.00    0.00   99.40
Average:      16    0.81    0.00    0.00    0.00    0.00    0.00    0.00    0.00    0.00   99.19
Average:      17    0.40    0.00    0.40    0.00    0.00    0.00    0.00    0.00    0.00   99.19
Average:      18    0.80    0.00    0.40    0.00    0.00    0.00    0.00    0.00    0.00   98.80
Average:      19    1.20    0.00    0.20    0.00    0.00    0.20    0.00    0.00    0.00   98.39
Average:      20    1.01    0.00    0.20    0.00    0.00    0.00    0.00    0.00    0.00   98.79
Average:      21    0.80    0.00    0.60    0.00    0.00    0.20    0.00    0.00    0.00   98.39
Average:      22    0.61    0.00    0.40    0.00    0.00    0.00    0.00    0.00    0.00   98.99
Average:      23    0.61    0.00    0.20    0.20    0.00    0.00    0.00    0.00    0.00   98.99
Average:      24    1.01    0.00    0.20    0.00    0.00    0.00    0.00    0.00    0.00   98.79
Average:      25    0.60    0.00    0.40    0.20    0.00    0.00    0.00    0.00    0.00   98.80
Average:      26    0.60    0.00    0.00    0.00    0.00    0.00    0.00    0.00    0.00   99.40
Average:      27    0.80    0.20    0.60    0.00    0.00    0.00    0.00    0.00    0.00   98.41
Average:      28    0.40    0.00    0.40    0.20    0.00    0.00    0.00    0.00    0.00   99.00
Average:      29    0.40    0.00    0.40    0.20    0.00    0.00    0.00    0.00    0.00   99.00
Average:      30    0.20    0.00    0.20    0.00    0.00    0.00    0.00    0.00    0.00   99.60
Average:      31    0.40    0.00    0.00    0.00    0.00    0.00    0.00    0.00    0.00   99.60
Average:      32    1.00    0.00    0.20    0.00    0.00    0.00    0.00    0.00    0.00   98.80
Average:      33    0.60    0.00    0.40    0.00    0.00    0.00    0.00    0.00    0.00   99.00
Average:      34    0.60    0.00    0.20    0.00    0.00    0.00    0.00    0.00    0.00   99.20
Average:      35    0.80    0.00    0.20    0.00    0.00    0.00    0.00    0.00    0.00   99.00
