Linux 5.15.0-186-generic (rapids4) 	07/28/2026 	_x86_64_	(36 CPU)

02:30:27 AM  CPU    %usr   %nice    %sys %iowait    %irq   %soft  %steal  %guest  %gnice   %idle
02:30:28 AM  all    0.67    0.06    0.59    0.06    0.00    0.00    0.00    0.00    0.00   98.63
02:30:28 AM    0    2.97    0.00    0.99    0.00    0.00    0.00    0.00    0.00    0.00   96.04
02:30:28 AM    1    1.00    0.00    1.00    0.00    0.00    0.00    0.00    0.00    0.00   98.00
02:30:28 AM    2    0.00    0.00    1.01    0.00    0.00    0.00    0.00    0.00    0.00   98.99
02:30:28 AM    3    1.01    0.00    0.00    0.00    0.00    0.00    0.00    0.00    0.00   98.99
02:30:28 AM    4    4.00    0.00    7.00    0.00    0.00    0.00    0.00    0.00    0.00   89.00
02:30:28 AM    5    0.00    0.00    1.00    0.00    0.00    0.00    0.00    0.00    0.00   99.00
02:30:28 AM    6    1.00    0.00    1.00    0.00    0.00    0.00    0.00    0.00    0.00   98.00
02:30:28 AM    7    0.00    0.00    0.00    0.00    0.00    0.00    0.00    0.00    0.00  100.00
02:30:28 AM    8    1.00    2.00    0.00    0.00    0.00    0.00    0.00    0.00    0.00   97.00
02:30:28 AM    9    0.99    0.00    0.99    0.00    0.00    0.00    0.00    0.00    0.00   98.02
02:30:28 AM   10    0.00    0.00    1.00    0.00    0.00    0.00    0.00    0.00    0.00   99.00
02:30:28 AM   11    0.00    0.00    0.00    0.00    0.00    0.00    0.00    0.00    0.00  100.00
02:30:28 AM   12    0.99    0.00    0.00    0.00    0.00    0.00    0.00    0.00    0.00   99.01
02:30:28 AM   13    1.01    0.00    0.00    0.00    0.00    0.00    0.00    0.00    0.00   98.99
02:30:28 AM   14    0.99    0.00    0.99    0.00    0.00    0.00    0.00    0.00    0.00   98.02
02:30:28 AM   15    1.96    0.00    0.98    0.00    0.00    0.00    0.00    0.00    0.00   97.06
02:30:28 AM   16    1.00    0.00    0.00    1.00    0.00    0.00    0.00    0.00    0.00   98.00
02:30:28 AM   17    0.00    0.00    1.00    0.00    0.00    0.00    0.00    0.00    0.00   99.00
02:30:28 AM   18    0.00    0.00    0.00    0.00    0.00    0.00    0.00    0.00    0.00  100.00
02:30:28 AM   19    0.00    0.00    0.00    0.00    0.00    0.00    0.00    0.00    0.00  100.00
02:30:28 AM   20    0.00    0.00    0.00    0.00    0.00    0.00    0.00    0.00    0.00  100.00
02:30:28 AM   21    1.00    0.00    1.00    1.00    0.00    0.00    0.00    0.00    0.00   97.00
02:30:28 AM   22    0.00    0.00    0.00    0.00    0.00    0.00    0.00    0.00    0.00  100.00
02:30:28 AM   23    1.00    0.00    0.00    0.00    0.00    0.00    0.00    0.00    0.00   99.00
02:30:28 AM   24    1.01    0.00    0.00    0.00    0.00    0.00    0.00    0.00    0.00   98.99
02:30:28 AM   25    1.00    0.00    1.00    0.00    0.00    0.00    0.00    0.00    0.00   98.00
02:30:28 AM   26    0.00    0.00    0.00    0.00    0.00    0.00    0.00    0.00    0.00  100.00
02:30:28 AM   27    0.00    0.00    0.00    0.00    0.00    0.00    0.00    0.00    0.00  100.00
02:30:28 AM   28    0.00    0.00    0.00    0.00    0.00    0.00    0.00    0.00    0.00  100.00
02:30:28 AM   29    0.99    0.00    0.99    0.00    0.00    0.00    0.00    0.00    0.00   98.02
02:30:28 AM   30    0.00    0.00    0.00    0.00    0.00    0.00    0.00    0.00    0.00  100.00
02:30:28 AM   31    0.00    0.00    0.00    0.00    0.00    0.00    0.00    0.00    0.00  100.00
02:30:28 AM   32    0.00    0.00    0.00    0.00    0.00    0.00    0.00    0.00    0.00  100.00
02:30:28 AM   33    0.00    0.00    0.00    0.00    0.00    0.00    0.00    0.00    0.00  100.00
02:30:28 AM   34    1.00    0.00    1.00    0.00    0.00    0.00    0.00    0.00    0.00   98.00
02:30:28 AM   35    0.00    0.00    0.00    0.00    0.00    0.00    0.00    0.00    0.00  100.00

02:30:28 AM  CPU    %usr   %nice    %sys %iowait    %irq   %soft  %steal  %guest  %gnice   %idle
02:30:29 AM  all    0.56    0.00    0.31    0.03    0.00    0.00    0.00    0.00    0.00   99.11
02:30:29 AM    0    1.02    0.00    0.00    0.00    0.00    0.00    0.00    0.00    0.00   98.98
02:30:29 AM    1    1.00    0.00    0.00    0.00    0.00    0.00    0.00    0.00    0.00   99.00
02:30:29 AM    2    0.99    0.00    0.99    0.00    0.00    0.00    0.00    0.00    0.00   98.02
02:30:29 AM    3    1.00    0.00    0.00    0.00    0.00    0.00    0.00    0.00    0.00   99.00
02:30:29 AM    4    0.00    0.00    0.00    0.00    0.00    0.00    0.00    0.00    0.00  100.00
02:30:29 AM    5    0.00    0.00    0.00    0.00    0.00    0.00    0.00    0.00    0.00  100.00
02:30:29 AM    6    0.00    0.00    1.01    0.00    0.00    0.00    0.00    0.00    0.00   98.99
02:30:29 AM    7    1.00    0.00    0.00    0.00    0.00    0.00    0.00    0.00    0.00   99.00
02:30:29 AM    8    1.00    0.00    0.00    0.00    0.00    0.00    0.00    0.00    0.00   99.00
02:30:29 AM    9    0.00    0.00    0.00    0.00    0.00    0.00    0.00    0.00    0.00  100.00
02:30:29 AM   10    1.00    0.00    0.00    0.00    0.00    0.00    0.00    0.00    0.00   99.00
02:30:29 AM   11    1.00    0.00    1.00    0.00    0.00    0.00    0.00    0.00    0.00   98.00
02:30:29 AM   12    0.00    0.00    1.01    0.00    0.00    0.00    0.00    0.00    0.00   98.99
02:30:29 AM   13    0.00    0.00    1.00    0.00    0.00    0.00    0.00    0.00    0.00   99.00
02:30:29 AM   14    0.00    0.00    0.00    0.00    0.00    0.00    0.00    0.00    0.00  100.00
02:30:29 AM   15    0.00    0.00    0.00    0.00    0.00    0.00    0.00    0.00    0.00  100.00
02:30:29 AM   16    1.00    0.00    1.00    0.00    0.00    0.00    0.00    0.00    0.00   98.00
02:30:29 AM   17    0.99    0.00    0.00    0.00    0.00    0.00    0.00    0.00    0.00   99.01
02:30:29 AM   18    0.00    0.00    0.00    0.00    0.00    0.00    0.00    0.00    0.00  100.00
02:30:29 AM   19    0.00    0.00    0.00    0.00    0.00    0.00    0.00    0.00    0.00  100.00
02:30:29 AM   20    0.00    0.00    0.00    0.00    0.00    0.00    0.00    0.00    0.00  100.00
02:30:29 AM   21    0.00    0.00    0.00    0.00    0.00    0.00    0.00    0.00    0.00  100.00
02:30:29 AM   22    1.00    0.00    0.00    0.00    0.00    0.00    0.00    0.00    0.00   99.00
02:30:29 AM   23    0.00    0.00    0.00    0.00    0.00    0.00    0.00    0.00    0.00  100.00
02:30:29 AM   24    0.99    0.00    0.99    0.00    0.00    0.00    0.00    0.00    0.00   98.02
02:30:29 AM   25    0.00    0.00    1.00    0.00    0.00    0.00    0.00    0.00    0.00   99.00
02:30:29 AM   26    0.99    0.00    0.00    0.00    0.00    0.00    0.00    0.00    0.00   99.01
02:30:29 AM   27    1.00    0.00    1.00    0.00    0.00    0.00    0.00    0.00    0.00   98.00
02:30:29 AM   28    1.00    0.00    0.00    1.00    0.00    0.00    0.00    0.00    0.00   98.00
02:30:29 AM   29    0.99    0.00    0.99    0.00    0.00    0.00    0.00    0.00    0.00   98.02
02:30:29 AM   30    0.99    0.00    0.99    0.00    0.00    0.00    0.00    0.00    0.00   98.02
02:30:29 AM   31    1.00    0.00    0.00    0.00    0.00    0.00    0.00    0.00    0.00   99.00
02:30:29 AM   32    0.99    0.00    0.00    0.00    0.00    0.00    0.00    0.00    0.00   99.01
02:30:29 AM   33    1.00    0.00    0.00    0.00    0.00    0.00    0.00    0.00    0.00   99.00
02:30:29 AM   34    0.00    0.00    0.00    0.00    0.00    0.00    0.00    0.00    0.00  100.00
02:30:29 AM   35    0.00    0.00    0.00    0.00    0.00    0.00    0.00    0.00    0.00  100.00

02:30:29 AM  CPU    %usr   %nice    %sys %iowait    %irq   %soft  %steal  %guest  %gnice   %idle
02:30:30 AM  all    1.11    0.03    0.45    0.03    0.00    0.06    0.00    0.00    0.00   98.33
02:30:30 AM    0    6.06    0.00    0.00    0.00    0.00    0.00    0.00    0.00    0.00   93.94
02:30:30 AM    1    0.00    0.00    0.00    0.00    0.00    0.00    0.00    0.00    0.00  100.00
02:30:30 AM    2    1.01    0.00    0.00    0.00    0.00    0.00    0.00    0.00    0.00   98.99
02:30:30 AM    3    0.00    0.00    0.00    0.00    0.00    0.00    0.00    0.00    0.00  100.00
02:30:30 AM    4    2.00    0.00    7.00    1.00    0.00    0.00    0.00    0.00    0.00   90.00
02:30:30 AM    5    0.99    0.00    0.99    0.00    0.00    0.00    0.00    0.00    0.00   98.02
02:30:30 AM    6    1.98    0.00    0.00    0.00    0.00    0.99    0.00    0.00    0.00   97.03
02:30:30 AM    7    2.00    1.00    0.00    0.00    0.00    0.00    0.00    0.00    0.00   97.00
02:30:30 AM    8    1.00    0.00    0.00    0.00    0.00    0.00    0.00    0.00    0.00   99.00
02:30:30 AM    9    0.00    0.00    0.00    0.00    0.00    1.00    0.00    0.00    0.00   99.00
02:30:30 AM   10    0.00    0.00    0.00    0.00    0.00    0.00    0.00    0.00    0.00  100.00
02:30:30 AM   11    1.00    0.00    0.00    0.00    0.00    0.00    0.00    0.00    0.00   99.00
02:30:30 AM   12    0.99    0.00    0.99    0.00    0.00    0.00    0.00    0.00    0.00   98.02
02:30:30 AM   13    1.01    0.00    0.00    0.00    0.00    0.00    0.00    0.00    0.00   98.99
02:30:30 AM   14    1.00    0.00    0.00    0.00    0.00    0.00    0.00    0.00    0.00   99.00
02:30:30 AM   15    0.00    0.00    1.00    0.00    0.00    0.00    0.00    0.00    0.00   99.00
02:30:30 AM   16    0.99    0.00    0.99    0.00    0.00    0.00    0.00    0.00    0.00   98.02
02:30:30 AM   17    0.00    0.00    0.00    0.00    0.00    0.00    0.00    0.00    0.00  100.00
02:30:30 AM   18    2.00    0.00    1.00    0.00    0.00    0.00    0.00    0.00    0.00   97.00
02:30:30 AM   19    0.00    0.00    0.00    0.00    0.00    0.00    0.00    0.00    0.00  100.00
02:30:30 AM   20    1.00    0.00    0.00    0.00    0.00    0.00    0.00    0.00    0.00   99.00
02:30:30 AM   21    2.02    0.00    0.00    0.00    0.00    0.00    0.00    0.00    0.00   97.98
02:30:30 AM   22    1.02    0.00    0.00    0.00    0.00    0.00    0.00    0.00    0.00   98.98
02:30:30 AM   23    0.99    0.00    0.99    0.00    0.00    0.00    0.00    0.00    0.00   98.02
02:30:30 AM   24    1.00    0.00    1.00    0.00    0.00    0.00    0.00    0.00    0.00   98.00
02:30:30 AM   25    1.01    0.00    0.00    0.00    0.00    0.00    0.00    0.00    0.00   98.99
02:30:30 AM   26    0.00    0.00    0.00    0.00    0.00    0.00    0.00    0.00    0.00  100.00
02:30:30 AM   27    1.00    0.00    0.00    0.00    0.00    0.00    0.00    0.00    0.00   99.00
02:30:30 AM   28    1.00    0.00    0.00    0.00    0.00    0.00    0.00    0.00    0.00   99.00
02:30:30 AM   29    0.00    0.00    0.00    0.00    0.00    0.00    0.00    0.00    0.00  100.00
02:30:30 AM   30    0.00    0.00    0.00    0.00    0.00    0.00    0.00    0.00    0.00  100.00
02:30:30 AM   31    0.00    0.00    1.00    0.00    0.00    0.00    0.00    0.00    0.00   99.00
02:30:30 AM   32    6.00    0.00    0.00    0.00    0.00    0.00    0.00    0.00    0.00   94.00
02:30:30 AM   33    0.98    0.00    0.98    0.00    0.00    0.00    0.00    0.00    0.00   98.04
02:30:30 AM   34    1.00    0.00    0.00    0.00    0.00    0.00    0.00    0.00    0.00   99.00
02:30:30 AM   35    1.00    0.00    0.00    0.00    0.00    0.00    0.00    0.00    0.00   99.00

02:30:30 AM  CPU    %usr   %nice    %sys %iowait    %irq   %soft  %steal  %guest  %gnice   %idle
02:30:31 AM  all    1.00    0.03    0.50    0.03    0.00    0.00    0.00    0.00    0.00   98.44
02:30:31 AM    0    4.00    0.00    0.00    0.00    0.00    0.00    0.00    0.00    0.00   96.00
02:30:31 AM    1    2.00    0.00    1.00    0.00    0.00    0.00    0.00    0.00    0.00   97.00
02:30:31 AM    2    0.00    0.00    0.00    0.00    0.00    0.00    0.00    0.00    0.00  100.00
02:30:31 AM    3    0.00    0.00    0.00    0.00    0.00    0.00    0.00    0.00    0.00  100.00
02:30:31 AM    4    2.00    0.00    3.00    0.00    0.00    0.00    0.00    0.00    0.00   95.00
02:30:31 AM    5    1.01    0.00    1.01    0.00    0.00    0.00    0.00    0.00    0.00   97.98
02:30:31 AM    6    1.00    0.00    1.00    0.00    0.00    0.00    0.00    0.00    0.00   98.00
02:30:31 AM    7    0.00    1.01    0.00    0.00    0.00    0.00    0.00    0.00    0.00   98.99
02:30:31 AM    8    0.00    0.00    1.01    0.00    0.00    0.00    0.00    0.00    0.00   98.99
02:30:31 AM    9    1.00    0.00    0.00    0.00    0.00    0.00    0.00    0.00    0.00   99.00
02:30:31 AM   10    1.00    0.00    1.00    0.00    0.00    0.00    0.00    0.00    0.00   98.00
02:30:31 AM   11    0.00    0.00    0.00    0.00    0.00    0.00    0.00    0.00    0.00  100.00
02:30:31 AM   12    1.01    0.00    0.00    0.00    0.00    0.00    0.00    0.00    0.00   98.99
02:30:31 AM   13    1.00    0.00    0.00    0.00    0.00    0.00    0.00    0.00    0.00   99.00
02:30:31 AM   14    0.99    0.00    0.99    0.00    0.00    0.00    0.00    0.00    0.00   98.02
02:30:31 AM   15    1.00    0.00    0.00    0.00    0.00    0.00    0.00    0.00    0.00   99.00
02:30:31 AM   16    1.01    0.00    0.00    0.00    0.00    0.00    0.00    0.00    0.00   98.99
02:30:31 AM   17    1.00    0.00    0.00    0.00    0.00    0.00    0.00    0.00    0.00   99.00
02:30:31 AM   18    0.99    0.00    0.99    0.00    0.00    0.00    0.00    0.00    0.00   98.02
02:30:31 AM   19    2.00    0.00    0.00    0.00    0.00    0.00    0.00    0.00    0.00   98.00
02:30:31 AM   20    0.00    0.00    0.00    0.00    0.00    0.00    0.00    0.00    0.00  100.00
02:30:31 AM   21    1.00    0.00    1.00    0.00    0.00    0.00    0.00    0.00    0.00   98.00
02:30:31 AM   22    1.01    0.00    0.00    0.00    0.00    0.00    0.00    0.00    0.00   98.99
02:30:31 AM   23    1.01    0.00    0.00    0.00    0.00    0.00    0.00    0.00    0.00   98.99
02:30:31 AM   24    1.01    0.00    0.00    0.00    0.00    0.00    0.00    0.00    0.00   98.99
02:30:31 AM   25    0.99    0.00    0.99    0.00    0.00    0.00    0.00    0.00    0.00   98.02
02:30:31 AM   26    1.00    0.00    0.00    0.00    0.00    0.00    0.00    0.00    0.00   99.00
02:30:31 AM   27    0.99    0.00    0.99    0.99    0.00    0.00    0.00    0.00    0.00   97.03
02:30:31 AM   28    2.00    0.00    0.00    0.00    0.00    0.00    0.00    0.00    0.00   98.00
02:30:31 AM   29    1.00    0.00    0.00    0.00    0.00    0.00    0.00    0.00    0.00   99.00
02:30:31 AM   30    0.99    0.00    1.98    0.00    0.00    0.00    0.00    0.00    0.00   97.03
02:30:31 AM   31    1.01    0.00    0.00    0.00    0.00    0.00    0.00    0.00    0.00   98.99
02:30:31 AM   32    0.99    0.00    0.99    0.00    0.00    0.00    0.00    0.00    0.00   98.02
02:30:31 AM   33    1.01    0.00    0.00    0.00    0.00    0.00    0.00    0.00    0.00   98.99
02:30:31 AM   34    0.99    0.00    0.99    0.00    0.00    0.00    0.00    0.00    0.00   98.02
02:30:31 AM   35    0.00    0.00    1.00    0.00    0.00    0.00    0.00    0.00    0.00   99.00

02:30:31 AM  CPU    %usr   %nice    %sys %iowait    %irq   %soft  %steal  %guest  %gnice   %idle
02:30:32 AM  all    0.64    0.06    0.33    0.03    0.00    0.00    0.00    0.00    0.00   98.94
02:30:32 AM    0    1.00    0.00    1.00    0.00    0.00    0.00    0.00    0.00    0.00   98.00
02:30:32 AM    1    0.00    0.00    0.00    0.00    0.00    0.00    0.00    0.00    0.00  100.00
02:30:32 AM    2    1.02    0.00    0.00    0.00    0.00    0.00    0.00    0.00    0.00   98.98
02:30:32 AM    3    1.02    0.00    0.00    0.00    0.00    0.00    0.00    0.00    0.00   98.98
02:30:32 AM    4    1.00    0.00    5.00    0.00    0.00    0.00    0.00    0.00    0.00   94.00
02:30:32 AM    5    1.00    0.00    0.00    0.00    0.00    0.00    0.00    0.00    0.00   99.00
02:30:32 AM    6    0.00    0.00    0.00    0.00    0.00    0.00    0.00    0.00    0.00  100.00
02:30:32 AM    7    0.99    0.99    0.00    0.00    0.00    0.00    0.00    0.00    0.00   98.02
02:30:32 AM    8    0.99    0.00    0.00    0.00    0.00    0.00    0.00    0.00    0.00   99.01
02:30:32 AM    9    1.00    0.00    0.00    0.00    0.00    0.00    0.00    0.00    0.00   99.00
02:30:32 AM   10    0.00    0.00    0.00    0.00    0.00    0.00    0.00    0.00    0.00  100.00
02:30:32 AM   11    0.00    0.00    0.00    1.01    0.00    0.00    0.00    0.00    0.00   98.99
02:30:32 AM   12    0.00    0.00    0.00    0.00    0.00    0.00    0.00    0.00    0.00  100.00
02:30:32 AM   13    0.99    0.00    0.99    0.00    0.00    0.00    0.00    0.00    0.00   98.02
02:30:32 AM   14    0.00    0.00    0.00    0.00    0.00    0.00    0.00    0.00    0.00  100.00
02:30:32 AM   15    0.00    1.00    0.00    0.00    0.00    0.00    0.00    0.00    0.00   99.00
02:30:32 AM   16    0.99    0.00    0.99    0.00    0.00    0.00    0.00    0.00    0.00   98.02
02:30:32 AM   17    0.00    0.00    0.00    0.00    0.00    0.00    0.00    0.00    0.00  100.00
02:30:32 AM   18    0.00    0.00    0.00    0.00    0.00    0.00    0.00    0.00    0.00  100.00
02:30:32 AM   19    0.00    0.00    0.00    0.00    0.00    0.00    0.00    0.00    0.00  100.00
02:30:32 AM   20    0.99    0.00    0.99    0.00    0.00    0.00    0.00    0.00    0.00   98.02
02:30:32 AM   21    1.01    0.00    0.00    0.00    0.00    0.00    0.00    0.00    0.00   98.99
02:30:32 AM   22    2.94    0.00    1.96    0.00    0.00    0.00    0.00    0.00    0.00   95.10
02:30:32 AM   23    1.00    0.00    1.00    0.00    0.00    0.00    0.00    0.00    0.00   98.00
02:30:32 AM   24    1.01    0.00    0.00    0.00    0.00    0.00    0.00    0.00    0.00   98.99
02:30:32 AM   25    0.00    0.00    0.00    0.00    0.00    0.00    0.00    0.00    0.00  100.00
02:30:32 AM   26    1.00    0.00    0.00    0.00    0.00    0.00    0.00    0.00    0.00   99.00
02:30:32 AM   27    0.00    0.00    0.00    0.00    0.00    0.00    0.00    0.00    0.00  100.00
02:30:32 AM   28    0.00    0.00    0.00    0.00    0.00    0.00    0.00    0.00    0.00  100.00
02:30:32 AM   29    1.00    0.00    0.00    0.00    0.00    0.00    0.00    0.00    0.00   99.00
02:30:32 AM   30    1.01    0.00    0.00    0.00    0.00    0.00    0.00    0.00    0.00   98.99
02:30:32 AM   31    0.00    0.00    0.00    0.00    0.00    0.00    0.00    0.00    0.00  100.00
02:30:32 AM   32    0.00    0.00    0.00    0.00    0.00    0.00    0.00    0.00    0.00  100.00
02:30:32 AM   33    1.98    0.00    0.00    0.00    0.00    0.00    0.00    0.00    0.00   98.02
02:30:32 AM   34    0.00    0.00    0.00    0.00    0.00    0.00    0.00    0.00    0.00  100.00
02:30:32 AM   35    1.00    0.00    0.00    0.00    0.00    0.00    0.00    0.00    0.00   99.00

02:30:32 AM  CPU    %usr   %nice    %sys %iowait    %irq   %soft  %steal  %guest  %gnice   %idle
02:30:33 AM  all    0.98    0.03    0.61    0.03    0.00    0.00    0.00    0.00    0.00   98.35
02:30:33 AM    0    1.02    0.00    0.00    0.00    0.00    0.00    0.00    0.00    0.00   98.98
02:30:33 AM    1    0.00    0.00    1.00    1.00    0.00    0.00    0.00    0.00    0.00   98.00
02:30:33 AM    2    1.98    0.00    0.99    0.00    0.00    0.00    0.00    0.00    0.00   97.03
02:30:33 AM    3    4.00    0.00    1.00    0.00    0.00    0.00    0.00    0.00    0.00   95.00
02:30:33 AM    4    3.00    0.00    6.00    0.00    0.00    0.00    0.00    0.00    0.00   91.00
02:30:33 AM    5    0.00    0.00    1.02    0.00    0.00    0.00    0.00    0.00    0.00   98.98
02:30:33 AM    6    1.98    0.00    0.99    0.00    0.00    0.00    0.00    0.00    0.00   97.03
02:30:33 AM    7    0.00    0.00    0.00    0.00    0.00    0.00    0.00    0.00    0.00  100.00
02:30:33 AM    8    1.02    0.00    0.00    0.00    0.00    0.00    0.00    0.00    0.00   98.98
02:30:33 AM    9    1.01    0.00    1.01    0.00    0.00    0.00    0.00    0.00    0.00   97.98
02:30:33 AM   10    2.00    0.00    1.00    0.00    0.00    0.00    0.00    0.00    0.00   97.00
02:30:33 AM   11    2.00    1.00    2.00    0.00    0.00    0.00    0.00    0.00    0.00   95.00
02:30:33 AM   12    2.00    0.00    0.00    0.00    0.00    0.00    0.00    0.00    0.00   98.00
02:30:33 AM   13    0.99    0.00    0.99    0.00    0.00    0.00    0.00    0.00    0.00   98.02
02:30:33 AM   14    0.00    0.00    1.00    0.00    0.00    0.00    0.00    0.00    0.00   99.00
02:30:33 AM   15    1.00    0.00    1.00    0.00    0.00    0.00    0.00    0.00    0.00   98.00
02:30:33 AM   16    0.00    0.00    1.00    0.00    0.00    0.00    0.00    0.00    0.00   99.00
02:30:33 AM   17    1.01    0.00    0.00    0.00    0.00    0.00    0.00    0.00    0.00   98.99
02:30:33 AM   18    1.00    0.00    0.00    0.00    0.00    0.00    0.00    0.00    0.00   99.00
02:30:33 AM   19    2.00    0.00    0.00    0.00    0.00    0.00    0.00    0.00    0.00   98.00
02:30:33 AM   20    2.00    0.00    0.00    0.00    0.00    0.00    0.00    0.00    0.00   98.00
02:30:33 AM   21    1.00    0.00    1.00    0.00    0.00    0.00    0.00    0.00    0.00   98.00
02:30:33 AM   22    0.00    0.00    0.00    0.00    0.00    0.00    0.00    0.00    0.00  100.00
02:30:33 AM   23    0.00    0.00    0.00    0.00    0.00    0.00    0.00    0.00    0.00  100.00
02:30:33 AM   24    0.00    0.00    1.01    0.00    0.00    0.00    0.00    0.00    0.00   98.99
02:30:33 AM   25    1.01    0.00    0.00    0.00    0.00    0.00    0.00    0.00    0.00   98.99
02:30:33 AM   26    1.01    0.00    0.00    0.00    0.00    0.00    0.00    0.00    0.00   98.99
02:30:33 AM   27    1.00    0.00    1.00    0.00    0.00    0.00    0.00    0.00    0.00   98.00
02:30:33 AM   28    0.00    0.00    0.00    0.00    0.00    0.00    0.00    0.00    0.00  100.00
02:30:33 AM   29    1.00    0.00    0.00    0.00    0.00    0.00    0.00    0.00    0.00   99.00
02:30:33 AM   30    1.00    0.00    0.00    0.00    0.00    0.00    0.00    0.00    0.00   99.00
02:30:33 AM   31    1.00    0.00    0.00    0.00    0.00    0.00    0.00    0.00    0.00   99.00
02:30:33 AM   32    0.00    0.00    0.00    0.00    0.00    0.00    0.00    0.00    0.00  100.00
02:30:33 AM   33    0.00    0.00    0.00    0.00    0.00    0.00    0.00    0.00    0.00  100.00
02:30:33 AM   34    0.00    0.00    0.00    0.00    0.00    0.00    0.00    0.00    0.00  100.00
02:30:33 AM   35    0.00    0.00    0.00    0.00    0.00    0.00    0.00    0.00    0.00  100.00

Average:     CPU    %usr   %nice    %sys %iowait    %irq   %soft  %steal  %guest  %gnice   %idle
Average:     all    0.83    0.03    0.46    0.03    0.00    0.01    0.00    0.00    0.00   98.63
Average:       0    2.68    0.00    0.34    0.00    0.00    0.00    0.00    0.00    0.00   96.98
Average:       1    0.67    0.00    0.50    0.17    0.00    0.00    0.00    0.00    0.00   98.66
Average:       2    0.84    0.00    0.50    0.00    0.00    0.00    0.00    0.00    0.00   98.66
Average:       3    1.18    0.00    0.17    0.00    0.00    0.00    0.00    0.00    0.00   98.65
Average:       4    2.00    0.00    4.67    0.17    0.00    0.00    0.00    0.00    0.00   93.16
Average:       5    0.50    0.00    0.67    0.00    0.00    0.00    0.00    0.00    0.00   98.83
Average:       6    1.00    0.00    0.67    0.00    0.00    0.17    0.00    0.00    0.00   98.16
Average:       7    0.67    0.50    0.00    0.00    0.00    0.00    0.00    0.00    0.00   98.83
Average:       8    0.84    0.33    0.17    0.00    0.00    0.00    0.00    0.00    0.00   98.66
Average:       9    0.67    0.00    0.33    0.00    0.00    0.17    0.00    0.00    0.00   98.83
Average:      10    0.67    0.00    0.50    0.00    0.00    0.00    0.00    0.00    0.00   98.83
Average:      11    0.67    0.17    0.50    0.17    0.00    0.00    0.00    0.00    0.00   98.49
Average:      12    0.83    0.00    0.33    0.00    0.00    0.00    0.00    0.00    0.00   98.83
Average:      13    0.83    0.00    0.50    0.00    0.00    0.00    0.00    0.00    0.00   98.67
Average:      14    0.50    0.00    0.50    0.00    0.00    0.00    0.00    0.00    0.00   99.00
Average:      15    0.67    0.17    0.50    0.00    0.00    0.00    0.00    0.00    0.00   98.67
Average:      16    0.83    0.00    0.67    0.17    0.00    0.00    0.00    0.00    0.00   98.34
Average:      17    0.50    0.00    0.17    0.00    0.00    0.00    0.00    0.00    0.00   99.33
Average:      18    0.67    0.00    0.33    0.00    0.00    0.00    0.00    0.00    0.00   99.00
Average:      19    0.67    0.00    0.00    0.00    0.00    0.00    0.00    0.00    0.00   99.33
Average:      20    0.67    0.00    0.17    0.00    0.00    0.00    0.00    0.00    0.00   99.16
Average:      21    1.01    0.00    0.50    0.17    0.00    0.00    0.00    0.00    0.00   98.32
Average:      22    1.01    0.00    0.34    0.00    0.00    0.00    0.00    0.00    0.00   98.65
Average:      23    0.67    0.00    0.34    0.00    0.00    0.00    0.00    0.00    0.00   98.99
Average:      24    0.84    0.00    0.50    0.00    0.00    0.00    0.00    0.00    0.00   98.66
Average:      25    0.67    0.00    0.50    0.00    0.00    0.00    0.00    0.00    0.00   98.83
Average:      26    0.67    0.00    0.00    0.00    0.00    0.00    0.00    0.00    0.00   99.33
Average:      27    0.67    0.00    0.50    0.17    0.00    0.00    0.00    0.00    0.00   98.66
Average:      28    0.67    0.00    0.00    0.17    0.00    0.00    0.00    0.00    0.00   99.16
Average:      29    0.83    0.00    0.33    0.00    0.00    0.00    0.00    0.00    0.00   98.83
Average:      30    0.67    0.00    0.50    0.00    0.00    0.00    0.00    0.00    0.00   98.83
Average:      31    0.50    0.00    0.17    0.00    0.00    0.00    0.00    0.00    0.00   99.33
Average:      32    1.33    0.00    0.17    0.00    0.00    0.00    0.00    0.00    0.00   98.50
Average:      33    0.83    0.00    0.17    0.00    0.00    0.00    0.00    0.00    0.00   99.00
Average:      34    0.50    0.00    0.34    0.00    0.00    0.00    0.00    0.00    0.00   99.16
Average:      35    0.33    0.00    0.17    0.00    0.00    0.00    0.00    0.00    0.00   99.50
