Linux 5.15.0-186-generic (rapids4) 	07/28/2026 	_x86_64_	(36 CPU)

02:30:57 AM  CPU    %usr   %nice    %sys %iowait    %irq   %soft  %steal  %guest  %gnice   %idle
02:30:58 AM  all    1.06    0.03    0.47    0.08    0.00    0.03    0.00    0.00    0.00   98.33
02:30:58 AM    0    2.00    0.00    0.00    0.00    0.00    1.00    0.00    0.00    0.00   97.00
02:30:58 AM    1    2.00    0.00    0.00    1.00    0.00    0.00    0.00    0.00    0.00   97.00
02:30:58 AM    2    1.00    0.00    0.00    0.00    0.00    0.00    0.00    0.00    0.00   99.00
02:30:58 AM    3    0.99    0.99    0.00    0.00    0.00    0.00    0.00    0.00    0.00   98.02
02:30:58 AM    4    3.03    0.00    6.06    0.00    0.00    0.00    0.00    0.00    0.00   90.91
02:30:58 AM    5    1.98    0.00    0.99    0.00    0.00    0.00    0.00    0.00    0.00   97.03
02:30:58 AM    6    0.00    0.00    0.00    0.00    0.00    0.00    0.00    0.00    0.00  100.00
02:30:58 AM    7    1.01    0.00    0.00    0.00    0.00    0.00    0.00    0.00    0.00   98.99
02:30:58 AM    8    1.00    0.00    1.00    0.00    0.00    0.00    0.00    0.00    0.00   98.00
02:30:58 AM    9    1.00    0.00    0.00    0.00    0.00    0.00    0.00    0.00    0.00   99.00
02:30:58 AM   10    1.96    0.00    0.98    0.98    0.00    0.00    0.00    0.00    0.00   96.08
02:30:58 AM   11    0.00    0.00    0.00    0.00    0.00    0.00    0.00    0.00    0.00  100.00
02:30:58 AM   12    0.98    0.00    1.96    0.00    0.00    0.00    0.00    0.00    0.00   97.06
02:30:58 AM   13    1.00    0.00    0.00    0.00    0.00    0.00    0.00    0.00    0.00   99.00
02:30:58 AM   14    1.00    0.00    1.00    0.00    0.00    0.00    0.00    0.00    0.00   98.00
02:30:58 AM   15    1.00    0.00    1.00    1.00    0.00    0.00    0.00    0.00    0.00   97.00
02:30:58 AM   16    1.01    0.00    0.00    0.00    0.00    0.00    0.00    0.00    0.00   98.99
02:30:58 AM   17    1.01    0.00    0.00    0.00    0.00    0.00    0.00    0.00    0.00   98.99
02:30:58 AM   18    1.01    0.00    0.00    0.00    0.00    0.00    0.00    0.00    0.00   98.99
02:30:58 AM   19    1.00    0.00    0.00    0.00    0.00    0.00    0.00    0.00    0.00   99.00
02:30:58 AM   20    0.00    0.00    0.00    0.00    0.00    0.00    0.00    0.00    0.00  100.00
02:30:58 AM   21    0.00    0.00    0.00    0.00    0.00    0.00    0.00    0.00    0.00  100.00
02:30:58 AM   22    1.01    0.00    0.00    0.00    0.00    0.00    0.00    0.00    0.00   98.99
02:30:58 AM   23    1.01    0.00    0.00    0.00    0.00    0.00    0.00    0.00    0.00   98.99
02:30:58 AM   24    1.00    0.00    1.00    0.00    0.00    0.00    0.00    0.00    0.00   98.00
02:30:58 AM   25    1.01    0.00    0.00    0.00    0.00    0.00    0.00    0.00    0.00   98.99
02:30:58 AM   26    1.00    0.00    0.00    0.00    0.00    0.00    0.00    0.00    0.00   99.00
02:30:58 AM   27    1.01    0.00    0.00    0.00    0.00    0.00    0.00    0.00    0.00   98.99
02:30:58 AM   28    0.00    0.00    0.00    0.00    0.00    0.00    0.00    0.00    0.00  100.00
02:30:58 AM   29    0.99    0.00    0.99    0.00    0.00    0.00    0.00    0.00    0.00   98.02
02:30:58 AM   30    0.00    0.00    0.00    0.00    0.00    0.00    0.00    0.00    0.00  100.00
02:30:58 AM   31    1.00    0.00    1.00    0.00    0.00    0.00    0.00    0.00    0.00   98.00
02:30:58 AM   32    1.00    0.00    0.00    0.00    0.00    0.00    0.00    0.00    0.00   99.00
02:30:58 AM   33    2.00    0.00    0.00    0.00    0.00    0.00    0.00    0.00    0.00   98.00
02:30:58 AM   34    1.00    0.00    1.00    0.00    0.00    0.00    0.00    0.00    0.00   98.00
02:30:58 AM   35    2.00    0.00    0.00    0.00    0.00    0.00    0.00    0.00    0.00   98.00

02:30:58 AM  CPU    %usr   %nice    %sys %iowait    %irq   %soft  %steal  %guest  %gnice   %idle
02:30:59 AM  all    0.50    0.00    0.19    0.03    0.00    0.03    0.00    0.00    0.00   99.25
02:30:59 AM    0    1.00    0.00    1.00    0.00    0.00    0.00    0.00    0.00    0.00   98.00
02:30:59 AM    1    0.00    0.00    1.00    0.00    0.00    0.00    0.00    0.00    0.00   99.00
02:30:59 AM    2    0.00    0.00    0.00    1.01    0.00    0.00    0.00    0.00    0.00   98.99
02:30:59 AM    3    0.00    0.00    0.00    0.00    0.00    0.00    0.00    0.00    0.00  100.00
02:30:59 AM    4    0.00    0.00    0.00    0.00    0.00    0.00    0.00    0.00    0.00  100.00
02:30:59 AM    5    0.00    0.00    0.00    0.00    0.00    0.00    0.00    0.00    0.00  100.00
02:30:59 AM    6    1.00    0.00    0.00    0.00    0.00    0.00    0.00    0.00    0.00   99.00
02:30:59 AM    7    0.99    0.00    0.00    0.00    0.00    0.00    0.00    0.00    0.00   99.01
02:30:59 AM    8    1.01    0.00    0.00    0.00    0.00    0.00    0.00    0.00    0.00   98.99
02:30:59 AM    9    1.00    0.00    0.00    0.00    0.00    0.00    0.00    0.00    0.00   99.00
02:30:59 AM   10    0.00    0.00    0.00    0.00    0.00    0.00    0.00    0.00    0.00  100.00
02:30:59 AM   11    1.00    0.00    0.00    0.00    0.00    0.00    0.00    0.00    0.00   99.00
02:30:59 AM   12    0.00    0.00    0.00    0.00    0.00    0.00    0.00    0.00    0.00  100.00
02:30:59 AM   13    0.00    0.00    0.00    0.00    0.00    0.00    0.00    0.00    0.00  100.00
02:30:59 AM   14    1.00    0.00    0.00    0.00    0.00    0.00    0.00    0.00    0.00   99.00
02:30:59 AM   15    0.99    0.00    0.99    0.00    0.00    0.00    0.00    0.00    0.00   98.02
02:30:59 AM   16    1.00    0.00    1.00    0.00    0.00    0.00    0.00    0.00    0.00   98.00
02:30:59 AM   17    1.00    0.00    0.00    0.00    0.00    0.00    0.00    0.00    0.00   99.00
02:30:59 AM   18    0.99    0.00    0.00    0.00    0.00    0.00    0.00    0.00    0.00   99.01
02:30:59 AM   19    0.00    0.00    0.00    0.00    0.00    0.00    0.00    0.00    0.00  100.00
02:30:59 AM   20    0.00    0.00    0.00    0.00    0.00    0.00    0.00    0.00    0.00  100.00
02:30:59 AM   21    0.00    0.00    0.00    0.00    0.00    0.00    0.00    0.00    0.00  100.00
02:30:59 AM   22    0.00    0.00    0.00    0.00    0.00    0.00    0.00    0.00    0.00  100.00
02:30:59 AM   23    0.00    0.00    0.00    0.00    0.00    0.00    0.00    0.00    0.00  100.00
02:30:59 AM   24    1.00    0.00    1.00    0.00    0.00    0.00    0.00    0.00    0.00   98.00
02:30:59 AM   25    1.01    0.00    0.00    0.00    0.00    0.00    0.00    0.00    0.00   98.99
02:30:59 AM   26    0.00    0.00    0.00    0.00    0.00    0.00    0.00    0.00    0.00  100.00
02:30:59 AM   27    0.99    0.00    0.00    0.00    0.00    0.99    0.00    0.00    0.00   98.02
02:30:59 AM   28    1.00    0.00    1.00    0.00    0.00    0.00    0.00    0.00    0.00   98.00
02:30:59 AM   29    0.00    0.00    0.00    0.00    0.00    0.00    0.00    0.00    0.00  100.00
02:30:59 AM   30    1.98    0.00    0.00    0.00    0.00    0.00    0.00    0.00    0.00   98.02
02:30:59 AM   31    0.00    0.00    0.99    0.00    0.00    0.00    0.00    0.00    0.00   99.01
02:30:59 AM   32    0.00    0.00    0.00    0.00    0.00    0.00    0.00    0.00    0.00  100.00
02:30:59 AM   33    0.00    0.00    0.00    0.00    0.00    0.00    0.00    0.00    0.00  100.00
02:30:59 AM   34    1.00    0.00    0.00    0.00    0.00    0.00    0.00    0.00    0.00   99.00
02:30:59 AM   35    0.00    0.00    0.00    0.00    0.00    0.00    0.00    0.00    0.00  100.00

02:30:59 AM  CPU    %usr   %nice    %sys %iowait    %irq   %soft  %steal  %guest  %gnice   %idle
02:31:00 AM  all    0.84    0.00    0.36    0.08    0.00    0.00    0.00    0.00    0.00   98.72
02:31:00 AM    0    1.01    0.00    1.01    0.00    0.00    0.00    0.00    0.00    0.00   97.98
02:31:00 AM    1    1.00    0.00    0.00    1.00    0.00    0.00    0.00    0.00    0.00   98.00
02:31:00 AM    2    0.99    0.00    0.99    0.00    0.00    0.00    0.00    0.00    0.00   98.02
02:31:00 AM    3    0.00    0.00    0.00    0.00    0.00    0.00    0.00    0.00    0.00  100.00
02:31:00 AM    4    4.00    0.00    5.00    0.00    0.00    0.00    0.00    0.00    0.00   91.00
02:31:00 AM    5    1.98    0.00    0.00    0.00    0.00    0.00    0.00    0.00    0.00   98.02
02:31:00 AM    6    3.03    0.00    0.00    0.00    0.00    0.00    0.00    0.00    0.00   96.97
02:31:00 AM    7    1.98    0.00    0.00    0.00    0.00    0.00    0.00    0.00    0.00   98.02
02:31:00 AM    8    1.01    0.00    0.00    0.00    0.00    0.00    0.00    0.00    0.00   98.99
02:31:00 AM    9    0.99    0.00    0.99    0.00    0.00    0.00    0.00    0.00    0.00   98.02
02:31:00 AM   10    0.00    0.00    0.00    0.00    0.00    0.00    0.00    0.00    0.00  100.00
02:31:00 AM   11    0.00    0.00    0.00    0.00    0.00    0.00    0.00    0.00    0.00  100.00
02:31:00 AM   12    1.00    0.00    0.00    0.00    0.00    0.00    0.00    0.00    0.00   99.00
02:31:00 AM   13    0.00    0.00    0.00    0.00    0.00    0.00    0.00    0.00    0.00  100.00
02:31:00 AM   14    0.00    0.00    1.01    0.00    0.00    0.00    0.00    0.00    0.00   98.99
02:31:00 AM   15    1.01    0.00    0.00    0.00    0.00    0.00    0.00    0.00    0.00   98.99
02:31:00 AM   16    1.00    0.00    0.00    0.00    0.00    0.00    0.00    0.00    0.00   99.00
02:31:00 AM   17    1.01    0.00    0.00    0.00    0.00    0.00    0.00    0.00    0.00   98.99
02:31:00 AM   18    0.00    0.00    1.01    0.00    0.00    0.00    0.00    0.00    0.00   98.99
02:31:00 AM   19    0.00    0.00    0.00    1.02    0.00    0.00    0.00    0.00    0.00   98.98
02:31:00 AM   20    1.00    0.00    0.00    0.00    0.00    0.00    0.00    0.00    0.00   99.00
02:31:00 AM   21    1.00    0.00    1.00    0.00    0.00    0.00    0.00    0.00    0.00   98.00
02:31:00 AM   22    1.01    0.00    0.00    0.00    0.00    0.00    0.00    0.00    0.00   98.99
02:31:00 AM   23    0.00    0.00    0.00    0.00    0.00    0.00    0.00    0.00    0.00  100.00
02:31:00 AM   24    0.00    0.00    1.00    0.00    0.00    0.00    0.00    0.00    0.00   99.00
02:31:00 AM   25    1.96    0.00    0.98    0.00    0.00    0.00    0.00    0.00    0.00   97.06
02:31:00 AM   26    0.00    0.00    0.00    0.00    0.00    0.00    0.00    0.00    0.00  100.00
02:31:00 AM   27    0.00    0.00    0.00    0.00    0.00    0.00    0.00    0.00    0.00  100.00
02:31:00 AM   28    1.00    0.00    0.00    0.00    0.00    0.00    0.00    0.00    0.00   99.00
02:31:00 AM   29    1.98    0.00    0.00    0.00    0.00    0.00    0.00    0.00    0.00   98.02
02:31:00 AM   30    0.00    0.00    0.00    0.00    0.00    0.00    0.00    0.00    0.00  100.00
02:31:00 AM   31    1.00    0.00    0.00    0.00    0.00    0.00    0.00    0.00    0.00   99.00
02:31:00 AM   32    0.00    0.00    0.00    1.00    0.00    0.00    0.00    0.00    0.00   99.00
02:31:00 AM   33    0.00    0.00    0.00    0.00    0.00    0.00    0.00    0.00    0.00  100.00
02:31:00 AM   34    1.00    0.00    0.00    0.00    0.00    0.00    0.00    0.00    0.00   99.00
02:31:00 AM   35    0.00    0.00    0.00    0.00    0.00    0.00    0.00    0.00    0.00  100.00

02:31:00 AM  CPU    %usr   %nice    %sys %iowait    %irq   %soft  %steal  %guest  %gnice   %idle
02:31:01 AM  all    0.61    0.00    0.33    0.03    0.00    0.00    0.00    0.00    0.00   99.02
02:31:01 AM    0    1.01    0.00    0.00    1.01    0.00    0.00    0.00    0.00    0.00   97.98
02:31:01 AM    1    1.00    0.00    0.00    0.00    0.00    0.00    0.00    0.00    0.00   99.00
02:31:01 AM    2    1.00    0.00    0.00    0.00    0.00    0.00    0.00    0.00    0.00   99.00
02:31:01 AM    3    1.00    0.00    0.00    0.00    0.00    0.00    0.00    0.00    0.00   99.00
02:31:01 AM    4    0.00    0.00    0.00    0.00    0.00    0.00    0.00    0.00    0.00  100.00
02:31:01 AM    5    0.00    0.00    0.00    0.00    0.00    0.00    0.00    0.00    0.00  100.00
02:31:01 AM    6    0.00    0.00    0.00    0.00    0.00    0.00    0.00    0.00    0.00  100.00
02:31:01 AM    7    0.00    0.00    0.00    0.00    0.00    0.00    0.00    0.00    0.00  100.00
02:31:01 AM    8    0.00    0.00    0.00    0.00    0.00    0.00    0.00    0.00    0.00  100.00
02:31:01 AM    9    0.00    0.00    0.00    0.00    0.00    0.00    0.00    0.00    0.00  100.00
02:31:01 AM   10    1.00    0.00    0.00    0.00    0.00    0.00    0.00    0.00    0.00   99.00
02:31:01 AM   11    1.00    0.00    0.00    0.00    0.00    0.00    0.00    0.00    0.00   99.00
02:31:01 AM   12    0.00    0.00    0.00    0.00    0.00    0.00    0.00    0.00    0.00  100.00
02:31:01 AM   13    2.00    0.00    0.00    0.00    0.00    0.00    0.00    0.00    0.00   98.00
02:31:01 AM   14    0.00    0.00    0.00    0.00    0.00    0.00    0.00    0.00    0.00  100.00
02:31:01 AM   15    0.99    0.00    0.99    0.00    0.00    0.00    0.00    0.00    0.00   98.02
02:31:01 AM   16    0.00    0.00    0.00    0.00    0.00    0.00    0.00    0.00    0.00  100.00
02:31:01 AM   17    1.00    0.00    0.00    0.00    0.00    0.00    0.00    0.00    0.00   99.00
02:31:01 AM   18    1.00    0.00    1.00    0.00    0.00    0.00    0.00    0.00    0.00   98.00
02:31:01 AM   19    1.00    0.00    0.00    0.00    0.00    0.00    0.00    0.00    0.00   99.00
02:31:01 AM   20    0.99    0.00    0.99    0.00    0.00    0.00    0.00    0.00    0.00   98.02
02:31:01 AM   21    0.00    0.00    0.00    0.00    0.00    0.00    0.00    0.00    0.00  100.00
02:31:01 AM   22    0.00    0.00    1.00    0.00    0.00    0.00    0.00    0.00    0.00   99.00
02:31:01 AM   23    0.00    0.00    0.00    0.00    0.00    0.00    0.00    0.00    0.00  100.00
02:31:01 AM   24    0.00    0.00    1.00    0.00    0.00    0.00    0.00    0.00    0.00   99.00
02:31:01 AM   25    1.00    0.00    1.00    0.00    0.00    0.00    0.00    0.00    0.00   98.00
02:31:01 AM   26    0.00    0.00    1.00    0.00    0.00    0.00    0.00    0.00    0.00   99.00
02:31:01 AM   27    1.00    0.00    0.00    0.00    0.00    0.00    0.00    0.00    0.00   99.00
02:31:01 AM   28    1.01    0.00    0.00    0.00    0.00    0.00    0.00    0.00    0.00   98.99
02:31:01 AM   29    0.00    0.00    0.00    0.00    0.00    0.00    0.00    0.00    0.00  100.00
02:31:01 AM   30    0.00    0.00    2.02    0.00    0.00    0.00    0.00    0.00    0.00   97.98
02:31:01 AM   31    2.02    0.00    0.00    0.00    0.00    0.00    0.00    0.00    0.00   97.98
02:31:01 AM   32    1.98    0.00    0.99    0.00    0.00    0.00    0.00    0.00    0.00   97.03
02:31:01 AM   33    1.00    0.00    1.00    0.00    0.00    0.00    0.00    0.00    0.00   98.00
02:31:01 AM   34    0.00    0.00    1.01    0.00    0.00    0.00    0.00    0.00    0.00   98.99
02:31:01 AM   35    1.00    0.00    0.00    0.00    0.00    0.00    0.00    0.00    0.00   99.00

02:31:01 AM  CPU    %usr   %nice    %sys %iowait    %irq   %soft  %steal  %guest  %gnice   %idle
02:31:02 AM  all    0.59    0.11    0.42    0.03    0.00    0.00    0.00    0.00    0.00   98.86
02:31:02 AM    0    0.00    0.00    0.00    0.00    0.00    0.00    0.00    0.00    0.00  100.00
02:31:02 AM    1    1.01    0.00    0.00    0.00    0.00    0.00    0.00    0.00    0.00   98.99
02:31:02 AM    2    1.00    1.00    0.00    0.00    0.00    0.00    0.00    0.00    0.00   98.00
02:31:02 AM    3    0.00    0.00    0.00    0.00    0.00    0.00    0.00    0.00    0.00  100.00
02:31:02 AM    4    1.01    0.00    7.07    0.00    0.00    0.00    0.00    0.00    0.00   91.92
02:31:02 AM    5    1.00    0.00    1.00    0.00    0.00    0.00    0.00    0.00    0.00   98.00
02:31:02 AM    6    1.00    0.00    0.00    0.00    0.00    0.00    0.00    0.00    0.00   99.00
02:31:02 AM    7    1.00    0.00    0.00    0.00    0.00    0.00    0.00    0.00    0.00   99.00
02:31:02 AM    8    1.98    0.99    0.00    0.00    0.00    0.00    0.00    0.00    0.00   97.03
02:31:02 AM    9    1.00    0.00    0.00    0.00    0.00    0.00    0.00    0.00    0.00   99.00
02:31:02 AM   10    1.01    0.00    0.00    0.00    0.00    0.00    0.00    0.00    0.00   98.99
02:31:02 AM   11    0.98    0.98    0.98    0.00    0.00    0.00    0.00    0.00    0.00   97.06
02:31:02 AM   12    2.00    0.00    1.00    0.00    0.00    0.00    0.00    0.00    0.00   97.00
02:31:02 AM   13    1.00    0.00    1.00    0.00    0.00    0.00    0.00    0.00    0.00   98.00
02:31:02 AM   14    1.01    0.00    0.00    0.00    0.00    0.00    0.00    0.00    0.00   98.99
02:31:02 AM   15    1.01    0.00    0.00    0.00    0.00    0.00    0.00    0.00    0.00   98.99
02:31:02 AM   16    1.96    0.98    0.98    0.00    0.00    0.00    0.00    0.00    0.00   96.08
02:31:02 AM   17    0.00    0.00    0.00    0.00    0.00    0.00    0.00    0.00    0.00  100.00
02:31:02 AM   18    0.00    0.00    0.00    0.00    0.00    0.00    0.00    0.00    0.00  100.00
02:31:02 AM   19    0.00    0.00    0.00    0.00    0.00    0.00    0.00    0.00    0.00  100.00
02:31:02 AM   20    0.00    0.00    0.00    0.00    0.00    0.00    0.00    0.00    0.00  100.00
02:31:02 AM   21    0.00    0.00    0.00    0.00    0.00    0.00    0.00    0.00    0.00  100.00
02:31:02 AM   22    1.00    0.00    0.00    0.00    0.00    0.00    0.00    0.00    0.00   99.00
02:31:02 AM   23    0.00    0.00    0.00    0.00    0.00    0.00    0.00    0.00    0.00  100.00
02:31:02 AM   24    0.00    0.00    0.00    0.00    0.00    0.00    0.00    0.00    0.00  100.00
02:31:02 AM   25    0.00    0.00    0.00    0.00    0.00    0.00    0.00    0.00    0.00  100.00
02:31:02 AM   26    0.00    0.00    0.00    0.00    0.00    0.00    0.00    0.00    0.00  100.00
02:31:02 AM   27    0.00    0.00    0.00    0.00    0.00    0.00    0.00    0.00    0.00  100.00
02:31:02 AM   28    0.00    0.00    0.00    0.00    0.00    0.00    0.00    0.00    0.00  100.00
02:31:02 AM   29    0.00    0.00    0.00    1.00    0.00    0.00    0.00    0.00    0.00   99.00
02:31:02 AM   30    0.99    0.00    1.98    0.00    0.00    0.00    0.00    0.00    0.00   97.03
02:31:02 AM   31    0.00    0.00    1.00    0.00    0.00    0.00    0.00    0.00    0.00   99.00
02:31:02 AM   32    0.00    0.00    0.00    0.00    0.00    0.00    0.00    0.00    0.00  100.00
02:31:02 AM   33    1.00    0.00    0.00    0.00    0.00    0.00    0.00    0.00    0.00   99.00
02:31:02 AM   34    0.00    0.00    0.00    0.00    0.00    0.00    0.00    0.00    0.00  100.00
02:31:02 AM   35    0.00    0.00    0.00    0.00    0.00    0.00    0.00    0.00    0.00  100.00

Average:     CPU    %usr   %nice    %sys %iowait    %irq   %soft  %steal  %guest  %gnice   %idle
Average:     all    0.72    0.03    0.36    0.05    0.00    0.01    0.00    0.00    0.00   98.83
Average:       0    1.01    0.00    0.40    0.20    0.00    0.20    0.00    0.00    0.00   98.19
Average:       1    1.00    0.00    0.20    0.40    0.00    0.00    0.00    0.00    0.00   98.40
Average:       2    0.80    0.20    0.20    0.20    0.00    0.00    0.00    0.00    0.00   98.60
Average:       3    0.40    0.20    0.00    0.00    0.00    0.00    0.00    0.00    0.00   99.40
Average:       4    1.61    0.00    3.63    0.00    0.00    0.00    0.00    0.00    0.00   94.76
Average:       5    1.00    0.00    0.40    0.00    0.00    0.00    0.00    0.00    0.00   98.60
Average:       6    1.01    0.00    0.00    0.00    0.00    0.00    0.00    0.00    0.00   98.99
Average:       7    1.00    0.00    0.00    0.00    0.00    0.00    0.00    0.00    0.00   99.00
Average:       8    1.00    0.20    0.20    0.00    0.00    0.00    0.00    0.00    0.00   98.59
Average:       9    0.80    0.00    0.20    0.00    0.00    0.00    0.00    0.00    0.00   99.00
Average:      10    0.80    0.00    0.20    0.20    0.00    0.00    0.00    0.00    0.00   98.79
Average:      11    0.60    0.20    0.20    0.00    0.00    0.00    0.00    0.00    0.00   99.00
Average:      12    0.80    0.00    0.60    0.00    0.00    0.00    0.00    0.00    0.00   98.60
Average:      13    0.80    0.00    0.20    0.00    0.00    0.00    0.00    0.00    0.00   99.00
Average:      14    0.60    0.00    0.40    0.00    0.00    0.00    0.00    0.00    0.00   98.99
Average:      15    1.00    0.00    0.60    0.20    0.00    0.00    0.00    0.00    0.00   98.20
Average:      16    1.00    0.20    0.40    0.00    0.00    0.00    0.00    0.00    0.00   98.40
Average:      17    0.80    0.00    0.00    0.00    0.00    0.00    0.00    0.00    0.00   99.20
Average:      18    0.60    0.00    0.40    0.00    0.00    0.00    0.00    0.00    0.00   98.99
Average:      19    0.40    0.00    0.00    0.20    0.00    0.00    0.00    0.00    0.00   99.40
Average:      20    0.40    0.00    0.20    0.00    0.00    0.00    0.00    0.00    0.00   99.40
Average:      21    0.20    0.00    0.20    0.00    0.00    0.00    0.00    0.00    0.00   99.60
Average:      22    0.60    0.00    0.20    0.00    0.00    0.00    0.00    0.00    0.00   99.20
Average:      23    0.20    0.00    0.00    0.00    0.00    0.00    0.00    0.00    0.00   99.80
Average:      24    0.40    0.00    0.80    0.00    0.00    0.00    0.00    0.00    0.00   98.80
Average:      25    1.00    0.00    0.40    0.00    0.00    0.00    0.00    0.00    0.00   98.60
Average:      26    0.20    0.00    0.20    0.00    0.00    0.00    0.00    0.00    0.00   99.60
Average:      27    0.60    0.00    0.00    0.00    0.00    0.20    0.00    0.00    0.00   99.20
Average:      28    0.60    0.00    0.20    0.00    0.00    0.00    0.00    0.00    0.00   99.19
Average:      29    0.60    0.00    0.20    0.20    0.00    0.00    0.00    0.00    0.00   99.00
Average:      30    0.60    0.00    0.80    0.00    0.00    0.00    0.00    0.00    0.00   98.60
Average:      31    0.80    0.00    0.60    0.00    0.00    0.00    0.00    0.00    0.00   98.60
Average:      32    0.60    0.00    0.20    0.20    0.00    0.00    0.00    0.00    0.00   99.00
Average:      33    0.80    0.00    0.20    0.00    0.00    0.00    0.00    0.00    0.00   99.00
Average:      34    0.60    0.00    0.40    0.00    0.00    0.00    0.00    0.00    0.00   99.00
Average:      35    0.60    0.00    0.00    0.00    0.00    0.00    0.00    0.00    0.00   99.40
