Linux 5.15.0-186-generic (rapids4) 	07/28/2026 	_x86_64_	(36 CPU)

02:59:34 AM  CPU    %usr   %nice    %sys %iowait    %irq   %soft  %steal  %guest  %gnice   %idle
02:59:35 AM  all    2.26    0.14    2.79    0.08    0.00    1.12    0.00    0.00    0.00   93.61
02:59:35 AM    0    1.00    1.00    1.00    0.00    0.00    1.00    0.00    0.00    0.00   96.00
02:59:35 AM    1    1.01    0.00    0.00    1.01    0.00    0.00    0.00    0.00    0.00   97.98
02:59:35 AM    2    1.00    0.00    1.00    0.00    0.00    0.00    0.00    0.00    0.00   98.00
02:59:35 AM    3    0.99    0.00    1.98    0.00    0.00    0.00    0.00    0.00    0.00   97.03
02:59:35 AM    4    1.01    1.01    0.00    0.00    0.00    0.00    0.00    0.00    0.00   97.98
02:59:35 AM    5    0.00    0.00    0.00    0.00    0.00    1.01    0.00    0.00    0.00   98.99
02:59:35 AM    6    1.98    0.00    5.94    0.00    0.00    0.99    0.00    0.00    0.00   91.09
02:59:35 AM    7    1.01    0.00    0.00    0.00    0.00    0.00    0.00    0.00    0.00   98.99
02:59:35 AM    8    1.00    0.00    0.00    0.00    0.00    0.00    0.00    0.00    0.00   99.00
02:59:35 AM    9    1.01    0.00    0.00    0.00    0.00    0.00    0.00    0.00    0.00   98.99
02:59:35 AM   10    2.02    0.00    8.08    0.00    0.00    0.00    0.00    0.00    0.00   89.90
02:59:35 AM   11    4.00    0.00    1.00    0.00    0.00    0.00    0.00    0.00    0.00   95.00
02:59:35 AM   12    0.00    0.00    0.00    0.00    0.00    0.00    0.00    0.00    0.00  100.00
02:59:35 AM   13    1.00    1.00    0.00    0.00    0.00    0.00    0.00    0.00    0.00   98.00
02:59:35 AM   14    0.00    0.00    0.00    0.00    0.00    0.00    0.00    0.00    0.00  100.00
02:59:35 AM   15    0.00    2.00    0.00    0.00    0.00    0.00    0.00    0.00    0.00   98.00
02:59:35 AM   16    0.00    0.00    0.00    0.00    0.00    0.00    0.00    0.00    0.00  100.00
02:59:35 AM   17    1.00    0.00    1.00    0.00    0.00    0.00    0.00    0.00    0.00   98.00
02:59:35 AM   18    1.00    0.00    0.00    0.00    0.00    0.00    0.00    0.00    0.00   99.00
02:59:35 AM   19    2.00    0.00    0.00    0.00    0.00    0.00    0.00    0.00    0.00   98.00
02:59:35 AM   20    0.00    0.00    0.00    0.00    0.00    0.00    0.00    0.00    0.00  100.00
02:59:35 AM   21    0.00    0.00    1.00    0.00    0.00    0.00    0.00    0.00    0.00   99.00
02:59:35 AM   22    0.00    0.00    1.01    0.00    0.00    0.00    0.00    0.00    0.00   98.99
02:59:35 AM   23    0.00    0.00    0.00    1.01    0.00    0.00    0.00    0.00    0.00   98.99
02:59:35 AM   24   26.53    0.00   37.76    0.00    0.00   19.39    0.00    0.00    0.00   16.33
02:59:35 AM   25   27.45    0.00   36.27    0.00    0.00   16.67    0.00    0.00    0.00   19.61
02:59:35 AM   26    1.00    0.00    0.00    1.00    0.00    0.00    0.00    0.00    0.00   98.00
02:59:35 AM   27    1.01    0.00    0.00    0.00    0.00    0.00    0.00    0.00    0.00   98.99
02:59:35 AM   28    0.00    0.00    1.01    0.00    0.00    0.00    0.00    0.00    0.00   98.99
02:59:35 AM   29    0.00    0.00    0.00    0.00    0.00    0.00    0.00    0.00    0.00  100.00
02:59:35 AM   30    1.00    0.00    1.00    0.00    0.00    0.00    0.00    0.00    0.00   98.00
02:59:35 AM   31    0.00    0.00    0.00    0.00    0.00    0.00    0.00    0.00    0.00  100.00
02:59:35 AM   32    1.98    0.00    0.00    0.00    0.00    0.00    0.00    0.00    0.00   98.02
02:59:35 AM   33    0.00    0.00    0.00    0.00    0.00    0.00    0.00    0.00    0.00  100.00
02:59:35 AM   34    0.99    0.00    0.99    0.00    0.00    0.00    0.00    0.00    0.00   98.02
02:59:35 AM   35    0.00    0.00    0.99    0.00    0.00    0.99    0.00    0.00    0.00   98.02

02:59:35 AM  CPU    %usr   %nice    %sys %iowait    %irq   %soft  %steal  %guest  %gnice   %idle
02:59:36 AM  all    2.42    0.00    3.06    0.06    0.00    1.34    0.00    0.00    0.00   93.12
02:59:36 AM    0    0.00    0.00    0.00    0.00    0.00    1.03    0.00    0.00    0.00   98.97
02:59:36 AM    1    1.00    0.00    1.00    0.00    0.00    0.00    0.00    0.00    0.00   98.00
02:59:36 AM    2    2.00    0.00    0.00    1.00    0.00    0.00    0.00    0.00    0.00   97.00
02:59:36 AM    3    0.00    0.00    0.00    1.00    0.00    0.00    0.00    0.00    0.00   99.00
02:59:36 AM    4    0.00    0.00    1.01    0.00    0.00    0.00    0.00    0.00    0.00   98.99
02:59:36 AM    5    1.00    0.00    1.00    0.00    0.00    0.00    0.00    0.00    0.00   98.00
02:59:36 AM    6    1.00    0.00    1.00    0.00    0.00    0.00    0.00    0.00    0.00   98.00
02:59:36 AM    7    0.00    0.00    1.00    0.00    0.00    0.00    0.00    0.00    0.00   99.00
02:59:36 AM    8    0.00    0.00    1.00    0.00    0.00    0.00    0.00    0.00    0.00   99.00
02:59:36 AM    9    0.99    0.00    0.99    0.00    0.00    0.00    0.00    0.00    0.00   98.02
02:59:36 AM   10    4.00    0.00    5.00    0.00    0.00    0.00    0.00    0.00    0.00   91.00
02:59:36 AM   11    1.00    0.00    0.00    0.00    0.00    0.00    0.00    0.00    0.00   99.00
02:59:36 AM   12    1.01    0.00    0.00    0.00    0.00    0.00    0.00    0.00    0.00   98.99
02:59:36 AM   13    0.00    0.00    1.00    0.00    0.00    0.00    0.00    0.00    0.00   99.00
02:59:36 AM   14    1.00    0.00    0.00    0.00    0.00    0.00    0.00    0.00    0.00   99.00
02:59:36 AM   15    0.00    0.00    1.00    0.00    0.00    0.00    0.00    0.00    0.00   99.00
02:59:36 AM   16    1.98    0.00    0.99    0.00    0.00    0.00    0.00    0.00    0.00   97.03
02:59:36 AM   17    0.00    0.00    0.00    0.00    0.00    0.00    0.00    0.00    0.00  100.00
02:59:36 AM   18    1.01    0.00    1.01    0.00    0.00    0.00    0.00    0.00    0.00   97.98
02:59:36 AM   19    0.00    0.00    1.00    0.00    0.00    0.00    0.00    0.00    0.00   99.00
02:59:36 AM   20    0.98    0.00    1.96    0.00    0.00    0.00    0.00    0.00    0.00   97.06
02:59:36 AM   21    1.01    0.00    0.00    0.00    0.00    0.00    0.00    0.00    0.00   98.99
02:59:36 AM   22    0.00    0.00    1.00    0.00    0.00    0.00    0.00    0.00    0.00   99.00
02:59:36 AM   23    0.00    0.00    1.00    0.00    0.00    0.00    0.00    0.00    0.00   99.00
02:59:36 AM   24   33.66    0.00   41.58    0.00    0.00   24.75    0.00    0.00    0.00    0.00
02:59:36 AM   25   28.28    0.00   45.45    0.00    0.00   22.22    0.00    0.00    0.00    4.04
02:59:36 AM   26    0.00    0.00    0.00    0.00    0.00    0.00    0.00    0.00    0.00  100.00
02:59:36 AM   27    0.00    0.00    0.00    0.00    0.00    0.00    0.00    0.00    0.00  100.00
02:59:36 AM   28    1.00    0.00    0.00    0.00    0.00    0.00    0.00    0.00    0.00   99.00
02:59:36 AM   29    1.00    0.00    1.00    0.00    0.00    0.00    0.00    0.00    0.00   98.00
02:59:36 AM   30    1.00    0.00    0.00    0.00    0.00    0.00    0.00    0.00    0.00   99.00
02:59:36 AM   31    0.00    0.00    1.00    0.00    0.00    0.00    0.00    0.00    0.00   99.00
02:59:36 AM   32    0.00    0.00    0.00    0.00    0.00    0.00    0.00    0.00    0.00  100.00
02:59:36 AM   33    1.01    0.00    0.00    0.00    0.00    0.00    0.00    0.00    0.00   98.99
02:59:36 AM   34    1.01    0.00    0.00    0.00    0.00    0.00    0.00    0.00    0.00   98.99
02:59:36 AM   35    2.00    0.00    0.00    0.00    0.00    0.00    0.00    0.00    0.00   98.00

02:59:36 AM  CPU    %usr   %nice    %sys %iowait    %irq   %soft  %steal  %guest  %gnice   %idle
02:59:37 AM  all    2.10    0.03    2.91    0.06    0.00    1.43    0.00    0.00    0.00   93.48
02:59:37 AM    0    1.01    0.00    1.01    0.00    0.00    1.01    0.00    0.00    0.00   96.97
02:59:37 AM    1    0.00    0.00    0.00    0.00    0.00    0.00    0.00    0.00    0.00  100.00
02:59:37 AM    2    0.00    0.00    0.00    0.00    0.00    1.01    0.00    0.00    0.00   98.99
02:59:37 AM    3    1.01    0.00    0.00    0.00    0.00    0.00    0.00    0.00    0.00   98.99
02:59:37 AM    4    1.01    0.00    0.00    1.01    0.00    0.00    0.00    0.00    0.00   97.98
02:59:37 AM    5    1.02    0.00    0.00    0.00    0.00    0.00    0.00    0.00    0.00   98.98
02:59:37 AM    6    1.01    0.00    0.00    0.00    0.00    0.00    0.00    0.00    0.00   98.99
02:59:37 AM    7    1.02    0.00    0.00    0.00    0.00    0.00    0.00    0.00    0.00   98.98
02:59:37 AM    8    2.00    0.00    0.00    1.00    0.00    0.00    0.00    0.00    0.00   97.00
02:59:37 AM    9    0.00    0.00    0.00    0.00    0.00    0.00    0.00    0.00    0.00  100.00
02:59:37 AM   10    0.00    0.00    0.00    0.00    0.00    0.00    0.00    0.00    0.00  100.00
02:59:37 AM   11    0.00    0.00    0.00    0.00    0.00    0.00    0.00    0.00    0.00  100.00
02:59:37 AM   12    1.01    0.00    1.01    0.00    0.00    0.00    0.00    0.00    0.00   97.98
02:59:37 AM   13    1.01    0.00    0.00    0.00    0.00    0.00    0.00    0.00    0.00   98.99
02:59:37 AM   14    1.01    0.00    0.00    0.00    0.00    0.00    0.00    0.00    0.00   98.99
02:59:37 AM   15    1.00    1.00    1.00    0.00    0.00    0.00    0.00    0.00    0.00   97.00
02:59:37 AM   16    0.00    0.00    0.00    0.00    0.00    0.00    0.00    0.00    0.00  100.00
02:59:37 AM   17    1.00    0.00    0.00    0.00    0.00    0.00    0.00    0.00    0.00   99.00
02:59:37 AM   18    1.00    0.00    0.00    0.00    0.00    0.00    0.00    0.00    0.00   99.00
02:59:37 AM   19    1.00    0.00    0.00    0.00    0.00    0.00    0.00    0.00    0.00   99.00
02:59:37 AM   20    0.00    0.00    0.00    0.00    0.00    0.00    0.00    0.00    0.00  100.00
02:59:37 AM   21    0.99    0.00    0.99    0.00    0.00    0.00    0.00    0.00    0.00   98.02
02:59:37 AM   22    1.01    0.00    0.00    0.00    0.00    0.00    0.00    0.00    0.00   98.99
02:59:37 AM   23    1.00    0.00    0.00    0.00    0.00    0.00    0.00    0.00    0.00   99.00
02:59:37 AM   24   23.00    0.00   50.00    0.00    0.00   27.00    0.00    0.00    0.00    0.00
02:59:37 AM   25   28.28    0.00   46.46    0.00    0.00   22.22    0.00    0.00    0.00    3.03
02:59:37 AM   26    0.00    0.00    0.99    0.00    0.00    0.00    0.00    0.00    0.00   99.01
02:59:37 AM   27    0.00    0.00    0.00    0.00    0.00    0.00    0.00    0.00    0.00  100.00
02:59:37 AM   28    0.00    0.00    0.00    0.00    0.00    0.00    0.00    0.00    0.00  100.00
02:59:37 AM   29    1.01    0.00    0.00    0.00    0.00    0.00    0.00    0.00    0.00   98.99
02:59:37 AM   30    0.00    0.00    1.01    0.00    0.00    0.00    0.00    0.00    0.00   98.99
02:59:37 AM   31    1.00    0.00    1.00    0.00    0.00    0.00    0.00    0.00    0.00   98.00
02:59:37 AM   32    1.00    0.00    1.00    0.00    0.00    0.00    0.00    0.00    0.00   98.00
02:59:37 AM   33    2.00    0.00    0.00    0.00    0.00    0.00    0.00    0.00    0.00   98.00
02:59:37 AM   34    0.00    0.00    0.00    0.00    0.00    0.00    0.00    0.00    0.00  100.00
02:59:37 AM   35    1.00    0.00    0.00    0.00    0.00    0.00    0.00    0.00    0.00   99.00

02:59:37 AM  CPU    %usr   %nice    %sys %iowait    %irq   %soft  %steal  %guest  %gnice   %idle
02:59:38 AM  all    2.07    0.00    3.24    0.03    0.00    1.37    0.00    0.00    0.00   93.29
02:59:38 AM    0    1.00    0.00    2.00    0.00    0.00    1.00    0.00    0.00    0.00   96.00
02:59:38 AM    1    0.00    0.00    0.00    0.00    0.00    0.00    0.00    0.00    0.00  100.00
02:59:38 AM    2    0.00    0.00    0.00    0.00    0.00    0.00    0.00    0.00    0.00  100.00
02:59:38 AM    3    1.01    0.00    0.00    0.00    0.00    0.00    0.00    0.00    0.00   98.99
02:59:38 AM    4    1.00    0.00    1.00    0.00    0.00    0.00    0.00    0.00    0.00   98.00
02:59:38 AM    5    1.00    0.00    0.00    0.00    0.00    0.00    0.00    0.00    0.00   99.00
02:59:38 AM    6    1.00    0.00    1.00    0.00    0.00    0.00    0.00    0.00    0.00   98.00
02:59:38 AM    7    1.98    0.00    0.00    0.00    0.00    0.99    0.00    0.00    0.00   97.03
02:59:38 AM    8    1.01    0.00    0.00    0.00    0.00    0.00    0.00    0.00    0.00   98.99
02:59:38 AM    9    0.99    0.00    0.99    0.00    0.00    0.99    0.00    0.00    0.00   97.03
02:59:38 AM   10    2.02    0.00    7.07    0.00    0.00    0.00    0.00    0.00    0.00   90.91
02:59:38 AM   11    0.99    0.00    0.99    0.00    0.00    0.00    0.00    0.00    0.00   98.02
02:59:38 AM   12    0.00    0.00    1.00    0.00    0.00    0.00    0.00    0.00    0.00   99.00
02:59:38 AM   13    0.00    0.00    0.00    0.00    0.00    0.00    0.00    0.00    0.00  100.00
02:59:38 AM   14    0.00    0.00    1.00    0.00    0.00    0.00    0.00    0.00    0.00   99.00
02:59:38 AM   15    0.00    0.00    0.00    0.00    0.00    0.00    0.00    0.00    0.00  100.00
02:59:38 AM   16    0.00    0.00    0.00    0.00    0.00    0.00    0.00    0.00    0.00  100.00
02:59:38 AM   17    0.00    0.00    1.01    0.00    0.00    0.00    0.00    0.00    0.00   98.99
02:59:38 AM   18    0.00    0.00    0.00    0.00    0.00    0.00    0.00    0.00    0.00  100.00
02:59:38 AM   19    1.02    0.00    0.00    0.00    0.00    0.00    0.00    0.00    0.00   98.98
02:59:38 AM   20    1.00    0.00    0.00    0.00    0.00    0.00    0.00    0.00    0.00   99.00
02:59:38 AM   21    1.01    0.00    0.00    0.00    0.00    0.00    0.00    0.00    0.00   98.99
02:59:38 AM   22    2.00    0.00    0.00    0.00    0.00    0.00    0.00    0.00    0.00   98.00
02:59:38 AM   23    0.00    0.00    2.00    0.00    0.00    0.00    0.00    0.00    0.00   98.00
02:59:38 AM   24   32.00    0.00   46.00    0.00    0.00   22.00    0.00    0.00    0.00    0.00
02:59:38 AM   25   22.22    0.00   50.51    0.00    0.00   24.24    0.00    0.00    0.00    3.03
02:59:38 AM   26    0.00    0.00    0.00    0.00    0.00    0.00    0.00    0.00    0.00  100.00
02:59:38 AM   27    0.00    0.00    0.00    0.00    0.00    0.00    0.00    0.00    0.00  100.00
02:59:38 AM   28    0.00    0.00    0.00    0.00    0.00    0.00    0.00    0.00    0.00  100.00
02:59:38 AM   29    0.00    0.00    0.00    1.01    0.00    0.00    0.00    0.00    0.00   98.99
02:59:38 AM   30    1.01    0.00    0.00    0.00    0.00    0.00    0.00    0.00    0.00   98.99
02:59:38 AM   31    0.00    0.00    0.00    0.00    0.00    0.00    0.00    0.00    0.00  100.00
02:59:38 AM   32    1.01    0.00    0.00    0.00    0.00    0.00    0.00    0.00    0.00   98.99
02:59:38 AM   33    1.01    0.00    1.01    0.00    0.00    0.00    0.00    0.00    0.00   97.98
02:59:38 AM   34    0.00    0.00    0.00    0.00    0.00    0.00    0.00    0.00    0.00  100.00
02:59:38 AM   35    0.00    0.00    1.01    0.00    0.00    0.00    0.00    0.00    0.00   98.99

02:59:38 AM  CPU    %usr   %nice    %sys %iowait    %irq   %soft  %steal  %guest  %gnice   %idle
02:59:39 AM  all    2.40    0.11    2.76    0.14    0.00    1.53    0.00    0.00    0.00   93.06
02:59:39 AM    0    0.00    0.00    0.00    1.02    0.00    2.04    0.00    0.00    0.00   96.94
02:59:39 AM    1    2.00    0.00    1.00    0.00    0.00    0.00    0.00    0.00    0.00   97.00
02:59:39 AM    2    1.01    0.00    0.00    0.00    0.00    0.00    0.00    0.00    0.00   98.99
02:59:39 AM    3    0.99    0.99    0.00    0.00    0.00    0.00    0.00    0.00    0.00   98.02
02:59:39 AM    4    1.01    0.00    0.00    0.00    0.00    0.00    0.00    0.00    0.00   98.99
02:59:39 AM    5    0.99    0.99    0.99    0.00    0.00    0.00    0.00    0.00    0.00   97.03
02:59:39 AM    6    0.00    0.00    0.00    0.00    0.00    0.00    0.00    0.00    0.00  100.00
02:59:39 AM    7    0.98    0.98    0.98    0.00    0.00    0.00    0.00    0.00    0.00   97.06
02:59:39 AM    8    1.98    0.00    0.00    0.00    0.00    0.00    0.00    0.00    0.00   98.02
02:59:39 AM    9    1.00    0.00    0.00    0.00    0.00    0.00    0.00    0.00    0.00   99.00
02:59:39 AM   10    0.00    0.00    1.00    0.00    0.00    0.00    0.00    0.00    0.00   99.00
02:59:39 AM   11    2.04    0.00    6.12    0.00    0.00    0.00    0.00    0.00    0.00   91.84
02:59:39 AM   12    0.00    0.00    0.00    0.00    0.00    0.00    0.00    0.00    0.00  100.00
02:59:39 AM   13    0.00    0.00    1.00    1.00    0.00    0.00    0.00    0.00    0.00   98.00
02:59:39 AM   14    0.99    0.00    0.99    0.99    0.00    0.00    0.00    0.00    0.00   97.03
02:59:39 AM   15    0.00    0.00    0.00    0.00    0.00    0.00    0.00    0.00    0.00  100.00
02:59:39 AM   16    1.01    0.00    0.00    0.00    0.00    0.00    0.00    0.00    0.00   98.99
02:59:39 AM   17    1.00    1.00    0.00    0.00    0.00    0.00    0.00    0.00    0.00   98.00
02:59:39 AM   18    1.98    0.00    0.00    0.00    0.00    0.00    0.00    0.00    0.00   98.02
02:59:39 AM   19    1.98    0.00    0.00    0.00    0.00    0.00    0.00    0.00    0.00   98.02
02:59:39 AM   20    1.01    0.00    0.00    0.00    0.00    0.00    0.00    0.00    0.00   98.99
02:59:39 AM   21    0.00    0.00    0.00    0.00    0.00    0.00    0.00    0.00    0.00  100.00
02:59:39 AM   22    0.00    0.00    2.00    0.00    0.00    0.00    0.00    0.00    0.00   98.00
02:59:39 AM   23    0.00    0.00    0.00    1.01    0.00    0.00    0.00    0.00    0.00   98.99
02:59:39 AM   24   29.00    0.00   43.00    0.00    0.00   28.00    0.00    0.00    0.00    0.00
02:59:39 AM   25   31.68    0.00   39.60    0.00    0.00   24.75    0.00    0.00    0.00    3.96
02:59:39 AM   26    0.00    0.00    0.00    0.00    0.00    0.00    0.00    0.00    0.00  100.00
02:59:39 AM   27    0.00    0.00    0.00    0.00    0.00    0.00    0.00    0.00    0.00  100.00
02:59:39 AM   28    1.01    0.00    0.00    0.00    0.00    0.00    0.00    0.00    0.00   98.99
02:59:39 AM   29    0.00    0.00    0.00    0.00    0.00    0.00    0.00    0.00    0.00  100.00
02:59:39 AM   30    1.01    0.00    0.00    0.00    0.00    0.00    0.00    0.00    0.00   98.99
02:59:39 AM   31    1.00    0.00    1.00    0.00    0.00    0.00    0.00    0.00    0.00   98.00
02:59:39 AM   32    0.00    0.00    0.00    0.00    0.00    0.00    0.00    0.00    0.00  100.00
02:59:39 AM   33    0.00    0.00    0.00    0.00    0.00    0.00    0.00    0.00    0.00  100.00
02:59:39 AM   34    0.00    0.00    1.00    1.00    0.00    0.00    0.00    0.00    0.00   98.00
02:59:39 AM   35    1.98    0.00    0.00    0.00    0.00    0.00    0.00    0.00    0.00   98.02

02:59:39 AM  CPU    %usr   %nice    %sys %iowait    %irq   %soft  %steal  %guest  %gnice   %idle
02:59:40 AM  all    2.40    0.03    2.85    0.00    0.00    1.48    0.00    0.00    0.00   93.25
02:59:40 AM    0    1.02    0.00    1.02    0.00    0.00    1.02    0.00    0.00    0.00   96.94
02:59:40 AM    1    0.00    0.00    1.01    0.00    0.00    0.00    0.00    0.00    0.00   98.99
02:59:40 AM    2    1.01    0.00    1.01    0.00    0.00    0.00    0.00    0.00    0.00   97.98
02:59:40 AM    3    0.00    1.00    1.00    0.00    0.00    0.00    0.00    0.00    0.00   98.00
02:59:40 AM    4    0.00    0.00    0.00    0.00    0.00    0.00    0.00    0.00    0.00  100.00
02:59:40 AM    5    1.00    0.00    0.00    0.00    0.00    1.00    0.00    0.00    0.00   98.00
02:59:40 AM    6    2.00    0.00    0.00    0.00    0.00    0.00    0.00    0.00    0.00   98.00
02:59:40 AM    7    3.00    0.00    2.00    0.00    0.00    0.00    0.00    0.00    0.00   95.00
02:59:40 AM    8    1.01    0.00    0.00    0.00    0.00    0.00    0.00    0.00    0.00   98.99
02:59:40 AM    9    1.01    0.00    0.00    0.00    0.00    0.00    0.00    0.00    0.00   98.99
02:59:40 AM   10    1.01    0.00    0.00    0.00    0.00    0.00    0.00    0.00    0.00   98.99
02:59:40 AM   11    0.00    0.00    0.00    0.00    0.00    0.00    0.00    0.00    0.00  100.00
02:59:40 AM   12    0.00    0.00    0.00    0.00    0.00    0.00    0.00    0.00    0.00  100.00
02:59:40 AM   13    0.99    0.00    0.99    0.00    0.00    0.00    0.00    0.00    0.00   98.02
02:59:40 AM   14    1.01    0.00    0.00    0.00    0.00    0.00    0.00    0.00    0.00   98.99
02:59:40 AM   15    1.00    0.00    0.00    0.00    0.00    0.00    0.00    0.00    0.00   99.00
02:59:40 AM   16    0.00    0.00    1.01    0.00    0.00    0.00    0.00    0.00    0.00   98.99
02:59:40 AM   17    0.99    0.00    1.98    0.00    0.00    0.00    0.00    0.00    0.00   97.03
02:59:40 AM   18    1.00    0.00    1.00    0.00    0.00    0.00    0.00    0.00    0.00   98.00
02:59:40 AM   19    0.00    0.00    0.00    0.00    0.00    0.00    0.00    0.00    0.00  100.00
02:59:40 AM   20    0.99    0.00    0.99    0.00    0.00    0.00    0.00    0.00    0.00   98.02
02:59:40 AM   21    0.00    0.00    0.00    0.00    0.00    0.00    0.00    0.00    0.00  100.00
02:59:40 AM   22    0.00    0.00    0.00    0.00    0.00    0.00    0.00    0.00    0.00  100.00
02:59:40 AM   23    0.99    0.00    0.99    0.00    0.00    0.00    0.00    0.00    0.00   98.02
02:59:40 AM   24   30.30    0.00   46.46    0.00    0.00   23.23    0.00    0.00    0.00    0.00
02:59:40 AM   25   28.28    0.00   40.40    0.00    0.00   28.28    0.00    0.00    0.00    3.03
02:59:40 AM   26    0.00    0.00    0.00    0.00    0.00    0.00    0.00    0.00    0.00  100.00
02:59:40 AM   27    2.00    0.00    1.00    0.00    0.00    0.00    0.00    0.00    0.00   97.00
02:59:40 AM   28    1.00    0.00    1.00    0.00    0.00    0.00    0.00    0.00    0.00   98.00
02:59:40 AM   29    1.01    0.00    0.00    0.00    0.00    0.00    0.00    0.00    0.00   98.99
02:59:40 AM   30    1.00    0.00    0.00    0.00    0.00    0.00    0.00    0.00    0.00   99.00
02:59:40 AM   31    1.00    0.00    0.00    0.00    0.00    0.00    0.00    0.00    0.00   99.00
02:59:40 AM   32    0.00    0.00    0.00    0.00    0.00    0.00    0.00    0.00    0.00  100.00
02:59:40 AM   33    1.01    0.00    0.00    0.00    0.00    0.00    0.00    0.00    0.00   98.99
02:59:40 AM   34    1.96    0.00    0.98    0.00    0.00    0.00    0.00    0.00    0.00   97.06
02:59:40 AM   35    1.00    0.00    0.00    0.00    0.00    0.00    0.00    0.00    0.00   99.00

02:59:40 AM  CPU    %usr   %nice    %sys %iowait    %irq   %soft  %steal  %guest  %gnice   %idle
02:59:41 AM  all    2.60    0.03    2.79    0.06    0.00    1.37    0.00    0.00    0.00   93.16
02:59:41 AM    0    2.06    0.00    0.00    0.00    0.00    0.00    0.00    0.00    0.00   97.94
02:59:41 AM    1    1.01    0.00    0.00    0.00    0.00    0.00    0.00    0.00    0.00   98.99
02:59:41 AM    2    0.99    0.00    0.99    0.00    0.00    0.00    0.00    0.00    0.00   98.02
02:59:41 AM    3    1.00    0.00    0.00    0.00    0.00    0.00    0.00    0.00    0.00   99.00
02:59:41 AM    4    0.00    0.00    0.00    0.00    0.00    0.00    0.00    0.00    0.00  100.00
02:59:41 AM    5    1.98    0.00    0.99    0.00    0.00    0.00    0.00    0.00    0.00   97.03
02:59:41 AM    6    1.01    0.00    0.00    0.00    0.00    0.00    0.00    0.00    0.00   98.99
02:59:41 AM    7    0.00    0.00    0.00    0.00    0.00    0.00    0.00    0.00    0.00  100.00
02:59:41 AM    8    0.99    0.00    0.99    0.00    0.00    0.99    0.00    0.00    0.00   97.03
02:59:41 AM    9    1.00    0.00    0.00    0.00    0.00    0.00    0.00    0.00    0.00   99.00
02:59:41 AM   10    1.01    0.00    0.00    0.00    0.00    0.00    0.00    0.00    0.00   98.99
02:59:41 AM   11    3.03    0.00    6.06    0.00    0.00    0.00    0.00    0.00    0.00   90.91
02:59:41 AM   12    0.00    0.00    2.00    0.00    0.00    0.00    0.00    0.00    0.00   98.00
02:59:41 AM   13    1.01    0.00    0.00    0.00    0.00    0.00    0.00    0.00    0.00   98.99
02:59:41 AM   14    1.01    1.01    0.00    0.00    0.00    0.00    0.00    0.00    0.00   97.98
02:59:41 AM   15    0.99    0.00    0.99    0.00    0.00    0.00    0.00    0.00    0.00   98.02
02:59:41 AM   16    1.00    0.00    0.00    0.00    0.00    0.00    0.00    0.00    0.00   99.00
02:59:41 AM   17    1.01    0.00    0.00    0.00    0.00    0.00    0.00    0.00    0.00   98.99
02:59:41 AM   18    0.00    0.00    0.00    0.00    0.00    0.00    0.00    0.00    0.00  100.00
02:59:41 AM   19    0.99    0.00    1.98    0.00    0.00    0.00    0.00    0.00    0.00   97.03
02:59:41 AM   20    0.00    0.00    1.00    0.00    0.00    0.00    0.00    0.00    0.00   99.00
02:59:41 AM   21    1.00    0.00    0.00    0.00    0.00    0.00    0.00    0.00    0.00   99.00
02:59:41 AM   22    0.00    0.00    1.01    1.01    0.00    0.00    0.00    0.00    0.00   97.98
02:59:41 AM   23    0.00    0.00    0.00    0.00    0.00    0.00    0.00    0.00    0.00  100.00
02:59:41 AM   24   33.66    0.00   39.60    0.00    0.00   26.73    0.00    0.00    0.00    0.00
02:59:41 AM   25   33.00    0.00   42.00    0.00    0.00   21.00    0.00    0.00    0.00    4.00
02:59:41 AM   26    0.00    0.00    0.00    0.00    0.00    0.00    0.00    0.00    0.00  100.00
02:59:41 AM   27    0.00    0.00    0.00    0.00    0.00    0.00    0.00    0.00    0.00  100.00
02:59:41 AM   28    1.00    0.00    0.00    1.00    0.00    0.00    0.00    0.00    0.00   98.00
02:59:41 AM   29    0.99    0.00    0.99    0.00    0.00    0.00    0.00    0.00    0.00   98.02
02:59:41 AM   30    0.00    0.00    0.00    0.00    0.00    0.00    0.00    0.00    0.00  100.00
02:59:41 AM   31    0.00    0.00    1.01    0.00    0.00    0.00    0.00    0.00    0.00   98.99
02:59:41 AM   32    2.00    0.00    0.00    0.00    0.00    0.00    0.00    0.00    0.00   98.00
02:59:41 AM   33    1.01    0.00    0.00    0.00    0.00    0.00    0.00    0.00    0.00   98.99
02:59:41 AM   34    0.00    0.00    0.00    0.00    0.00    0.00    0.00    0.00    0.00  100.00
02:59:41 AM   35    0.00    0.00    0.00    0.00    0.00    0.00    0.00    0.00    0.00  100.00

02:59:41 AM  CPU    %usr   %nice    %sys %iowait    %irq   %soft  %steal  %guest  %gnice   %idle
02:59:42 AM  all    2.49    0.00    2.57    0.06    0.00    1.43    0.00    0.00    0.00   93.46
02:59:42 AM    0    1.01    0.00    1.01    0.00    0.00    1.01    0.00    0.00    0.00   96.97
02:59:42 AM    1    0.00    0.00    1.00    0.00    0.00    0.00    0.00    0.00    0.00   99.00
02:59:42 AM    2    0.00    0.00    0.00    1.01    0.00    0.00    0.00    0.00    0.00   98.99
02:59:42 AM    3    0.00    0.00    0.00    0.00    0.00    0.00    0.00    0.00    0.00  100.00
02:59:42 AM    4    1.01    0.00    0.00    0.00    0.00    0.00    0.00    0.00    0.00   98.99
02:59:42 AM    5    0.00    0.00    0.00    0.00    0.00    0.00    0.00    0.00    0.00  100.00
02:59:42 AM    6    1.00    0.00    0.00    0.00    0.00    0.00    0.00    0.00    0.00   99.00
02:59:42 AM    7    0.00    0.00    1.00    0.00    0.00    0.00    0.00    0.00    0.00   99.00
02:59:42 AM    8    1.00    0.00    0.00    0.00    0.00    0.00    0.00    0.00    0.00   99.00
02:59:42 AM    9    0.00    0.00    1.01    0.00    0.00    0.00    0.00    0.00    0.00   98.99
02:59:42 AM   10    1.00    0.00    1.00    1.00    0.00    0.00    0.00    0.00    0.00   97.00
02:59:42 AM   11    0.98    0.00    1.96    0.00    0.00    0.00    0.00    0.00    0.00   97.06
02:59:42 AM   12    1.00    0.00    0.00    0.00    0.00    0.00    0.00    0.00    0.00   99.00
02:59:42 AM   13    0.00    0.00    2.00    0.00    0.00    0.00    0.00    0.00    0.00   98.00
02:59:42 AM   14    0.00    0.00    0.00    0.00    0.00    0.00    0.00    0.00    0.00  100.00
02:59:42 AM   15    0.00    0.00    0.00    0.00    0.00    0.00    0.00    0.00    0.00  100.00
02:59:42 AM   16    1.01    0.00    0.00    0.00    0.00    0.00    0.00    0.00    0.00   98.99
02:59:42 AM   17    1.01    0.00    0.00    0.00    0.00    0.00    0.00    0.00    0.00   98.99
02:59:42 AM   18    0.00    0.00    0.00    0.00    0.00    0.00    0.00    0.00    0.00  100.00
02:59:42 AM   19    1.00    0.00    1.00    0.00    0.00    0.00    0.00    0.00    0.00   98.00
02:59:42 AM   20    2.97    0.00    0.00    0.00    0.00    0.00    0.00    0.00    0.00   97.03
02:59:42 AM   21    0.00    0.00    0.00    0.00    0.00    0.00    0.00    0.00    0.00  100.00
02:59:42 AM   22    1.01    0.00    0.00    0.00    0.00    0.00    0.00    0.00    0.00   98.99
02:59:42 AM   23    1.98    0.00    0.99    0.00    0.00    0.00    0.00    0.00    0.00   97.03
02:59:42 AM   24   36.00    0.00   38.00    0.00    0.00   26.00    0.00    0.00    0.00    0.00
02:59:42 AM   25   30.93    0.00   42.27    0.00    0.00   23.71    0.00    0.00    0.00    3.09
02:59:42 AM   26    0.00    0.00    0.00    0.00    0.00    0.00    0.00    0.00    0.00  100.00
02:59:42 AM   27    0.00    0.00    0.00    0.00    0.00    0.00    0.00    0.00    0.00  100.00
02:59:42 AM   28    1.00    0.00    0.00    0.00    0.00    0.00    0.00    0.00    0.00   99.00
02:59:42 AM   29    1.01    0.00    0.00    0.00    0.00    0.00    0.00    0.00    0.00   98.99
02:59:42 AM   30    0.00    0.00    1.00    0.00    0.00    1.00    0.00    0.00    0.00   98.00
02:59:42 AM   31    1.01    0.00    0.00    0.00    0.00    0.00    0.00    0.00    0.00   98.99
02:59:42 AM   32    1.00    0.00    0.00    0.00    0.00    0.00    0.00    0.00    0.00   99.00
02:59:42 AM   33    1.01    0.00    1.01    0.00    0.00    0.00    0.00    0.00    0.00   97.98
02:59:42 AM   34    1.01    0.00    0.00    0.00    0.00    0.00    0.00    0.00    0.00   98.99
02:59:42 AM   35    1.00    0.00    0.00    0.00    0.00    0.00    0.00    0.00    0.00   99.00

02:59:42 AM  CPU    %usr   %nice    %sys %iowait    %irq   %soft  %steal  %guest  %gnice   %idle
02:59:43 AM  all    2.95    0.03    2.98    0.08    0.00    1.34    0.00    0.00    0.00   92.61
02:59:43 AM    0    1.02    0.00    0.00    0.00    0.00    2.04    0.00    0.00    0.00   96.94
02:59:43 AM    1    1.01    0.00    0.00    0.00    0.00    0.00    0.00    0.00    0.00   98.99
02:59:43 AM    2    1.01    0.00    0.00    0.00    0.00    0.00    0.00    0.00    0.00   98.99
02:59:43 AM    3    2.00    0.00    1.00    0.00    0.00    0.00    0.00    0.00    0.00   97.00
02:59:43 AM    4    2.94    0.00    0.98    0.00    0.00    0.00    0.00    0.00    0.00   96.08
02:59:43 AM    5    2.00    0.00    1.00    0.00    0.00    0.00    0.00    0.00    0.00   97.00
02:59:43 AM    6    1.98    0.00    1.98    0.00    0.00    0.00    0.00    0.00    0.00   96.04
02:59:43 AM    7    2.00    0.00    0.00    0.00    0.00    0.00    0.00    0.00    0.00   98.00
02:59:43 AM    8    1.00    0.00    1.00    0.00    0.00    0.00    0.00    0.00    0.00   98.00
02:59:43 AM    9    1.01    0.00    0.00    0.00    0.00    0.00    0.00    0.00    0.00   98.99
02:59:43 AM   10    3.03    0.00    5.05    0.00    0.00    0.00    0.00    0.00    0.00   91.92
02:59:43 AM   11    2.00    0.00    1.00    0.00    0.00    0.00    0.00    0.00    0.00   97.00
02:59:43 AM   12    1.02    0.00    0.00    0.00    0.00    0.00    0.00    0.00    0.00   98.98
02:59:43 AM   13    1.00    0.00    0.00    0.00    0.00    0.00    0.00    0.00    0.00   99.00
02:59:43 AM   14    1.00    0.00    0.00    0.00    0.00    0.00    0.00    0.00    0.00   99.00
02:59:43 AM   15    0.99    0.99    0.00    0.00    0.00    0.00    0.00    0.00    0.00   98.02
02:59:43 AM   16    0.00    0.00    0.00    1.01    0.00    0.00    0.00    0.00    0.00   98.99
02:59:43 AM   17    0.00    0.00    0.00    0.00    0.00    0.00    0.00    0.00    0.00  100.00
02:59:43 AM   18    2.97    0.00    0.00    0.00    0.00    0.00    0.00    0.00    0.00   97.03
02:59:43 AM   19    1.01    0.00    1.01    0.00    0.00    0.00    0.00    0.00    0.00   97.98
02:59:43 AM   20    2.00    0.00    0.00    1.00    0.00    0.00    0.00    0.00    0.00   97.00
02:59:43 AM   21    1.00    0.00    1.00    0.00    0.00    0.00    0.00    0.00    0.00   98.00
02:59:43 AM   22    0.99    0.00    1.98    0.00    0.00    0.00    0.00    0.00    0.00   97.03
02:59:43 AM   23    2.00    0.00    0.00    0.00    0.00    0.00    0.00    0.00    0.00   98.00
02:59:43 AM   24   30.30    0.00   47.47    0.00    0.00   22.22    0.00    0.00    0.00    0.00
02:59:43 AM   25   31.31    0.00   41.41    0.00    0.00   24.24    0.00    0.00    0.00    3.03
02:59:43 AM   26    1.00    0.00    0.00    0.00    0.00    0.00    0.00    0.00    0.00   99.00
02:59:43 AM   27    1.00    0.00    1.00    0.00    0.00    0.00    0.00    0.00    0.00   98.00
02:59:43 AM   28    0.00    0.00    0.00    0.00    0.00    0.00    0.00    0.00    0.00  100.00
02:59:43 AM   29    1.01    0.00    0.00    0.00    0.00    0.00    0.00    0.00    0.00   98.99
02:59:43 AM   30    1.98    0.00    0.00    0.00    0.00    0.00    0.00    0.00    0.00   98.02
02:59:43 AM   31    1.00    0.00    0.00    0.00    0.00    0.00    0.00    0.00    0.00   99.00
02:59:43 AM   32    1.01    0.00    0.00    0.00    0.00    0.00    0.00    0.00    0.00   98.99
02:59:43 AM   33    1.02    0.00    0.00    0.00    0.00    0.00    0.00    0.00    0.00   98.98
02:59:43 AM   34    1.00    0.00    1.00    0.00    0.00    0.00    0.00    0.00    0.00   98.00
02:59:43 AM   35    1.00    0.00    1.00    1.00    0.00    0.00    0.00    0.00    0.00   97.00

02:59:43 AM  CPU    %usr   %nice    %sys %iowait    %irq   %soft  %steal  %guest  %gnice   %idle
02:59:44 AM  all    2.26    0.00    2.96    0.03    0.00    1.51    0.00    0.00    0.00   93.25
02:59:44 AM    0    1.00    0.00    0.00    1.00    0.00    3.00    0.00    0.00    0.00   95.00
02:59:44 AM    1    1.98    0.00    0.99    0.00    0.00    0.00    0.00    0.00    0.00   97.03
02:59:44 AM    2    1.01    0.00    0.00    0.00    0.00    0.00    0.00    0.00    0.00   98.99
02:59:44 AM    3    0.99    0.00    0.99    0.00    0.00    0.00    0.00    0.00    0.00   98.02
02:59:44 AM    4    1.00    0.00    1.00    0.00    0.00    0.00    0.00    0.00    0.00   98.00
02:59:44 AM    5    0.00    0.00    1.00    0.00    0.00    1.00    0.00    0.00    0.00   98.00
02:59:44 AM    6    2.00    0.00    0.00    0.00    0.00    0.00    0.00    0.00    0.00   98.00
02:59:44 AM    7    0.00    0.00    2.00    0.00    0.00    0.00    0.00    0.00    0.00   98.00
02:59:44 AM    8    1.00    0.00    0.00    0.00    0.00    0.00    0.00    0.00    0.00   99.00
02:59:44 AM    9    1.01    0.00    0.00    0.00    0.00    0.00    0.00    0.00    0.00   98.99
02:59:44 AM   10    1.01    0.00    7.07    0.00    0.00    0.00    0.00    0.00    0.00   91.92
02:59:44 AM   11    0.00    0.00    0.00    0.00    0.00    0.00    0.00    0.00    0.00  100.00
02:59:44 AM   12    1.01    0.00    0.00    0.00    0.00    0.00    0.00    0.00    0.00   98.99
02:59:44 AM   13    1.02    0.00    0.00    0.00    0.00    0.00    0.00    0.00    0.00   98.98
02:59:44 AM   14    1.00    0.00    1.00    0.00    0.00    0.00    0.00    0.00    0.00   98.00
02:59:44 AM   15    0.00    0.00    1.00    0.00    0.00    0.00    0.00    0.00    0.00   99.00
02:59:44 AM   16    0.00    0.00    1.00    0.00    0.00    0.00    0.00    0.00    0.00   99.00
02:59:44 AM   17    1.00    0.00    0.00    0.00    0.00    0.00    0.00    0.00    0.00   99.00
02:59:44 AM   18    0.99    0.00    0.00    0.00    0.00    0.00    0.00    0.00    0.00   99.01
02:59:44 AM   19    0.00    0.00    1.00    0.00    0.00    0.00    0.00    0.00    0.00   99.00
02:59:44 AM   20    0.00    0.00    0.00    0.00    0.00    0.00    0.00    0.00    0.00  100.00
02:59:44 AM   21    0.00    0.00    0.00    0.00    0.00    0.00    0.00    0.00    0.00  100.00
02:59:44 AM   22    0.00    0.00    0.00    0.00    0.00    0.00    0.00    0.00    0.00  100.00
02:59:44 AM   23    0.99    0.00    0.99    0.00    0.00    0.00    0.00    0.00    0.00   98.02
02:59:44 AM   24   30.00    0.00   43.00    0.00    0.00   27.00    0.00    0.00    0.00    0.00
02:59:44 AM   25   31.00    0.00   44.00    0.00    0.00   22.00    0.00    0.00    0.00    3.00
02:59:44 AM   26    0.00    0.00    0.00    0.00    0.00    0.00    0.00    0.00    0.00  100.00
02:59:44 AM   27    0.00    0.00    0.00    0.00    0.00    0.00    0.00    0.00    0.00  100.00
02:59:44 AM   28    0.00    0.00    0.00    0.00    0.00    0.00    0.00    0.00    0.00  100.00
02:59:44 AM   29    1.00    0.00    0.00    0.00    0.00    0.00    0.00    0.00    0.00   99.00
02:59:44 AM   30    0.00    0.00    0.00    0.00    0.00    0.00    0.00    0.00    0.00  100.00
02:59:44 AM   31    0.00    0.00    1.01    0.00    0.00    0.00    0.00    0.00    0.00   98.99
02:59:44 AM   32    1.01    0.00    0.00    0.00    0.00    0.00    0.00    0.00    0.00   98.99
02:59:44 AM   33    0.00    0.00    0.00    0.00    0.00    1.01    0.00    0.00    0.00   98.99
02:59:44 AM   34    1.00    0.00    0.00    0.00    0.00    0.00    0.00    0.00    0.00   99.00
02:59:44 AM   35    0.00    0.00    0.00    0.00    0.00    0.00    0.00    0.00    0.00  100.00

Average:     CPU    %usr   %nice    %sys %iowait    %irq   %soft  %steal  %guest  %gnice   %idle
Average:     all    2.39    0.04    2.89    0.06    0.00    1.39    0.00    0.00    0.00   93.23
Average:       0    0.91    0.10    0.61    0.20    0.00    1.32    0.00    0.00    0.00   96.86
Average:       1    0.81    0.00    0.50    0.10    0.00    0.00    0.00    0.00    0.00   98.59
Average:       2    0.81    0.00    0.30    0.20    0.00    0.10    0.00    0.00    0.00   98.59
Average:       3    0.80    0.20    0.50    0.10    0.00    0.00    0.00    0.00    0.00   98.40
Average:       4    0.90    0.10    0.40    0.10    0.00    0.00    0.00    0.00    0.00   98.49
Average:       5    0.90    0.10    0.50    0.00    0.00    0.30    0.00    0.00    0.00   98.19
Average:       6    1.30    0.00    1.00    0.00    0.00    0.10    0.00    0.00    0.00   97.60
Average:       7    1.00    0.10    0.70    0.00    0.00    0.10    0.00    0.00    0.00   98.10
Average:       8    1.10    0.00    0.30    0.10    0.00    0.10    0.00    0.00    0.00   98.40
Average:       9    0.80    0.00    0.30    0.00    0.00    0.10    0.00    0.00    0.00   98.79
Average:      10    1.51    0.00    3.42    0.10    0.00    0.00    0.00    0.00    0.00   94.96
Average:      11    1.41    0.00    1.71    0.00    0.00    0.00    0.00    0.00    0.00   96.89
Average:      12    0.51    0.00    0.40    0.00    0.00    0.00    0.00    0.00    0.00   99.09
Average:      13    0.60    0.10    0.50    0.10    0.00    0.00    0.00    0.00    0.00   98.69
Average:      14    0.70    0.10    0.30    0.10    0.00    0.00    0.00    0.00    0.00   98.80
Average:      15    0.40    0.40    0.40    0.00    0.00    0.00    0.00    0.00    0.00   98.80
Average:      16    0.50    0.00    0.30    0.10    0.00    0.00    0.00    0.00    0.00   99.09
Average:      17    0.70    0.10    0.40    0.00    0.00    0.00    0.00    0.00    0.00   98.79
Average:      18    1.00    0.00    0.20    0.00    0.00    0.00    0.00    0.00    0.00   98.80
Average:      19    0.90    0.00    0.60    0.00    0.00    0.00    0.00    0.00    0.00   98.50
Average:      20    0.90    0.00    0.40    0.10    0.00    0.00    0.00    0.00    0.00   98.60
Average:      21    0.50    0.00    0.30    0.00    0.00    0.00    0.00    0.00    0.00   99.20
Average:      22    0.50    0.00    0.70    0.10    0.00    0.00    0.00    0.00    0.00   98.69
Average:      23    0.70    0.00    0.60    0.20    0.00    0.00    0.00    0.00    0.00   98.50
Average:      24   30.46    0.00   43.29    0.00    0.00   24.65    0.00    0.00    0.00    1.60
Average:      25   29.25    0.00   42.81    0.00    0.00   22.91    0.00    0.00    0.00    5.03
Average:      26    0.20    0.00    0.10    0.10    0.00    0.00    0.00    0.00    0.00   99.60
Average:      27    0.40    0.00    0.20    0.00    0.00    0.00    0.00    0.00    0.00   99.40
Average:      28    0.50    0.00    0.20    0.10    0.00    0.00    0.00    0.00    0.00   99.19
Average:      29    0.70    0.00    0.20    0.10    0.00    0.00    0.00    0.00    0.00   98.99
Average:      30    0.70    0.00    0.30    0.00    0.00    0.10    0.00    0.00    0.00   98.89
Average:      31    0.50    0.00    0.50    0.00    0.00    0.00    0.00    0.00    0.00   98.99
Average:      32    0.90    0.00    0.10    0.00    0.00    0.00    0.00    0.00    0.00   98.99
Average:      33    0.81    0.00    0.20    0.00    0.00    0.10    0.00    0.00    0.00   98.89
Average:      34    0.70    0.00    0.40    0.10    0.00    0.00    0.00    0.00    0.00   98.80
Average:      35    0.80    0.00    0.30    0.10    0.00    0.10    0.00    0.00    0.00   98.70
