Linux 5.15.0-186-generic (rapids4) 	07/28/2026 	_x86_64_	(36 CPU)

02:31:26 AM  CPU    %usr   %nice    %sys %iowait    %irq   %soft  %steal  %guest  %gnice   %idle
02:31:27 AM  all    1.62    0.00    1.51    0.03    0.00    0.56    0.00    0.00    0.00   96.28
02:31:27 AM    0    1.03    0.00    1.03    0.00    0.00    0.00    0.00    0.00    0.00   97.94
02:31:27 AM    1    2.02    0.00    0.00    0.00    0.00    0.00    0.00    0.00    0.00   97.98
02:31:27 AM    2    0.00    0.00    0.00    0.00    0.00    0.00    0.00    0.00    0.00  100.00
02:31:27 AM    3    1.02    0.00    0.00    0.00    0.00    0.00    0.00    0.00    0.00   98.98
02:31:27 AM    4    1.01    0.00    0.00    0.00    0.00    0.00    0.00    0.00    0.00   98.99
02:31:27 AM    5    1.00    0.00    1.00    0.00    0.00    0.00    0.00    0.00    0.00   98.00
02:31:27 AM    6    1.98    0.00    0.99    0.00    0.00    0.00    0.00    0.00    0.00   97.03
02:31:27 AM    7    2.00    0.00    0.00    0.00    0.00    0.00    0.00    0.00    0.00   98.00
02:31:27 AM    8    1.98    0.00    0.99    0.00    0.00    0.00    0.00    0.00    0.00   97.03
02:31:27 AM    9    3.00    0.00    1.00    0.00    0.00    0.00    0.00    0.00    0.00   96.00
02:31:27 AM   10    2.00    0.00    0.00    0.00    0.00    0.00    0.00    0.00    0.00   98.00
02:31:27 AM   11    1.01    0.00    0.00    0.00    0.00    0.00    0.00    0.00    0.00   98.99
02:31:27 AM   12    0.00    0.00    1.01    0.00    0.00    0.00    0.00    0.00    0.00   98.99
02:31:27 AM   13    4.00    0.00    1.00    0.00    0.00    0.00    0.00    0.00    0.00   95.00
02:31:27 AM   14    1.00    0.00    1.00    0.00    0.00    0.00    0.00    0.00    0.00   98.00
02:31:27 AM   15    0.00    0.00    1.00    1.00    0.00    0.00    0.00    0.00    0.00   98.00
02:31:27 AM   16    3.06    0.00    6.12    0.00    0.00    0.00    0.00    0.00    0.00   90.82
02:31:27 AM   17    1.01    0.00    1.01    0.00    0.00    0.00    0.00    0.00    0.00   97.98
02:31:27 AM   18    1.98    0.00    0.99    0.00    0.00    0.00    0.00    0.00    0.00   97.03
02:31:27 AM   19    0.00    0.00    0.00    0.00    0.00    0.00    0.00    0.00    0.00  100.00
02:31:27 AM   20    1.00    0.00    1.00    0.00    0.00    0.00    0.00    0.00    0.00   98.00
02:31:27 AM   21    1.02    0.00    0.00    0.00    0.00    0.00    0.00    0.00    0.00   98.98
02:31:27 AM   22    1.98    0.00    0.99    0.00    0.00    0.00    0.00    0.00    0.00   97.03
02:31:27 AM   23    1.00    0.00    1.00    0.00    0.00    0.00    0.00    0.00    0.00   98.00
02:31:27 AM   24   10.00    0.00   15.00    0.00    0.00   11.00    0.00    0.00    0.00   64.00
02:31:27 AM   25    4.26    0.00   15.96    0.00    0.00    9.57    0.00    0.00    0.00   70.21
02:31:27 AM   26    1.01    0.00    0.00    0.00    0.00    0.00    0.00    0.00    0.00   98.99
02:31:27 AM   27    1.00    0.00    0.00    0.00    0.00    0.00    0.00    0.00    0.00   99.00
02:31:27 AM   28    0.99    0.00    0.99    0.00    0.00    0.00    0.00    0.00    0.00   98.02
02:31:27 AM   29    1.98    0.00    0.99    0.00    0.00    0.00    0.00    0.00    0.00   97.03
02:31:27 AM   30    0.00    0.00    1.98    0.00    0.00    0.00    0.00    0.00    0.00   98.02
02:31:27 AM   31    1.02    0.00    0.00    0.00    0.00    0.00    0.00    0.00    0.00   98.98
02:31:27 AM   32    0.00    0.00    0.00    0.00    0.00    0.00    0.00    0.00    0.00  100.00
02:31:27 AM   33    1.00    0.00    0.00    0.00    0.00    0.00    0.00    0.00    0.00   99.00
02:31:27 AM   34    1.00    0.00    0.00    0.00    0.00    0.00    0.00    0.00    0.00   99.00
02:31:27 AM   35    2.00    0.00    0.00    0.00    0.00    0.00    0.00    0.00    0.00   98.00

02:31:27 AM  CPU    %usr   %nice    %sys %iowait    %irq   %soft  %steal  %guest  %gnice   %idle
02:31:28 AM  all    1.20    0.00    1.26    0.06    0.00    0.78    0.00    0.00    0.00   96.71
02:31:28 AM    0    1.02    0.00    0.00    1.02    0.00    1.02    0.00    0.00    0.00   96.94
02:31:28 AM    1    1.01    0.00    1.01    0.00    0.00    0.00    0.00    0.00    0.00   97.98
02:31:28 AM    2    1.01    0.00    0.00    1.01    0.00    0.00    0.00    0.00    0.00   97.98
02:31:28 AM    3    1.00    0.00    1.00    0.00    0.00    0.00    0.00    0.00    0.00   98.00
02:31:28 AM    4    0.99    0.00    0.99    0.00    0.00    0.00    0.00    0.00    0.00   98.02
02:31:28 AM    5    0.00    0.00    1.01    0.00    0.00    0.00    0.00    0.00    0.00   98.99
02:31:28 AM    6    0.00    0.00    0.00    0.00    0.00    0.00    0.00    0.00    0.00  100.00
02:31:28 AM    7    0.00    0.00    1.00    0.00    0.00    0.00    0.00    0.00    0.00   99.00
02:31:28 AM    8    0.00    0.00    1.02    0.00    0.00    0.00    0.00    0.00    0.00   98.98
02:31:28 AM    9    2.00    0.00    1.00    0.00    0.00    0.00    0.00    0.00    0.00   97.00
02:31:28 AM   10    1.00    0.00    1.00    0.00    0.00    0.00    0.00    0.00    0.00   98.00
02:31:28 AM   11    1.01    0.00    0.00    0.00    0.00    0.00    0.00    0.00    0.00   98.99
02:31:28 AM   12    1.00    0.00    0.00    0.00    0.00    0.00    0.00    0.00    0.00   99.00
02:31:28 AM   13    1.01    0.00    0.00    0.00    0.00    0.00    0.00    0.00    0.00   98.99
02:31:28 AM   14    1.01    0.00    0.00    0.00    0.00    0.00    0.00    0.00    0.00   98.99
02:31:28 AM   15    1.01    0.00    0.00    0.00    0.00    0.00    0.00    0.00    0.00   98.99
02:31:28 AM   16    1.00    0.00    1.00    0.00    0.00    0.00    0.00    0.00    0.00   98.00
02:31:28 AM   17    1.98    0.00    0.99    0.00    0.00    0.00    0.00    0.00    0.00   97.03
02:31:28 AM   18    0.00    0.00    0.00    0.00    0.00    0.00    0.00    0.00    0.00  100.00
02:31:28 AM   19    1.00    0.00    0.00    0.00    0.00    0.00    0.00    0.00    0.00   99.00
02:31:28 AM   20    0.00    0.00    1.00    0.00    0.00    0.00    0.00    0.00    0.00   99.00
02:31:28 AM   21    0.00    0.00    0.00    0.00    0.00    0.00    0.00    0.00    0.00  100.00
02:31:28 AM   22    0.00    0.00    1.01    0.00    0.00    0.00    0.00    0.00    0.00   98.99
02:31:28 AM   23    1.00    0.00    0.00    0.00    0.00    0.00    0.00    0.00    0.00   99.00
02:31:28 AM   24   10.10    0.00   17.17    0.00    0.00   13.13    0.00    0.00    0.00   59.60
02:31:28 AM   25    8.51    0.00   13.83    0.00    0.00   13.83    0.00    0.00    0.00   63.83
02:31:28 AM   26    1.00    0.00    0.00    0.00    0.00    0.00    0.00    0.00    0.00   99.00
02:31:28 AM   27    1.00    0.00    1.00    0.00    0.00    0.00    0.00    0.00    0.00   98.00
02:31:28 AM   28    0.00    0.00    0.00    0.00    0.00    0.00    0.00    0.00    0.00  100.00
02:31:28 AM   29    0.00    0.00    0.00    0.00    0.00    0.00    0.00    0.00    0.00  100.00
02:31:28 AM   30    1.00    0.00    0.00    0.00    0.00    0.00    0.00    0.00    0.00   99.00
02:31:28 AM   31    0.00    0.00    0.99    0.00    0.00    0.99    0.00    0.00    0.00   98.02
02:31:28 AM   32    0.99    0.00    0.00    0.00    0.00    0.00    0.00    0.00    0.00   99.01
02:31:28 AM   33    1.96    0.00    0.98    0.00    0.00    0.00    0.00    0.00    0.00   97.06
02:31:28 AM   34    0.00    0.00    0.00    0.00    0.00    0.00    0.00    0.00    0.00  100.00
02:31:28 AM   35    1.00    0.00    0.00    0.00    0.00    0.00    0.00    0.00    0.00   99.00

02:31:28 AM  CPU    %usr   %nice    %sys %iowait    %irq   %soft  %steal  %guest  %gnice   %idle
02:31:29 AM  all    1.01    0.00    1.37    0.00    0.00    0.62    0.00    0.00    0.00   97.01
02:31:29 AM    0    0.00    0.00    0.00    0.00    0.00    0.00    0.00    0.00    0.00  100.00
02:31:29 AM    1    0.00    0.00    0.00    0.00    0.00    0.00    0.00    0.00    0.00  100.00
02:31:29 AM    2    1.98    0.00    0.99    0.00    0.00    0.00    0.00    0.00    0.00   97.03
02:31:29 AM    3    1.00    0.00    0.00    0.00    0.00    0.00    0.00    0.00    0.00   99.00
02:31:29 AM    4    0.00    0.00    0.00    0.00    0.00    0.00    0.00    0.00    0.00  100.00
02:31:29 AM    5    0.00    0.00    1.00    0.00    0.00    0.00    0.00    0.00    0.00   99.00
02:31:29 AM    6    1.01    0.00    0.00    0.00    0.00    0.00    0.00    0.00    0.00   98.99
02:31:29 AM    7    1.01    0.00    0.00    0.00    0.00    0.00    0.00    0.00    0.00   98.99
02:31:29 AM    8    1.01    0.00    0.00    0.00    0.00    0.00    0.00    0.00    0.00   98.99
02:31:29 AM    9    2.97    0.00    0.00    0.00    0.00    0.00    0.00    0.00    0.00   97.03
02:31:29 AM   10    0.98    0.00    1.96    0.00    0.00    0.00    0.00    0.00    0.00   97.06
02:31:29 AM   11    1.00    0.00    1.00    0.00    0.00    0.00    0.00    0.00    0.00   98.00
02:31:29 AM   12    1.01    0.00    0.00    0.00    0.00    0.00    0.00    0.00    0.00   98.99
02:31:29 AM   13    0.00    0.00    0.00    0.00    0.00    0.00    0.00    0.00    0.00  100.00
02:31:29 AM   14    0.00    0.00    0.00    0.00    0.00    0.00    0.00    0.00    0.00  100.00
02:31:29 AM   15    1.01    0.00    0.00    0.00    0.00    0.00    0.00    0.00    0.00   98.99
02:31:29 AM   16    2.02    0.00    6.06    0.00    0.00    1.01    0.00    0.00    0.00   90.91
02:31:29 AM   17    0.00    0.00    0.00    0.00    0.00    0.00    0.00    0.00    0.00  100.00
02:31:29 AM   18    0.00    0.00    0.00    0.00    0.00    0.00    0.00    0.00    0.00  100.00
02:31:29 AM   19    0.00    0.00    0.99    0.00    0.00    0.00    0.00    0.00    0.00   99.01
02:31:29 AM   20    0.00    0.00    0.00    0.00    0.00    0.00    0.00    0.00    0.00  100.00
02:31:29 AM   21    1.98    0.00    0.99    0.00    0.00    0.00    0.00    0.00    0.00   97.03
02:31:29 AM   22    1.98    0.00    0.00    0.00    0.00    0.00    0.00    0.00    0.00   98.02
02:31:29 AM   23    0.00    0.00    0.00    0.00    0.00    0.00    0.00    0.00    0.00  100.00
02:31:29 AM   24    9.09    0.00   19.19    0.00    0.00   11.11    0.00    0.00    0.00   60.61
02:31:29 AM   25    8.60    0.00   16.13    0.00    0.00   10.75    0.00    0.00    0.00   64.52
02:31:29 AM   26    0.00    0.00    1.00    0.00    0.00    0.00    0.00    0.00    0.00   99.00
02:31:29 AM   27    0.00    0.00    0.00    0.00    0.00    0.00    0.00    0.00    0.00  100.00
02:31:29 AM   28    0.00    0.00    1.00    0.00    0.00    0.00    0.00    0.00    0.00   99.00
02:31:29 AM   29    0.00    0.00    0.00    0.00    0.00    0.00    0.00    0.00    0.00  100.00
02:31:29 AM   30    0.00    0.00    0.00    0.00    0.00    0.00    0.00    0.00    0.00  100.00
02:31:29 AM   31    0.00    0.00    0.00    0.00    0.00    0.00    0.00    0.00    0.00  100.00
02:31:29 AM   32    0.00    0.00    0.00    0.00    0.00    0.00    0.00    0.00    0.00  100.00
02:31:29 AM   33    0.00    0.00    0.00    0.00    0.00    0.00    0.00    0.00    0.00  100.00
02:31:29 AM   34    0.00    0.00    0.00    0.00    0.00    0.00    0.00    0.00    0.00  100.00
02:31:29 AM   35    0.00    0.00    0.00    0.00    0.00    0.00    0.00    0.00    0.00  100.00

02:31:29 AM  CPU    %usr   %nice    %sys %iowait    %irq   %soft  %steal  %guest  %gnice   %idle
02:31:30 AM  all    1.04    0.06    1.51    0.06    0.00    0.64    0.00    0.00    0.00   96.70
02:31:30 AM    0    2.02    0.00    0.00    0.00    0.00    0.00    0.00    0.00    0.00   97.98
02:31:30 AM    1    0.00    0.00    0.00    0.00    0.00    0.00    0.00    0.00    0.00  100.00
02:31:30 AM    2    1.01    0.00    0.00    0.00    0.00    0.00    0.00    0.00    0.00   98.99
02:31:30 AM    3    1.00    0.00    0.00    0.00    0.00    0.00    0.00    0.00    0.00   99.00
02:31:30 AM    4    0.00    0.00    0.99    0.00    0.00    0.00    0.00    0.00    0.00   99.01
02:31:30 AM    5    1.01    0.00    0.00    0.00    0.00    0.00    0.00    0.00    0.00   98.99
02:31:30 AM    6    1.01    0.00    0.00    0.00    0.00    0.00    0.00    0.00    0.00   98.99
02:31:30 AM    7    1.00    0.00    0.00    0.00    0.00    0.00    0.00    0.00    0.00   99.00
02:31:30 AM    8    0.00    1.00    1.00    0.00    0.00    0.00    0.00    0.00    0.00   98.00
02:31:30 AM    9    0.00    0.00    1.02    0.00    0.00    0.00    0.00    0.00    0.00   98.98
02:31:30 AM   10    0.00    0.00    1.01    0.00    0.00    0.00    0.00    0.00    0.00   98.99
02:31:30 AM   11    0.00    0.00    0.00    0.00    0.00    0.00    0.00    0.00    0.00  100.00
02:31:30 AM   12    0.00    0.00    1.01    0.00    0.00    0.00    0.00    0.00    0.00   98.99
02:31:30 AM   13    4.00    0.00    1.00    1.00    0.00    0.00    0.00    0.00    0.00   94.00
02:31:30 AM   14    1.01    0.00    0.00    0.00    0.00    0.00    0.00    0.00    0.00   98.99
02:31:30 AM   15    1.00    0.00    1.00    0.00    0.00    0.00    0.00    0.00    0.00   98.00
02:31:30 AM   16    4.00    0.00    6.00    0.00    0.00    0.00    0.00    0.00    0.00   90.00
02:31:30 AM   17    1.01    1.01    0.00    0.00    0.00    0.00    0.00    0.00    0.00   97.98
02:31:30 AM   18    0.00    0.00    1.00    0.00    0.00    0.00    0.00    0.00    0.00   99.00
02:31:30 AM   19    1.00    0.00    0.00    0.00    0.00    0.00    0.00    0.00    0.00   99.00
02:31:30 AM   20    0.00    0.00    0.00    0.00    0.00    0.00    0.00    0.00    0.00  100.00
02:31:30 AM   21    0.00    0.00    0.00    0.00    0.00    0.00    0.00    0.00    0.00  100.00
02:31:30 AM   22    0.00    0.00    0.00    0.00    0.00    0.00    0.00    0.00    0.00  100.00
02:31:30 AM   23    0.00    0.00    1.01    0.00    0.00    0.00    0.00    0.00    0.00   98.99
02:31:30 AM   24    8.82    0.00   20.59    0.00    0.00   12.75    0.00    0.00    0.00   57.84
02:31:30 AM   25    6.32    0.00   17.89    0.00    0.00   10.53    0.00    0.00    0.00   65.26
02:31:30 AM   26    0.00    0.00    0.00    0.00    0.00    0.00    0.00    0.00    0.00  100.00
02:31:30 AM   27    0.00    0.00    0.00    0.00    0.00    0.00    0.00    0.00    0.00  100.00
02:31:30 AM   28    1.01    0.00    0.00    0.00    0.00    0.00    0.00    0.00    0.00   98.99
02:31:30 AM   29    0.00    0.00    0.00    0.00    0.00    0.00    0.00    0.00    0.00  100.00
02:31:30 AM   30    0.00    0.00    1.00    0.00    0.00    0.00    0.00    0.00    0.00   99.00
02:31:30 AM   31    0.99    0.00    0.00    0.99    0.00    0.00    0.00    0.00    0.00   98.02
02:31:30 AM   32    1.00    0.00    0.00    0.00    0.00    0.00    0.00    0.00    0.00   99.00
02:31:30 AM   33    0.00    0.00    0.00    0.00    0.00    0.00    0.00    0.00    0.00  100.00
02:31:30 AM   34    0.00    0.00    0.00    0.00    0.00    0.00    0.00    0.00    0.00  100.00
02:31:30 AM   35    0.00    0.00    0.00    0.00    0.00    0.00    0.00    0.00    0.00  100.00

02:31:30 AM  CPU    %usr   %nice    %sys %iowait    %irq   %soft  %steal  %guest  %gnice   %idle
02:31:31 AM  all    1.57    0.00    1.37    0.00    0.00    0.56    0.00    0.00    0.00   96.51
02:31:31 AM    0    2.00    0.00    2.00    0.00    0.00    0.00    0.00    0.00    0.00   96.00
02:31:31 AM    1    0.00    0.00    0.00    0.00    0.00    0.00    0.00    0.00    0.00  100.00
02:31:31 AM    2    0.00    0.00    0.00    0.00    0.00    0.00    0.00    0.00    0.00  100.00
02:31:31 AM    3    0.00    0.00    0.00    0.00    0.00    0.00    0.00    0.00    0.00  100.00
02:31:31 AM    4    0.00    0.00    0.00    0.00    0.00    0.00    0.00    0.00    0.00  100.00
02:31:31 AM    5    1.01    0.00    0.00    0.00    0.00    0.00    0.00    0.00    0.00   98.99
02:31:31 AM    6    1.02    0.00    0.00    0.00    0.00    0.00    0.00    0.00    0.00   98.98
02:31:31 AM    7    0.00    0.00    1.01    0.00    0.00    0.00    0.00    0.00    0.00   98.99
02:31:31 AM    8    2.02    0.00    0.00    0.00    0.00    0.00    0.00    0.00    0.00   97.98
02:31:31 AM    9    2.00    0.00    1.00    0.00    0.00    0.00    0.00    0.00    0.00   97.00
02:31:31 AM   10    1.98    0.00    0.99    0.00    0.00    0.00    0.00    0.00    0.00   97.03
02:31:31 AM   11    2.00    0.00    0.00    0.00    0.00    0.00    0.00    0.00    0.00   98.00
02:31:31 AM   12    0.00    0.00    0.00    0.00    0.00    0.00    0.00    0.00    0.00  100.00
02:31:31 AM   13    2.94    0.00    2.94    0.00    0.00    0.00    0.00    0.00    0.00   94.12
02:31:31 AM   14    1.00    0.00    1.00    0.00    0.00    0.00    0.00    0.00    0.00   98.00
02:31:31 AM   15   12.00    0.00    0.00    0.00    0.00    0.00    0.00    0.00    0.00   88.00
02:31:31 AM   16    0.99    0.00    0.99    0.00    0.00    0.00    0.00    0.00    0.00   98.02
02:31:31 AM   17    1.00    0.00    0.00    0.00    0.00    0.00    0.00    0.00    0.00   99.00
02:31:31 AM   18    1.00    0.00    0.00    0.00    0.00    0.00    0.00    0.00    0.00   99.00
02:31:31 AM   19    1.00    0.00    0.00    0.00    0.00    0.00    0.00    0.00    0.00   99.00
02:31:31 AM   20    1.00    0.00    0.00    0.00    0.00    0.00    0.00    0.00    0.00   99.00
02:31:31 AM   21    0.00    0.00    0.00    0.00    0.00    0.00    0.00    0.00    0.00  100.00
02:31:31 AM   22    1.01    0.00    0.00    0.00    0.00    0.00    0.00    0.00    0.00   98.99
02:31:31 AM   23    1.00    0.00    0.00    0.00    0.00    0.00    0.00    0.00    0.00   99.00
02:31:31 AM   24   10.10    0.00   20.20    0.00    0.00   10.10    0.00    0.00    0.00   59.60
02:31:31 AM   25    8.60    0.00   17.20    0.00    0.00   10.75    0.00    0.00    0.00   63.44
02:31:31 AM   26    0.00    0.00    1.00    0.00    0.00    0.00    0.00    0.00    0.00   99.00
02:31:31 AM   27    1.00    0.00    0.00    0.00    0.00    0.00    0.00    0.00    0.00   99.00
02:31:31 AM   28    1.00    0.00    0.00    0.00    0.00    0.00    0.00    0.00    0.00   99.00
02:31:31 AM   29    0.00    0.00    0.00    0.00    0.00    0.00    0.00    0.00    0.00  100.00
02:31:31 AM   30    0.00    0.00    1.98    0.00    0.00    0.00    0.00    0.00    0.00   98.02
02:31:31 AM   31    0.00    0.00    0.00    0.00    0.00    0.00    0.00    0.00    0.00  100.00
02:31:31 AM   32    1.00    0.00    0.00    0.00    0.00    0.00    0.00    0.00    0.00   99.00
02:31:31 AM   33    0.00    0.00    0.00    0.00    0.00    0.00    0.00    0.00    0.00  100.00
02:31:31 AM   34    0.00    0.00    0.00    0.00    0.00    0.00    0.00    0.00    0.00  100.00
02:31:31 AM   35    0.00    0.00    0.00    0.00    0.00    0.00    0.00    0.00    0.00  100.00

02:31:31 AM  CPU    %usr   %nice    %sys %iowait    %irq   %soft  %steal  %guest  %gnice   %idle
02:31:32 AM  all    1.34    0.03    1.45    0.11    0.00    0.56    0.00    0.00    0.00   96.51
02:31:32 AM    0    0.00    0.00    0.00    0.00    0.00    1.03    0.00    0.00    0.00   98.97
02:31:32 AM    1    1.01    0.00    0.00    1.01    0.00    0.00    0.00    0.00    0.00   97.98
02:31:32 AM    2    0.99    0.00    1.98    0.00    0.00    0.00    0.00    0.00    0.00   97.03
02:31:32 AM    3    0.00    0.00    1.00    1.00    0.00    0.00    0.00    0.00    0.00   98.00
02:31:32 AM    4    1.00    0.00    0.00    0.00    0.00    0.00    0.00    0.00    0.00   99.00
02:31:32 AM    5    2.00    0.00    0.00    0.00    0.00    0.00    0.00    0.00    0.00   98.00
02:31:32 AM    6    0.00    0.00    0.00    0.00    0.00    0.00    0.00    0.00    0.00  100.00
02:31:32 AM    7    1.01    0.00    0.00    0.00    0.00    0.00    0.00    0.00    0.00   98.99
02:31:32 AM    8    1.01    0.00    0.00    0.00    0.00    0.00    0.00    0.00    0.00   98.99
02:31:32 AM    9    0.00    0.00    0.00    0.00    0.00    0.00    0.00    0.00    0.00  100.00
02:31:32 AM   10    0.99    0.99    0.99    0.99    0.00    0.00    0.00    0.00    0.00   96.04
02:31:32 AM   11    2.00    0.00    1.00    0.00    0.00    0.00    0.00    0.00    0.00   97.00
02:31:32 AM   12    2.00    0.00    0.00    0.00    0.00    0.00    0.00    0.00    0.00   98.00
02:31:32 AM   13    1.00    0.00    1.00    0.00    0.00    0.00    0.00    0.00    0.00   98.00
02:31:32 AM   14    0.00    0.00    1.01    0.00    0.00    0.00    0.00    0.00    0.00   98.99
02:31:32 AM   15    0.99    0.00    0.99    0.00    0.00    0.00    0.00    0.00    0.00   98.02
02:31:32 AM   16    1.01    0.00    8.08    0.00    0.00    0.00    0.00    0.00    0.00   90.91
02:31:32 AM   17    0.00    0.00    0.00    0.00    0.00    0.00    0.00    0.00    0.00  100.00
02:31:32 AM   18    1.00    0.00    1.00    0.00    0.00    0.00    0.00    0.00    0.00   98.00
02:31:32 AM   19    0.00    0.00    0.00    0.00    0.00    0.00    0.00    0.00    0.00  100.00
02:31:32 AM   20    0.00    0.00    0.00    0.00    0.00    0.00    0.00    0.00    0.00  100.00
02:31:32 AM   21    0.00    0.00    0.00    0.00    0.00    0.00    0.00    0.00    0.00  100.00
02:31:32 AM   22    1.01    0.00    0.00    0.00    0.00    0.00    0.00    0.00    0.00   98.99
02:31:32 AM   23    0.00    0.00    0.00    0.00    0.00    0.00    0.00    0.00    0.00  100.00
02:31:32 AM   24   14.00    0.00   15.00    0.00    0.00   11.00    0.00    0.00    0.00   60.00
02:31:32 AM   25    9.57    0.00   17.02    0.00    0.00    8.51    0.00    0.00    0.00   64.89
02:31:32 AM   26    0.98    0.00    1.96    0.00    0.00    0.00    0.00    0.00    0.00   97.06
02:31:32 AM   27    0.00    0.00    1.00    0.00    0.00    0.00    0.00    0.00    0.00   99.00
02:31:32 AM   28    1.00    0.00    0.00    0.00    0.00    0.00    0.00    0.00    0.00   99.00
02:31:32 AM   29    0.00    0.00    0.00    1.01    0.00    0.00    0.00    0.00    0.00   98.99
02:31:32 AM   30    1.01    0.00    0.00    0.00    0.00    0.00    0.00    0.00    0.00   98.99
02:31:32 AM   31    1.98    0.00    0.00    0.00    0.00    0.00    0.00    0.00    0.00   98.02
02:31:32 AM   32    0.99    0.00    0.99    0.00    0.00    0.00    0.00    0.00    0.00   98.02
02:31:32 AM   33    1.00    0.00    0.00    0.00    0.00    0.00    0.00    0.00    0.00   99.00
02:31:32 AM   34    1.00    0.00    0.00    0.00    0.00    0.00    0.00    0.00    0.00   99.00
02:31:32 AM   35    0.00    0.00    0.00    0.00    0.00    0.00    0.00    0.00    0.00  100.00

02:31:32 AM  CPU    %usr   %nice    %sys %iowait    %irq   %soft  %steal  %guest  %gnice   %idle
02:31:33 AM  all    1.20    0.00    1.29    0.03    0.00    0.67    0.00    0.00    0.00   96.81
02:31:33 AM    0    1.00    0.00    1.00    0.00    0.00    1.00    0.00    0.00    0.00   97.00
02:31:33 AM    1    3.03    0.00    0.00    0.00    0.00    0.00    0.00    0.00    0.00   96.97
02:31:33 AM    2    2.00    0.00    0.00    0.00    0.00    0.00    0.00    0.00    0.00   98.00
02:31:33 AM    3    2.00    0.00    0.00    0.00    0.00    0.00    0.00    0.00    0.00   98.00
02:31:33 AM    4    0.00    0.00    1.01    0.00    0.00    0.00    0.00    0.00    0.00   98.99
02:31:33 AM    5    0.00    0.00    1.00    0.00    0.00    0.00    0.00    0.00    0.00   99.00
02:31:33 AM    6    0.00    0.00    1.01    0.00    0.00    0.00    0.00    0.00    0.00   98.99
02:31:33 AM    7    1.01    0.00    1.01    0.00    0.00    0.00    0.00    0.00    0.00   97.98
02:31:33 AM    8    1.01    0.00    0.00    0.00    0.00    0.00    0.00    0.00    0.00   98.99
02:31:33 AM    9    1.00    0.00    0.00    0.00    0.00    0.00    0.00    0.00    0.00   99.00
02:31:33 AM   10    3.00    0.00    1.00    0.00    0.00    0.00    0.00    0.00    0.00   96.00
02:31:33 AM   11    1.00    0.00    0.00    0.00    0.00    0.00    0.00    0.00    0.00   99.00
02:31:33 AM   12    1.01    0.00    0.00    0.00    0.00    0.00    0.00    0.00    0.00   98.99
02:31:33 AM   13    0.00    0.00    0.00    1.01    0.00    0.00    0.00    0.00    0.00   98.99
02:31:33 AM   14    0.00    0.00    0.00    0.00    0.00    0.00    0.00    0.00    0.00  100.00
02:31:33 AM   15    2.02    0.00    0.00    0.00    0.00    0.00    0.00    0.00    0.00   97.98
02:31:33 AM   16    1.01    0.00    0.00    0.00    0.00    0.00    0.00    0.00    0.00   98.99
02:31:33 AM   17    2.00    0.00    0.00    0.00    0.00    0.00    0.00    0.00    0.00   98.00
02:31:33 AM   18    0.00    0.00    1.00    0.00    0.00    0.00    0.00    0.00    0.00   99.00
02:31:33 AM   19    1.98    0.00    0.00    0.00    0.00    0.00    0.00    0.00    0.00   98.02
02:31:33 AM   20    1.01    0.00    1.01    0.00    0.00    0.00    0.00    0.00    0.00   97.98
02:31:33 AM   21    0.00    0.00    0.00    0.00    0.00    0.00    0.00    0.00    0.00  100.00
02:31:33 AM   22    0.00    0.00    1.00    0.00    0.00    0.00    0.00    0.00    0.00   99.00
02:31:33 AM   23    0.00    0.00    1.02    0.00    0.00    0.00    0.00    0.00    0.00   98.98
02:31:33 AM   24   11.00    0.00   17.00    0.00    0.00   13.00    0.00    0.00    0.00   59.00
02:31:33 AM   25    5.38    0.00   18.28    0.00    0.00   10.75    0.00    0.00    0.00   65.59
02:31:33 AM   26    0.00    0.00    0.00    0.00    0.00    0.00    0.00    0.00    0.00  100.00
02:31:33 AM   27    0.00    0.00    0.00    0.00    0.00    0.00    0.00    0.00    0.00  100.00
02:31:33 AM   28    0.00    0.00    0.00    0.00    0.00    0.00    0.00    0.00    0.00  100.00
02:31:33 AM   29    0.99    0.00    0.00    0.00    0.00    0.00    0.00    0.00    0.00   99.01
02:31:33 AM   30    0.00    0.00    1.00    0.00    0.00    0.00    0.00    0.00    0.00   99.00
02:31:33 AM   31    1.01    0.00    0.00    0.00    0.00    0.00    0.00    0.00    0.00   98.99
02:31:33 AM   32    1.01    0.00    0.00    0.00    0.00    0.00    0.00    0.00    0.00   98.99
02:31:33 AM   33    0.00    0.00    0.00    0.00    0.00    0.00    0.00    0.00    0.00  100.00
02:31:33 AM   34    0.00    0.00    1.00    0.00    0.00    0.00    0.00    0.00    0.00   99.00
02:31:33 AM   35    0.00    0.00    0.00    0.00    0.00    0.00    0.00    0.00    0.00  100.00

02:31:33 AM  CPU    %usr   %nice    %sys %iowait    %irq   %soft  %steal  %guest  %gnice   %idle
02:31:34 AM  all    1.32    0.00    1.74    0.11    0.00    0.65    0.00    0.00    0.00   96.18
02:31:34 AM    0    1.03    0.00    0.00    0.00    0.00    0.00    0.00    0.00    0.00   98.97
02:31:34 AM    1    0.00    0.00    1.01    0.00    0.00    0.00    0.00    0.00    0.00   98.99
02:31:34 AM    2    0.00    0.00    1.00    1.00    0.00    1.00    0.00    0.00    0.00   97.00
02:31:34 AM    3    0.00    0.00    0.00    0.00    0.00    0.00    0.00    0.00    0.00  100.00
02:31:34 AM    4    1.01    0.00    0.00    0.00    0.00    0.00    0.00    0.00    0.00   98.99
02:31:34 AM    5    1.01    0.00    3.03    0.00    0.00    1.01    0.00    0.00    0.00   94.95
02:31:34 AM    6    1.02    0.00    0.00    0.00    0.00    0.00    0.00    0.00    0.00   98.98
02:31:34 AM    7    1.00    0.00    1.00    1.00    0.00    0.00    0.00    0.00    0.00   97.00
02:31:34 AM    8    1.00    0.00    2.00    0.00    0.00    0.00    0.00    0.00    0.00   97.00
02:31:34 AM    9    0.00    0.00    1.01    1.01    0.00    0.00    0.00    0.00    0.00   97.98
02:31:34 AM   10    0.00    0.00    0.00    0.00    0.00    0.00    0.00    0.00    0.00  100.00
02:31:34 AM   11    1.02    0.00    0.00    0.00    0.00    0.00    0.00    0.00    0.00   98.98
02:31:34 AM   12    0.00    0.00    0.00    0.00    0.00    0.00    0.00    0.00    0.00  100.00
02:31:34 AM   13    2.00    0.00    0.00    0.00    0.00    0.00    0.00    0.00    0.00   98.00
02:31:34 AM   14    0.00    0.00    0.00    0.00    0.00    0.00    0.00    0.00    0.00  100.00
02:31:34 AM   15    0.00    0.00    0.00    0.00    0.00    0.00    0.00    0.00    0.00  100.00
02:31:34 AM   16    1.01    0.00    0.00    0.00    0.00    0.00    0.00    0.00    0.00   98.99
02:31:34 AM   17    2.02    0.00    7.07    0.00    0.00    0.00    0.00    0.00    0.00   90.91
02:31:34 AM   18    1.02    0.00    0.00    0.00    0.00    0.00    0.00    0.00    0.00   98.98
02:31:34 AM   19    2.00    0.00    1.00    0.00    0.00    0.00    0.00    0.00    0.00   97.00
02:31:34 AM   20    1.01    0.00    0.00    0.00    0.00    0.00    0.00    0.00    0.00   98.99
02:31:34 AM   21    1.00    0.00    1.00    0.00    0.00    0.00    0.00    0.00    0.00   98.00
02:31:34 AM   22    2.02    0.00    0.00    1.01    0.00    0.00    0.00    0.00    0.00   96.97
02:31:34 AM   23    1.00    0.00    1.00    0.00    0.00    0.00    0.00    0.00    0.00   98.00
02:31:34 AM   24    9.00    0.00   18.00    0.00    0.00   14.00    0.00    0.00    0.00   59.00
02:31:34 AM   25    8.51    0.00   20.21    0.00    0.00    7.45    0.00    0.00    0.00   63.83
02:31:34 AM   26    0.00    0.00    1.00    0.00    0.00    0.00    0.00    0.00    0.00   99.00
02:31:34 AM   27    0.00    0.00    0.00    0.00    0.00    0.00    0.00    0.00    0.00  100.00
02:31:34 AM   28    0.00    0.00    1.01    0.00    0.00    0.00    0.00    0.00    0.00   98.99
02:31:34 AM   29    0.00    0.00    0.00    0.00    0.00    0.00    0.00    0.00    0.00  100.00
02:31:34 AM   30    2.00    0.00    0.00    0.00    0.00    0.00    0.00    0.00    0.00   98.00
02:31:34 AM   31    1.01    0.00    0.00    0.00    0.00    0.00    0.00    0.00    0.00   98.99
02:31:34 AM   32    2.00    0.00    0.00    0.00    0.00    0.00    0.00    0.00    0.00   98.00
02:31:34 AM   33    1.01    0.00    2.02    0.00    0.00    0.00    0.00    0.00    0.00   96.97
02:31:34 AM   34    2.00    0.00    1.00    0.00    0.00    0.00    0.00    0.00    0.00   97.00
02:31:34 AM   35    2.00    0.00    1.00    0.00    0.00    0.00    0.00    0.00    0.00   97.00

02:31:34 AM  CPU    %usr   %nice    %sys %iowait    %irq   %soft  %steal  %guest  %gnice   %idle
02:31:35 AM  all    1.15    0.03    1.48    0.00    0.00    0.62    0.00    0.00    0.00   96.73
02:31:35 AM    0    0.00    0.00    0.00    0.00    0.00    0.00    0.00    0.00    0.00  100.00
02:31:35 AM    1    1.01    0.00    0.00    0.00    0.00    0.00    0.00    0.00    0.00   98.99
02:31:35 AM    2    1.00    0.00    0.00    0.00    0.00    0.00    0.00    0.00    0.00   99.00
02:31:35 AM    3    0.00    0.00    0.00    0.00    0.00    0.00    0.00    0.00    0.00  100.00
02:31:35 AM    4    2.00    0.00    4.00    0.00    0.00    0.00    0.00    0.00    0.00   94.00
02:31:35 AM    5    0.00    0.00    0.00    0.00    0.00    0.00    0.00    0.00    0.00  100.00
02:31:35 AM    6    1.98    0.00    0.00    0.00    0.00    0.99    0.00    0.00    0.00   97.03
02:31:35 AM    7    1.00    0.00    0.00    0.00    0.00    0.00    0.00    0.00    0.00   99.00
02:31:35 AM    8    0.00    0.00    0.00    0.00    0.00    0.00    0.00    0.00    0.00  100.00
02:31:35 AM    9    0.00    0.00    0.00    0.00    0.00    0.00    0.00    0.00    0.00  100.00
02:31:35 AM   10    1.00    1.00    0.00    0.00    0.00    0.00    0.00    0.00    0.00   98.00
02:31:35 AM   11    0.00    0.00    1.01    0.00    0.00    0.00    0.00    0.00    0.00   98.99
02:31:35 AM   12    1.01    0.00    0.00    0.00    0.00    0.00    0.00    0.00    0.00   98.99
02:31:35 AM   13    1.00    0.00    1.00    0.00    0.00    0.00    0.00    0.00    0.00   98.00
02:31:35 AM   14    1.98    0.00    0.99    0.00    0.00    0.00    0.00    0.00    0.00   97.03
02:31:35 AM   15    2.00    0.00    3.00    0.00    0.00    0.00    0.00    0.00    0.00   95.00
02:31:35 AM   16    0.99    0.00    0.99    0.00    0.00    0.00    0.00    0.00    0.00   98.02
02:31:35 AM   17    1.98    0.00    0.99    0.00    0.00    0.00    0.00    0.00    0.00   97.03
02:31:35 AM   18    0.00    0.00    0.00    0.00    0.00    0.00    0.00    0.00    0.00  100.00
02:31:35 AM   19    0.00    0.00    0.00    0.00    0.00    0.00    0.00    0.00    0.00  100.00
02:31:35 AM   20    1.01    0.00    0.00    0.00    0.00    0.00    0.00    0.00    0.00   98.99
02:31:35 AM   21    0.00    0.00    1.01    0.00    0.00    0.00    0.00    0.00    0.00   98.99
02:31:35 AM   22    0.00    0.00    1.00    0.00    0.00    0.00    0.00    0.00    0.00   99.00
02:31:35 AM   23    1.01    0.00    0.00    0.00    0.00    0.00    0.00    0.00    0.00   98.99
02:31:35 AM   24   10.20    0.00   18.37    0.00    0.00   11.22    0.00    0.00    0.00   60.20
02:31:35 AM   25    6.38    0.00   19.15    0.00    0.00   10.64    0.00    0.00    0.00   63.83
02:31:35 AM   26    1.00    0.00    0.00    0.00    0.00    0.00    0.00    0.00    0.00   99.00
02:31:35 AM   27    1.00    0.00    0.00    0.00    0.00    0.00    0.00    0.00    0.00   99.00
02:31:35 AM   28    0.00    0.00    1.00    0.00    0.00    0.00    0.00    0.00    0.00   99.00
02:31:35 AM   29    0.00    0.00    1.00    0.00    0.00    0.00    0.00    0.00    0.00   99.00
02:31:35 AM   30    0.00    0.00    0.00    0.00    0.00    0.00    0.00    0.00    0.00  100.00
02:31:35 AM   31    1.00    0.00    1.00    0.00    0.00    0.00    0.00    0.00    0.00   98.00
02:31:35 AM   32    0.00    0.00    0.00    0.00    0.00    0.00    0.00    0.00    0.00  100.00
02:31:35 AM   33    1.00    0.00    0.00    0.00    0.00    0.00    0.00    0.00    0.00   99.00
02:31:35 AM   34    1.00    0.00    0.00    0.00    0.00    0.00    0.00    0.00    0.00   99.00
02:31:35 AM   35    1.01    0.00    0.00    0.00    0.00    0.00    0.00    0.00    0.00   98.99

02:31:35 AM  CPU    %usr   %nice    %sys %iowait    %irq   %soft  %steal  %guest  %gnice   %idle
02:31:36 AM  all    1.01    0.00    1.31    0.08    0.00    0.73    0.00    0.00    0.00   96.87
02:31:36 AM    0    2.04    0.00    1.02    1.02    0.00    0.00    0.00    0.00    0.00   95.92
02:31:36 AM    1    0.00    0.00    1.00    0.00    0.00    0.00    0.00    0.00    0.00   99.00
02:31:36 AM    2    0.00    0.00    0.00    0.00    0.00    0.00    0.00    0.00    0.00  100.00
02:31:36 AM    3    0.00    0.00    0.00    0.00    0.00    0.00    0.00    0.00    0.00  100.00
02:31:36 AM    4    0.00    0.00    0.00    1.00    0.00    0.00    0.00    0.00    0.00   99.00
02:31:36 AM    5    0.00    0.00    0.00    0.00    0.00    0.00    0.00    0.00    0.00  100.00
02:31:36 AM    6    1.00    0.00    1.00    0.00    0.00    0.00    0.00    0.00    0.00   98.00
02:31:36 AM    7    0.00    0.00    0.00    0.00    0.00    0.00    0.00    0.00    0.00  100.00
02:31:36 AM    8    0.99    0.00    0.99    0.00    0.00    0.00    0.00    0.00    0.00   98.02
02:31:36 AM    9    0.00    0.00    0.00    0.00    0.00    0.00    0.00    0.00    0.00  100.00
02:31:36 AM   10    1.01    0.00    0.00    0.00    0.00    0.00    0.00    0.00    0.00   98.99
02:31:36 AM   11    1.00    0.00    0.00    0.00    0.00    0.00    0.00    0.00    0.00   99.00
02:31:36 AM   12    0.00    0.00    1.01    0.00    0.00    0.00    0.00    0.00    0.00   98.99
02:31:36 AM   13    0.00    0.00    0.00    0.00    0.00    0.00    0.00    0.00    0.00  100.00
02:31:36 AM   14    0.00    0.00    0.00    0.00    0.00    0.00    0.00    0.00    0.00  100.00
02:31:36 AM   15    1.00    0.00    1.00    0.00    0.00    0.00    0.00    0.00    0.00   98.00
02:31:36 AM   16    1.00    0.00    1.00    0.00    0.00    0.00    0.00    0.00    0.00   98.00
02:31:36 AM   17    0.00    0.00    0.00    0.00    0.00    0.00    0.00    0.00    0.00  100.00
02:31:36 AM   18    1.00    0.00    0.00    0.00    0.00    0.00    0.00    0.00    0.00   99.00
02:31:36 AM   19    0.00    0.00    0.00    0.00    0.00    0.00    0.00    0.00    0.00  100.00
02:31:36 AM   20    2.00    0.00    0.00    1.00    0.00    0.00    0.00    0.00    0.00   97.00
02:31:36 AM   21    0.00    0.00    0.00    0.00    0.00    0.00    0.00    0.00    0.00  100.00
02:31:36 AM   22    1.01    0.00    0.00    0.00    0.00    0.00    0.00    0.00    0.00   98.99
02:31:36 AM   23    0.99    0.00    1.98    0.00    0.00    0.00    0.00    0.00    0.00   97.03
02:31:36 AM   24   10.00    0.00   16.00    0.00    0.00   14.00    0.00    0.00    0.00   60.00
02:31:36 AM   25    6.38    0.00   17.02    0.00    0.00   11.70    0.00    0.00    0.00   64.89
02:31:36 AM   26    0.00    0.00    0.00    0.00    0.00    0.00    0.00    0.00    0.00  100.00
02:31:36 AM   27    1.00    0.00    4.00    0.00    0.00    0.00    0.00    0.00    0.00   95.00
02:31:36 AM   28    1.00    0.00    0.00    0.00    0.00    0.00    0.00    0.00    0.00   99.00
02:31:36 AM   29    0.00    0.00    0.00    0.00    0.00    0.00    0.00    0.00    0.00  100.00
02:31:36 AM   30    0.00    0.00    0.00    0.00    0.00    1.01    0.00    0.00    0.00   98.99
02:31:36 AM   31    1.00    0.00    0.00    0.00    0.00    0.00    0.00    0.00    0.00   99.00
02:31:36 AM   32    2.00    0.00    0.00    0.00    0.00    0.00    0.00    0.00    0.00   98.00
02:31:36 AM   33    1.00    0.00    1.00    0.00    0.00    0.00    0.00    0.00    0.00   98.00
02:31:36 AM   34    0.00    0.00    1.01    0.00    0.00    0.00    0.00    0.00    0.00   98.99
02:31:36 AM   35    0.99    0.00    0.00    0.00    0.00    0.00    0.00    0.00    0.00   99.01

Average:     CPU    %usr   %nice    %sys %iowait    %irq   %soft  %steal  %guest  %gnice   %idle
Average:     all    1.24    0.01    1.43    0.05    0.00    0.64    0.00    0.00    0.00   96.63
Average:       0    1.02    0.00    0.51    0.20    0.00    0.31    0.00    0.00    0.00   97.96
Average:       1    0.81    0.00    0.30    0.10    0.00    0.00    0.00    0.00    0.00   98.79
Average:       2    0.80    0.00    0.40    0.20    0.00    0.10    0.00    0.00    0.00   98.49
Average:       3    0.61    0.00    0.20    0.10    0.00    0.00    0.00    0.00    0.00   99.09
Average:       4    0.60    0.00    0.70    0.10    0.00    0.00    0.00    0.00    0.00   98.59
Average:       5    0.60    0.00    0.70    0.00    0.00    0.10    0.00    0.00    0.00   98.59
Average:       6    0.91    0.00    0.30    0.00    0.00    0.10    0.00    0.00    0.00   98.69
Average:       7    0.80    0.00    0.40    0.10    0.00    0.00    0.00    0.00    0.00   98.69
Average:       8    0.91    0.10    0.60    0.00    0.00    0.00    0.00    0.00    0.00   98.39
Average:       9    1.11    0.00    0.50    0.10    0.00    0.00    0.00    0.00    0.00   98.29
Average:      10    1.20    0.20    0.70    0.10    0.00    0.00    0.00    0.00    0.00   97.80
Average:      11    1.01    0.00    0.30    0.00    0.00    0.00    0.00    0.00    0.00   98.69
Average:      12    0.61    0.00    0.30    0.00    0.00    0.00    0.00    0.00    0.00   99.09
Average:      13    1.60    0.00    0.70    0.20    0.00    0.00    0.00    0.00    0.00   97.49
Average:      14    0.61    0.00    0.40    0.00    0.00    0.00    0.00    0.00    0.00   98.99
Average:      15    2.11    0.00    0.70    0.10    0.00    0.00    0.00    0.00    0.00   97.09
Average:      16    1.61    0.00    3.01    0.00    0.00    0.10    0.00    0.00    0.00   95.28
Average:      17    1.11    0.10    1.01    0.00    0.00    0.00    0.00    0.00    0.00   97.79
Average:      18    0.60    0.00    0.40    0.00    0.00    0.00    0.00    0.00    0.00   99.00
Average:      19    0.70    0.00    0.20    0.00    0.00    0.00    0.00    0.00    0.00   99.10
Average:      20    0.70    0.00    0.30    0.10    0.00    0.00    0.00    0.00    0.00   98.89
Average:      21    0.40    0.00    0.30    0.00    0.00    0.00    0.00    0.00    0.00   99.30
Average:      22    0.90    0.00    0.40    0.10    0.00    0.00    0.00    0.00    0.00   98.59
Average:      23    0.60    0.00    0.60    0.00    0.00    0.00    0.00    0.00    0.00   98.79
Average:      24   10.23    0.00   17.65    0.00    0.00   12.14    0.00    0.00    0.00   59.98
Average:      25    7.25    0.00   17.27    0.00    0.00   10.45    0.00    0.00    0.00   65.03
Average:      26    0.40    0.00    0.50    0.00    0.00    0.00    0.00    0.00    0.00   99.10
Average:      27    0.50    0.00    0.60    0.00    0.00    0.00    0.00    0.00    0.00   98.90
Average:      28    0.50    0.00    0.40    0.00    0.00    0.00    0.00    0.00    0.00   99.10
Average:      29    0.30    0.00    0.20    0.10    0.00    0.00    0.00    0.00    0.00   99.40
Average:      30    0.40    0.00    0.60    0.00    0.00    0.10    0.00    0.00    0.00   98.90
Average:      31    0.80    0.00    0.20    0.10    0.00    0.10    0.00    0.00    0.00   98.80
Average:      32    0.90    0.00    0.10    0.00    0.00    0.00    0.00    0.00    0.00   99.00
Average:      33    0.70    0.00    0.40    0.00    0.00    0.00    0.00    0.00    0.00   98.90
Average:      34    0.50    0.00    0.30    0.00    0.00    0.00    0.00    0.00    0.00   99.20
Average:      35    0.70    0.00    0.10    0.00    0.00    0.00    0.00    0.00    0.00   99.20
