Linux 5.15.0-186-generic (rapids4) 	07/28/2026 	_x86_64_	(36 CPU)

02:39:42 AM  CPU    %usr   %nice    %sys %iowait    %irq   %soft  %steal  %guest  %gnice   %idle
02:39:43 AM  all    1.92    0.00    2.65    0.03    0.00    1.51    0.00    0.00    0.00   93.89
02:39:43 AM    0    0.00    0.00    0.98    0.00    0.00    4.90    0.00    0.00    0.00   94.12
02:39:43 AM    1    0.00    0.00    0.00    0.00    0.00    0.00    0.00    0.00    0.00  100.00
02:39:43 AM    2    1.00    0.00    0.00    0.00    0.00    0.00    0.00    0.00    0.00   99.00
02:39:43 AM    3    1.02    0.00    0.00    0.00    0.00    0.00    0.00    0.00    0.00   98.98
02:39:43 AM    4    1.00    0.00    1.00    0.00    0.00    0.00    0.00    0.00    0.00   98.00
02:39:43 AM    5    2.00    0.00    0.00    0.00    0.00    0.00    0.00    0.00    0.00   98.00
02:39:43 AM    6    0.00    0.00    0.00    0.00    0.00    0.00    0.00    0.00    0.00  100.00
02:39:43 AM    7    0.00    0.00    1.01    0.00    0.00    0.00    0.00    0.00    0.00   98.99
02:39:43 AM    8    3.06    0.00    0.00    0.00    0.00    0.00    0.00    0.00    0.00   96.94
02:39:43 AM    9    1.01    0.00    0.00    0.00    0.00    0.00    0.00    0.00    0.00   98.99
02:39:43 AM   10    0.00    0.00    2.02    0.00    0.00    0.00    0.00    0.00    0.00   97.98
02:39:43 AM   11    1.02    0.00    0.00    0.00    0.00    0.00    0.00    0.00    0.00   98.98
02:39:43 AM   12    0.00    0.00    1.01    0.00    0.00    0.00    0.00    0.00    0.00   98.99
02:39:43 AM   13    1.01    0.00    0.00    0.00    0.00    0.00    0.00    0.00    0.00   98.99
02:39:43 AM   14    0.00    0.00    0.00    1.01    0.00    0.00    0.00    0.00    0.00   98.99
02:39:43 AM   15    0.00    0.00    0.00    0.00    0.00    0.00    0.00    0.00    0.00  100.00
02:39:43 AM   16    1.01    0.00    0.00    0.00    0.00    0.00    0.00    0.00    0.00   98.99
02:39:43 AM   17    1.00    0.00    0.00    0.00    0.00    0.00    0.00    0.00    0.00   99.00
02:39:43 AM   18    2.00    0.00    0.00    0.00    0.00    0.00    0.00    0.00    0.00   98.00
02:39:43 AM   19    1.96    0.00    1.96    0.00    0.00    0.00    0.00    0.00    0.00   96.08
02:39:43 AM   20    1.01    0.00    0.00    0.00    0.00    0.00    0.00    0.00    0.00   98.99
02:39:43 AM   21    0.00    0.00    0.00    0.00    0.00    0.00    0.00    0.00    0.00  100.00
02:39:43 AM   22    1.00    0.00    1.00    0.00    0.00    0.00    0.00    0.00    0.00   98.00
02:39:43 AM   23    0.00    0.00    0.00    0.00    0.00    0.00    0.00    0.00    0.00  100.00
02:39:43 AM   24   22.22    0.00   40.40    0.00    0.00   21.21    0.00    0.00    0.00   16.16
02:39:43 AM   25   11.76    0.00   37.25    0.00    0.00   25.49    0.00    0.00    0.00   25.49
02:39:43 AM   26    1.01    0.00    0.00    0.00    0.00    0.00    0.00    0.00    0.00   98.99
02:39:43 AM   27    2.94    0.00    1.96    0.00    0.00    0.00    0.00    0.00    0.00   95.10
02:39:43 AM   28    2.04    0.00    1.02    0.00    0.00    0.00    0.00    0.00    0.00   96.94
02:39:43 AM   29    0.99    0.00    0.99    0.00    0.00    0.99    0.00    0.00    0.00   97.03
02:39:43 AM   30    1.00    0.00    1.00    0.00    0.00    0.00    0.00    0.00    0.00   98.00
02:39:43 AM   31    2.97    0.00    0.00    0.00    0.00    0.00    0.00    0.00    0.00   97.03
02:39:43 AM   32    2.97    0.00    0.99    0.00    0.00    0.00    0.00    0.00    0.00   96.04
02:39:43 AM   33    0.00    0.00    1.00    0.00    0.00    0.00    0.00    0.00    0.00   99.00
02:39:43 AM   34    1.01    0.00    0.00    0.00    0.00    0.00    0.00    0.00    0.00   98.99
02:39:43 AM   35    0.98    0.00    0.98    0.00    0.00    0.98    0.00    0.00    0.00   97.06

02:39:43 AM  CPU    %usr   %nice    %sys %iowait    %irq   %soft  %steal  %guest  %gnice   %idle
02:39:44 AM  all    1.79    0.00    3.00    0.03    0.00    1.74    0.00    0.00    0.00   93.45
02:39:44 AM    0    0.00    0.00    0.00    0.00    0.00    4.95    0.00    0.00    0.00   95.05
02:39:44 AM    1    0.00    0.00    0.99    0.00    0.00    1.98    0.00    0.00    0.00   97.03
02:39:44 AM    2    1.02    0.00    0.00    0.00    0.00    0.00    0.00    0.00    0.00   98.98
02:39:44 AM    3    1.01    0.00    1.01    0.00    0.00    0.00    0.00    0.00    0.00   97.98
02:39:44 AM    4    1.01    0.00    1.01    0.00    0.00    0.00    0.00    0.00    0.00   97.98
02:39:44 AM    5    1.00    0.00    1.00    1.00    0.00    0.00    0.00    0.00    0.00   97.00
02:39:44 AM    6    1.00    0.00    1.00    0.00    0.00    0.00    0.00    0.00    0.00   98.00
02:39:44 AM    7    0.00    0.00    0.00    0.00    0.00    0.00    0.00    0.00    0.00  100.00
02:39:44 AM    8    0.00    0.00    0.00    0.00    0.00    0.00    0.00    0.00    0.00  100.00
02:39:44 AM    9    0.00    0.00    0.00    0.00    0.00    0.00    0.00    0.00    0.00  100.00
02:39:44 AM   10    2.02    0.00    0.00    0.00    0.00    0.00    0.00    0.00    0.00   97.98
02:39:44 AM   11    1.01    0.00    1.01    0.00    0.00    0.00    0.00    0.00    0.00   97.98
02:39:44 AM   12    1.02    0.00    0.00    0.00    0.00    0.00    0.00    0.00    0.00   98.98
02:39:44 AM   13    0.00    0.00    0.00    0.00    0.00    0.00    0.00    0.00    0.00  100.00
02:39:44 AM   14    1.02    0.00    0.00    0.00    0.00    0.00    0.00    0.00    0.00   98.98
02:39:44 AM   15    1.02    0.00    7.14    0.00    0.00    0.00    0.00    0.00    0.00   91.84
02:39:44 AM   16    0.00    0.00    0.00    0.00    0.00    0.00    0.00    0.00    0.00  100.00
02:39:44 AM   17    0.00    0.00    1.01    0.00    0.00    0.00    0.00    0.00    0.00   98.99
02:39:44 AM   18    0.00    0.00    0.00    0.00    0.00    0.00    0.00    0.00    0.00  100.00
02:39:44 AM   19    0.00    0.00    0.00    0.00    0.00    0.00    0.00    0.00    0.00  100.00
02:39:44 AM   20    1.00    0.00    0.00    0.00    0.00    0.00    0.00    0.00    0.00   99.00
02:39:44 AM   21    0.99    0.00    0.99    0.00    0.00    0.00    0.00    0.00    0.00   98.02
02:39:44 AM   22    2.00    0.00    0.00    0.00    0.00    0.00    0.00    0.00    0.00   98.00
02:39:44 AM   23    0.00    0.00    1.00    0.00    0.00    0.00    0.00    0.00    0.00   99.00
02:39:44 AM   24   22.77    0.00   52.48    0.00    0.00   24.75    0.00    0.00    0.00    0.00
02:39:44 AM   25   20.59    0.00   37.25    0.00    0.00   29.41    0.00    0.00    0.00   12.75
02:39:44 AM   26    1.00    0.00    0.00    0.00    0.00    0.00    0.00    0.00    0.00   99.00
02:39:44 AM   27    0.00    0.00    0.00    0.00    0.00    0.00    0.00    0.00    0.00  100.00
02:39:44 AM   28    0.00    0.00    0.00    0.00    0.00    0.00    0.00    0.00    0.00  100.00
02:39:44 AM   29    1.01    0.00    0.00    0.00    0.00    0.00    0.00    0.00    0.00   98.99
02:39:44 AM   30    1.01    0.00    0.00    0.00    0.00    0.00    0.00    0.00    0.00   98.99
02:39:44 AM   31    1.00    0.00    0.00    0.00    0.00    0.00    0.00    0.00    0.00   99.00
02:39:44 AM   32    0.00    0.00    0.00    0.00    0.00    0.00    0.00    0.00    0.00  100.00
02:39:44 AM   33    0.00    0.00    0.00    0.00    0.00    0.00    0.00    0.00    0.00  100.00
02:39:44 AM   34    0.00    0.00    0.00    0.00    0.00    0.00    0.00    0.00    0.00  100.00
02:39:44 AM   35    1.00    0.00    0.00    0.00    0.00    0.00    0.00    0.00    0.00   99.00

02:39:44 AM  CPU    %usr   %nice    %sys %iowait    %irq   %soft  %steal  %guest  %gnice   %idle
02:39:45 AM  all    1.70    0.00    3.06    0.03    0.00    1.59    0.00    0.00    0.00   93.63
02:39:45 AM    0    0.00    0.00    1.94    0.00    0.00    4.85    0.00    0.00    0.00   93.20
02:39:45 AM    1    1.01    0.00    0.00    0.00    0.00    0.00    0.00    0.00    0.00   98.99
02:39:45 AM    2    1.00    0.00    0.00    0.00    0.00    0.00    0.00    0.00    0.00   99.00
02:39:45 AM    3    1.00    0.00    1.00    0.00    0.00    0.00    0.00    0.00    0.00   98.00
02:39:45 AM    4    1.00    0.00    0.00    0.00    0.00    0.00    0.00    0.00    0.00   99.00
02:39:45 AM    5    0.00    0.00    0.00    0.00    0.00    0.00    0.00    0.00    0.00  100.00
02:39:45 AM    6    1.00    0.00    1.00    0.00    0.00    0.00    0.00    0.00    0.00   98.00
02:39:45 AM    7    1.01    0.00    0.00    0.00    0.00    0.00    0.00    0.00    0.00   98.99
02:39:45 AM    8    1.01    0.00    0.00    0.00    0.00    0.00    0.00    0.00    0.00   98.99
02:39:45 AM    9    1.98    0.00    0.99    0.00    0.00    0.00    0.00    0.00    0.00   97.03
02:39:45 AM   10    1.01    0.00    0.00    0.00    0.00    0.00    0.00    0.00    0.00   98.99
02:39:45 AM   11    1.01    0.00    0.00    0.00    0.00    0.00    0.00    0.00    0.00   98.99
02:39:45 AM   12    1.98    0.00    0.00    0.00    0.00    0.00    0.00    0.00    0.00   98.02
02:39:45 AM   13    1.00    0.00    0.00    0.00    0.00    0.00    0.00    0.00    0.00   99.00
02:39:45 AM   14    0.00    0.00    1.00    0.00    0.00    0.00    0.00    0.00    0.00   99.00
02:39:45 AM   15    2.00    0.00    2.00    0.00    0.00    0.00    0.00    0.00    0.00   96.00
02:39:45 AM   16    0.00    0.00    2.02    0.00    0.00    0.00    0.00    0.00    0.00   97.98
02:39:45 AM   17    1.00    0.00    0.00    0.00    0.00    0.00    0.00    0.00    0.00   99.00
02:39:45 AM   18    0.00    0.00    0.00    0.00    0.00    0.00    0.00    0.00    0.00  100.00
02:39:45 AM   19    0.99    0.00    0.00    0.00    0.00    0.00    0.00    0.00    0.00   99.01
02:39:45 AM   20    0.00    0.00    0.00    0.00    0.00    0.00    0.00    0.00    0.00  100.00
02:39:45 AM   21    0.00    0.00    0.00    0.00    0.00    0.00    0.00    0.00    0.00  100.00
02:39:45 AM   22    0.00    0.00    0.00    0.00    0.00    0.00    0.00    0.00    0.00  100.00
02:39:45 AM   23    1.00    0.00    0.00    0.00    0.00    0.00    0.00    0.00    0.00   99.00
02:39:45 AM   24   22.45    0.00   51.02    0.00    0.00   26.53    0.00    0.00    0.00    0.00
02:39:45 AM   25   16.67    0.00   45.10    0.00    0.00   25.49    0.00    0.00    0.00   12.75
02:39:45 AM   26    1.00    0.00    0.00    0.00    0.00    0.00    0.00    0.00    0.00   99.00
02:39:45 AM   27    0.99    0.00    0.00    0.00    0.00    0.00    0.00    0.00    0.00   99.01
02:39:45 AM   28    0.00    0.00    1.00    0.00    0.00    0.00    0.00    0.00    0.00   99.00
02:39:45 AM   29    0.00    0.00    0.00    0.00    0.00    0.00    0.00    0.00    0.00  100.00
02:39:45 AM   30    0.00    0.00    0.00    1.01    0.00    0.00    0.00    0.00    0.00   98.99
02:39:45 AM   31    0.00    0.00    1.00    0.00    0.00    0.00    0.00    0.00    0.00   99.00
02:39:45 AM   32    0.00    0.00    1.00    0.00    0.00    0.00    0.00    0.00    0.00   99.00
02:39:45 AM   33    0.00    0.00    1.00    0.00    0.00    0.00    0.00    0.00    0.00   99.00
02:39:45 AM   34    1.00    0.00    0.00    0.00    0.00    0.00    0.00    0.00    0.00   99.00
02:39:45 AM   35    0.00    0.00    0.00    0.00    0.00    0.00    0.00    0.00    0.00  100.00

02:39:45 AM  CPU    %usr   %nice    %sys %iowait    %irq   %soft  %steal  %guest  %gnice   %idle
02:39:46 AM  all    2.21    0.03    3.16    0.08    0.00    1.68    0.00    0.00    0.00   92.85
02:39:46 AM    0    3.88    0.00    2.91    0.97    0.00    4.85    0.00    0.00    0.00   87.38
02:39:46 AM    1    1.01    0.00    0.00    0.00    0.00    1.01    0.00    0.00    0.00   97.98
02:39:46 AM    2    2.00    0.00    1.00    0.00    0.00    0.00    0.00    0.00    0.00   97.00
02:39:46 AM    3    0.00    0.00    0.00    0.00    0.00    0.00    0.00    0.00    0.00  100.00
02:39:46 AM    4    2.00    0.00    0.00    1.00    0.00    0.00    0.00    0.00    0.00   97.00
02:39:46 AM    5    0.00    0.00    0.00    0.00    0.00    0.00    0.00    0.00    0.00  100.00
02:39:46 AM    6    1.02    0.00    0.00    1.02    0.00    0.00    0.00    0.00    0.00   97.96
02:39:46 AM    7    2.02    0.00    0.00    0.00    0.00    0.00    0.00    0.00    0.00   97.98
02:39:46 AM    8    1.01    0.00    1.01    0.00    0.00    0.00    0.00    0.00    0.00   97.98
02:39:46 AM    9    1.00    1.00    1.00    0.00    0.00    0.00    0.00    0.00    0.00   97.00
02:39:46 AM   10    2.02    0.00    0.00    0.00    0.00    0.00    0.00    0.00    0.00   97.98
02:39:46 AM   11    0.00    0.00    1.01    0.00    0.00    0.00    0.00    0.00    0.00   98.99
02:39:46 AM   12    1.01    0.00    1.01    0.00    0.00    0.00    0.00    0.00    0.00   97.98
02:39:46 AM   13    1.01    0.00    0.00    0.00    0.00    0.00    0.00    0.00    0.00   98.99
02:39:46 AM   14    1.00    0.00    1.00    0.00    0.00    0.00    0.00    0.00    0.00   98.00
02:39:46 AM   15    2.04    0.00    3.06    0.00    0.00    0.00    0.00    0.00    0.00   94.90
02:39:46 AM   16    1.01    0.00    0.00    0.00    0.00    0.00    0.00    0.00    0.00   98.99
02:39:46 AM   17    0.00    0.00    1.01    0.00    0.00    0.00    0.00    0.00    0.00   98.99
02:39:46 AM   18    1.01    0.00    0.00    0.00    0.00    0.00    0.00    0.00    0.00   98.99
02:39:46 AM   19    1.01    0.00    0.00    0.00    0.00    0.00    0.00    0.00    0.00   98.99
02:39:46 AM   20    0.00    0.00    1.00    0.00    0.00    0.00    0.00    0.00    0.00   99.00
02:39:46 AM   21    0.00    0.00    0.00    0.00    0.00    0.00    0.00    0.00    0.00  100.00
02:39:46 AM   22    0.00    0.00    1.00    0.00    0.00    0.00    0.00    0.00    0.00   99.00
02:39:46 AM   23    0.00    0.00    0.00    0.00    0.00    0.00    0.00    0.00    0.00  100.00
02:39:46 AM   24   21.57    0.00   50.98    0.00    0.00   27.45    0.00    0.00    0.00    0.00
02:39:46 AM   25   22.55    0.00   40.20    0.00    0.00   25.49    0.00    0.00    0.00   11.76
02:39:46 AM   26    1.01    0.00    0.00    0.00    0.00    0.00    0.00    0.00    0.00   98.99
02:39:46 AM   27    1.00    0.00    1.00    0.00    0.00    0.00    0.00    0.00    0.00   98.00
02:39:46 AM   28    1.01    0.00    0.00    0.00    0.00    0.00    0.00    0.00    0.00   98.99
02:39:46 AM   29    1.00    0.00    0.00    0.00    0.00    0.00    0.00    0.00    0.00   99.00
02:39:46 AM   30    1.00    0.00    1.00    0.00    0.00    0.00    0.00    0.00    0.00   98.00
02:39:46 AM   31    0.00    0.00    0.00    0.00    0.00    0.00    0.00    0.00    0.00  100.00
02:39:46 AM   32    0.00    0.00    1.02    0.00    0.00    0.00    0.00    0.00    0.00   98.98
02:39:46 AM   33    2.00    0.00    0.00    0.00    0.00    0.00    0.00    0.00    0.00   98.00
02:39:46 AM   34    1.98    0.00    1.98    0.00    0.00    0.00    0.00    0.00    0.00   96.04
02:39:46 AM   35    1.01    0.00    0.00    0.00    0.00    0.00    0.00    0.00    0.00   98.99

02:39:46 AM  CPU    %usr   %nice    %sys %iowait    %irq   %soft  %steal  %guest  %gnice   %idle
02:39:47 AM  all    1.90    0.00    2.82    0.06    0.00    1.76    0.00    0.00    0.00   93.47
02:39:47 AM    0    0.00    0.00    1.94    0.00    0.00    4.85    0.00    0.00    0.00   93.20
02:39:47 AM    1    1.01    0.00    0.00    0.00    0.00    0.00    0.00    0.00    0.00   98.99
02:39:47 AM    2    0.99    0.00    0.99    0.00    0.00    0.00    0.00    0.00    0.00   98.02
02:39:47 AM    3    1.01    0.00    0.00    0.00    0.00    0.00    0.00    0.00    0.00   98.99
02:39:47 AM    4    1.01    0.00    1.01    0.00    0.00    0.00    0.00    0.00    0.00   97.98
02:39:47 AM    5    1.00    0.00    1.00    1.00    0.00    0.00    0.00    0.00    0.00   97.00
02:39:47 AM    6    1.01    0.00    0.00    0.00    0.00    0.00    0.00    0.00    0.00   98.99
02:39:47 AM    7    1.01    0.00    0.00    0.00    0.00    0.00    0.00    0.00    0.00   98.99
02:39:47 AM    8    0.00    0.00    1.03    0.00    0.00    0.00    0.00    0.00    0.00   98.97
02:39:47 AM    9    1.02    0.00    0.00    0.00    0.00    0.00    0.00    0.00    0.00   98.98
02:39:47 AM   10    1.98    0.00    2.97    0.00    0.00    0.00    0.00    0.00    0.00   95.05
02:39:47 AM   11    1.01    0.00    0.00    0.00    0.00    0.00    0.00    0.00    0.00   98.99
02:39:47 AM   12    1.00    0.00    0.00    0.00    0.00    0.00    0.00    0.00    0.00   99.00
02:39:47 AM   13    2.02    0.00    0.00    0.00    0.00    0.00    0.00    0.00    0.00   97.98
02:39:47 AM   14    0.00    0.00    0.00    0.00    0.00    0.00    0.00    0.00    0.00  100.00
02:39:47 AM   15    2.00    0.00    7.00    0.00    0.00    0.00    0.00    0.00    0.00   91.00
02:39:47 AM   16    0.00    0.00    0.00    0.00    0.00    0.00    0.00    0.00    0.00  100.00
02:39:47 AM   17    1.01    0.00    0.00    0.00    0.00    0.00    0.00    0.00    0.00   98.99
02:39:47 AM   18    0.00    0.00    0.00    0.00    0.00    0.00    0.00    0.00    0.00  100.00
02:39:47 AM   19    0.00    0.00    0.00    0.00    0.00    0.00    0.00    0.00    0.00  100.00
02:39:47 AM   20    0.00    0.00    0.00    0.00    0.00    0.00    0.00    0.00    0.00  100.00
02:39:47 AM   21    0.00    0.00    0.00    0.00    0.00    0.00    0.00    0.00    0.00  100.00
02:39:47 AM   22    0.00    0.00    0.00    0.00    0.00    0.00    0.00    0.00    0.00  100.00
02:39:47 AM   23    0.00    0.00    1.00    0.00    0.00    0.00    0.00    0.00    0.00   99.00
02:39:47 AM   24   25.25    0.00   47.47    0.00    0.00   27.27    0.00    0.00    0.00    0.00
02:39:47 AM   25   21.00    0.00   35.00    0.00    0.00   31.00    0.00    0.00    0.00   13.00
02:39:47 AM   26    0.00    0.00    0.00    0.00    0.00    0.00    0.00    0.00    0.00  100.00
02:39:47 AM   27    0.00    0.00    1.00    0.00    0.00    0.00    0.00    0.00    0.00   99.00
02:39:47 AM   28    0.00    0.00    0.00    1.00    0.00    0.00    0.00    0.00    0.00   99.00
02:39:47 AM   29    0.00    0.00    0.00    0.00    0.00    0.00    0.00    0.00    0.00  100.00
02:39:47 AM   30    1.98    0.00    0.00    0.00    0.00    0.00    0.00    0.00    0.00   98.02
02:39:47 AM   31    1.00    0.00    0.00    0.00    0.00    0.00    0.00    0.00    0.00   99.00
02:39:47 AM   32    0.99    0.00    0.99    0.00    0.00    0.00    0.00    0.00    0.00   98.02
02:39:47 AM   33    0.00    0.00    0.00    0.00    0.00    0.00    0.00    0.00    0.00  100.00
02:39:47 AM   34    0.00    0.00    0.00    0.00    0.00    0.00    0.00    0.00    0.00  100.00
02:39:47 AM   35    1.01    0.00    0.00    0.00    0.00    0.00    0.00    0.00    0.00   98.99

02:39:47 AM  CPU    %usr   %nice    %sys %iowait    %irq   %soft  %steal  %guest  %gnice   %idle
02:39:48 AM  all    1.54    0.00    2.57    0.08    0.00    1.90    0.00    0.00    0.00   93.90
02:39:48 AM    0    0.00    0.00    0.00    0.00    0.00    5.88    0.00    0.00    0.00   94.12
02:39:48 AM    1    1.01    0.00    0.00    0.00    0.00    0.00    0.00    0.00    0.00   98.99
02:39:48 AM    2    0.00    0.00    0.00    0.00    0.00    0.00    0.00    0.00    0.00  100.00
02:39:48 AM    3    0.00    0.00    1.01    0.00    0.00    0.00    0.00    0.00    0.00   98.99
02:39:48 AM    4    1.02    0.00    0.00    0.00    0.00    0.00    0.00    0.00    0.00   98.98
02:39:48 AM    5    0.00    0.00    0.00    0.00    0.00    1.00    0.00    0.00    0.00   99.00
02:39:48 AM    6    1.01    0.00    0.00    0.00    0.00    0.00    0.00    0.00    0.00   98.99
02:39:48 AM    7    0.00    0.00    0.00    1.02    0.00    0.00    0.00    0.00    0.00   98.98
02:39:48 AM    8    1.01    0.00    0.00    0.00    0.00    0.00    0.00    0.00    0.00   98.99
02:39:48 AM    9    0.00    0.00    0.00    0.00    0.00    0.00    0.00    0.00    0.00  100.00
02:39:48 AM   10    0.00    0.00    0.00    0.00    0.00    0.00    0.00    0.00    0.00  100.00
02:39:48 AM   11    1.01    0.00    0.00    0.00    0.00    0.00    0.00    0.00    0.00   98.99
02:39:48 AM   12    0.00    0.00    1.02    0.00    0.00    0.00    0.00    0.00    0.00   98.98
02:39:48 AM   13    1.01    0.00    0.00    0.00    0.00    0.00    0.00    0.00    0.00   98.99
02:39:48 AM   14    2.00    0.00    1.00    0.00    0.00    0.00    0.00    0.00    0.00   97.00
02:39:48 AM   15    1.01    0.00    0.00    0.00    0.00    0.00    0.00    0.00    0.00   98.99
02:39:48 AM   16    0.00    0.00    0.00    0.00    0.00    0.00    0.00    0.00    0.00  100.00
02:39:48 AM   17    0.00    0.00    0.00    0.00    0.00    0.00    0.00    0.00    0.00  100.00
02:39:48 AM   18    0.00    0.00    1.00    0.00    0.00    0.00    0.00    0.00    0.00   99.00
02:39:48 AM   19    0.98    0.00    0.98    0.00    0.00    0.98    0.00    0.00    0.00   97.06
02:39:48 AM   20    0.00    0.00    0.00    0.00    0.00    0.00    0.00    0.00    0.00  100.00
02:39:48 AM   21    0.00    0.00    0.00    0.00    0.00    0.00    0.00    0.00    0.00  100.00
02:39:48 AM   22    1.01    0.00    0.00    0.00    0.00    0.00    0.00    0.00    0.00   98.99
02:39:48 AM   23    0.00    0.00    0.00    0.00    0.00    0.00    0.00    0.00    0.00  100.00
02:39:48 AM   24   23.00    0.00   47.00    0.00    0.00   30.00    0.00    0.00    0.00    0.00
02:39:48 AM   25   16.33    0.00   40.82    0.00    0.00   29.59    0.00    0.00    0.00   13.27
02:39:48 AM   26    0.00    0.00    0.00    0.00    0.00    0.00    0.00    0.00    0.00  100.00
02:39:48 AM   27    0.00    0.00    0.00    0.00    0.00    1.00    0.00    0.00    0.00   99.00
02:39:48 AM   28    0.00    0.00    0.00    1.01    0.00    0.00    0.00    0.00    0.00   98.99
02:39:48 AM   29    1.00    0.00    0.00    0.00    0.00    0.00    0.00    0.00    0.00   99.00
02:39:48 AM   30    0.00    0.00    0.00    0.00    0.00    0.00    0.00    0.00    0.00  100.00
02:39:48 AM   31    1.00    0.00    0.00    1.00    0.00    0.00    0.00    0.00    0.00   98.00
02:39:48 AM   32    1.01    0.00    0.00    0.00    0.00    0.00    0.00    0.00    0.00   98.99
02:39:48 AM   33    1.00    0.00    0.00    0.00    0.00    0.00    0.00    0.00    0.00   99.00
02:39:48 AM   34    1.00    0.00    0.00    0.00    0.00    0.00    0.00    0.00    0.00   99.00
02:39:48 AM   35    0.00    0.00    0.00    0.00    0.00    0.00    0.00    0.00    0.00  100.00

02:39:48 AM  CPU    %usr   %nice    %sys %iowait    %irq   %soft  %steal  %guest  %gnice   %idle
02:39:49 AM  all    1.34    0.03    3.10    0.03    0.00    1.65    0.00    0.00    0.00   93.85
02:39:49 AM    0    0.00    0.00    0.00    0.00    0.00    2.02    0.00    0.00    0.00   97.98
02:39:49 AM    1    0.00    0.00    0.00    0.00    0.00    0.00    0.00    0.00    0.00  100.00
02:39:49 AM    2    1.01    0.00    0.00    0.00    0.00    0.00    0.00    0.00    0.00   98.99
02:39:49 AM    3    1.00    0.00    2.00    0.00    0.00    0.00    0.00    0.00    0.00   97.00
02:39:49 AM    4    0.00    0.00    0.00    0.00    0.00    0.00    0.00    0.00    0.00  100.00
02:39:49 AM    5    0.00    0.00    1.01    0.00    0.00    0.00    0.00    0.00    0.00   98.99
02:39:49 AM    6    2.00    0.00    0.00    0.00    0.00    0.00    0.00    0.00    0.00   98.00
02:39:49 AM    7    0.99    0.00    0.99    0.00    0.00    0.00    0.00    0.00    0.00   98.02
02:39:49 AM    8    1.00    0.00    1.00    0.00    0.00    0.00    0.00    0.00    0.00   98.00
02:39:49 AM    9    0.00    0.99    0.00    0.99    0.00    0.99    0.00    0.00    0.00   97.03
02:39:49 AM   10    0.00    0.00    0.00    0.00    0.00    0.00    0.00    0.00    0.00  100.00
02:39:49 AM   11    0.00    0.00    2.00    0.00    0.00    0.00    0.00    0.00    0.00   98.00
02:39:49 AM   12    0.00    0.00    1.01    0.00    0.00    0.00    0.00    0.00    0.00   98.99
02:39:49 AM   13    1.01    0.00    0.00    0.00    0.00    0.00    0.00    0.00    0.00   98.99
02:39:49 AM   14    1.01    0.00    0.00    0.00    0.00    0.00    0.00    0.00    0.00   98.99
02:39:49 AM   15    2.04    0.00    6.12    0.00    0.00    0.00    0.00    0.00    0.00   91.84
02:39:49 AM   16    1.00    0.00    0.00    0.00    0.00    0.00    0.00    0.00    0.00   99.00
02:39:49 AM   17    0.00    0.00    0.00    0.00    0.00    0.00    0.00    0.00    0.00  100.00
02:39:49 AM   18    0.00    0.00    0.00    0.00    0.00    1.00    0.00    0.00    0.00   99.00
02:39:49 AM   19    0.00    0.00    0.00    0.00    0.00    0.00    0.00    0.00    0.00  100.00
02:39:49 AM   20    0.00    0.00    0.99    0.00    0.00    0.00    0.00    0.00    0.00   99.01
02:39:49 AM   21    0.00    0.00    0.00    0.00    0.00    0.00    0.00    0.00    0.00  100.00
02:39:49 AM   22    0.00    0.00    0.00    0.00    0.00    0.00    0.00    0.00    0.00  100.00
02:39:49 AM   23    0.00    0.00    0.99    0.00    0.00    0.00    0.00    0.00    0.00   99.01
02:39:49 AM   24   20.00    0.00   51.00    0.00    0.00   29.00    0.00    0.00    0.00    0.00
02:39:49 AM   25   15.62    0.00   44.79    0.00    0.00   27.08    0.00    0.00    0.00   12.50
02:39:49 AM   26    1.01    0.00    0.00    0.00    0.00    0.00    0.00    0.00    0.00   98.99
02:39:49 AM   27    0.00    0.00    0.00    0.00    0.00    0.00    0.00    0.00    0.00  100.00
02:39:49 AM   28    0.00    0.00    0.00    0.00    0.00    0.00    0.00    0.00    0.00  100.00
02:39:49 AM   29    1.00    0.00    0.00    0.00    0.00    0.00    0.00    0.00    0.00   99.00
02:39:49 AM   30    0.00    0.00    0.00    0.00    0.00    0.00    0.00    0.00    0.00  100.00
02:39:49 AM   31    0.00    0.00    1.00    0.00    0.00    0.00    0.00    0.00    0.00   99.00
02:39:49 AM   32    0.00    0.00    0.00    0.00    0.00    0.00    0.00    0.00    0.00  100.00
02:39:49 AM   33    0.00    0.00    0.00    0.00    0.00    0.00    0.00    0.00    0.00  100.00
02:39:49 AM   34    0.00    0.00    0.00    0.00    0.00    0.00    0.00    0.00    0.00  100.00
02:39:49 AM   35    0.00    0.00    0.00    0.00    0.00    0.00    0.00    0.00    0.00  100.00

02:39:49 AM  CPU    %usr   %nice    %sys %iowait    %irq   %soft  %steal  %guest  %gnice   %idle
02:39:50 AM  all    2.23    0.03    3.18    0.06    0.00    1.59    0.00    0.00    0.00   92.92
02:39:50 AM    0    2.97    0.00    0.99    0.00    0.00    3.96    0.00    0.00    0.00   92.08
02:39:50 AM    1    1.00    0.00    0.00    0.00    0.00    1.00    0.00    0.00    0.00   98.00
02:39:50 AM    2    1.00    0.00    1.00    1.00    0.00    0.00    0.00    0.00    0.00   97.00
02:39:50 AM    3    3.00    0.00    0.00    0.00    0.00    0.00    0.00    0.00    0.00   97.00
02:39:50 AM    4    1.00    0.00    1.00    0.00    0.00    0.00    0.00    0.00    0.00   98.00
02:39:50 AM    5    1.01    0.00    0.00    0.00    0.00    0.00    0.00    0.00    0.00   98.99
02:39:50 AM    6    1.02    0.00    0.00    0.00    0.00    0.00    0.00    0.00    0.00   98.98
02:39:50 AM    7    2.00    0.00    0.00    0.00    0.00    0.00    0.00    0.00    0.00   98.00
02:39:50 AM    8    3.03    0.00    1.01    1.01    0.00    0.00    0.00    0.00    0.00   94.95
02:39:50 AM    9    0.00    0.00    1.01    0.00    0.00    0.00    0.00    0.00    0.00   98.99
02:39:50 AM   10    1.98    0.00    0.99    0.00    0.00    0.00    0.00    0.00    0.00   97.03
02:39:50 AM   11    1.01    0.00    0.00    0.00    0.00    0.00    0.00    0.00    0.00   98.99
02:39:50 AM   12    2.00    0.00    0.00    0.00    0.00    0.00    0.00    0.00    0.00   98.00
02:39:50 AM   13    1.00    0.00    1.00    0.00    0.00    0.00    0.00    0.00    0.00   98.00
02:39:50 AM   14    2.04    0.00    0.00    0.00    0.00    0.00    0.00    0.00    0.00   97.96
02:39:50 AM   15    2.97    0.99    5.94    0.00    0.00    0.00    0.00    0.00    0.00   90.10
02:39:50 AM   16    1.01    0.00    0.00    0.00    0.00    0.00    0.00    0.00    0.00   98.99
02:39:50 AM   17    1.00    0.00    2.00    0.00    0.00    0.00    0.00    0.00    0.00   97.00
02:39:50 AM   18    2.02    0.00    0.00    0.00    0.00    0.00    0.00    0.00    0.00   97.98
02:39:50 AM   19    0.00    0.00    0.00    0.00    0.00    0.00    0.00    0.00    0.00  100.00
02:39:50 AM   20    0.00    0.00    0.00    0.00    0.00    0.00    0.00    0.00    0.00  100.00
02:39:50 AM   21    0.00    0.00    0.00    0.00    0.00    0.00    0.00    0.00    0.00  100.00
02:39:50 AM   22    0.00    0.00    1.01    0.00    0.00    0.00    0.00    0.00    0.00   98.99
02:39:50 AM   23    0.99    0.00    0.99    0.00    0.00    0.00    0.00    0.00    0.00   98.02
02:39:50 AM   24   26.00    0.00   49.00    0.00    0.00   25.00    0.00    0.00    0.00    0.00
02:39:50 AM   25   17.82    0.00   42.57    0.00    0.00   26.73    0.00    0.00    0.00   12.87
02:39:50 AM   26    0.00    0.00    0.00    0.00    0.00    0.00    0.00    0.00    0.00  100.00
02:39:50 AM   27    0.00    0.00    0.00    0.00    0.00    0.00    0.00    0.00    0.00  100.00
02:39:50 AM   28    0.00    0.00    0.00    0.00    0.00    0.00    0.00    0.00    0.00  100.00
02:39:50 AM   29    1.00    0.00    2.00    0.00    0.00    0.00    0.00    0.00    0.00   97.00
02:39:50 AM   30    1.00    0.00    0.00    0.00    0.00    0.00    0.00    0.00    0.00   99.00
02:39:50 AM   31    0.00    0.00    0.00    0.00    0.00    0.00    0.00    0.00    0.00  100.00
02:39:50 AM   32    0.00    0.00    0.00    0.00    0.00    0.00    0.00    0.00    0.00  100.00
02:39:50 AM   33    1.00    0.00    2.00    0.00    0.00    0.00    0.00    0.00    0.00   97.00
02:39:50 AM   34    0.00    0.00    0.00    0.00    0.00    0.00    0.00    0.00    0.00  100.00
02:39:50 AM   35    0.99    0.00    0.99    0.00    0.00    0.00    0.00    0.00    0.00   98.02

02:39:50 AM  CPU    %usr   %nice    %sys %iowait    %irq   %soft  %steal  %guest  %gnice   %idle
02:39:51 AM  all    1.73    0.00    2.76    0.03    0.00    1.78    0.00    0.00    0.00   93.70
02:39:51 AM    0    1.00    0.00    0.00    0.00    0.00    3.00    0.00    0.00    0.00   96.00
02:39:51 AM    1    1.01    0.00    0.00    0.00    0.00    0.00    0.00    0.00    0.00   98.99
02:39:51 AM    2    0.00    0.00    0.00    0.00    0.00    1.00    0.00    0.00    0.00   99.00
02:39:51 AM    3    0.00    0.00    1.01    0.00    0.00    0.00    0.00    0.00    0.00   98.99
02:39:51 AM    4    1.00    0.00    1.00    0.00    0.00    0.00    0.00    0.00    0.00   98.00
02:39:51 AM    5    0.00    0.00    0.00    0.00    0.00    0.00    0.00    0.00    0.00  100.00
02:39:51 AM    6    1.00    0.00    1.00    0.00    0.00    0.00    0.00    0.00    0.00   98.00
02:39:51 AM    7    1.01    0.00    0.00    0.00    0.00    0.00    0.00    0.00    0.00   98.99
02:39:51 AM    8    1.00    0.00    0.00    0.00    0.00    0.00    0.00    0.00    0.00   99.00
02:39:51 AM    9    1.01    0.00    0.00    0.00    0.00    0.00    0.00    0.00    0.00   98.99
02:39:51 AM   10    1.00    0.00    0.00    0.00    0.00    0.00    0.00    0.00    0.00   99.00
02:39:51 AM   11    1.01    0.00    0.00    0.00    0.00    0.00    0.00    0.00    0.00   98.99
02:39:51 AM   12    2.02    0.00    0.00    0.00    0.00    0.00    0.00    0.00    0.00   97.98
02:39:51 AM   13    0.99    0.00    0.99    0.00    0.00    0.00    0.00    0.00    0.00   98.02
02:39:51 AM   14    1.01    0.00    0.00    0.00    0.00    0.00    0.00    0.00    0.00   98.99
02:39:51 AM   15    0.00    0.00    0.00    0.00    0.00    0.00    0.00    0.00    0.00  100.00
02:39:51 AM   16    1.02    0.00    0.00    0.00    0.00    0.00    0.00    0.00    0.00   98.98
02:39:51 AM   17    0.00    0.00    0.00    0.00    0.00    0.00    0.00    0.00    0.00  100.00
02:39:51 AM   18    1.96    0.00    0.98    0.00    0.00    0.00    0.00    0.00    0.00   97.06
02:39:51 AM   19    0.99    0.00    0.99    0.00    0.00    0.00    0.00    0.00    0.00   98.02
02:39:51 AM   20    1.00    0.00    0.00    0.00    0.00    0.00    0.00    0.00    0.00   99.00
02:39:51 AM   21    1.00    0.00    0.00    0.00    0.00    0.00    0.00    0.00    0.00   99.00
02:39:51 AM   22    0.00    0.00    1.00    0.00    0.00    0.00    0.00    0.00    0.00   99.00
02:39:51 AM   23    0.00    0.00    0.00    0.00    0.00    0.00    0.00    0.00    0.00  100.00
02:39:51 AM   24   22.00    0.00   48.00    0.00    0.00   30.00    0.00    0.00    0.00    0.00
02:39:51 AM   25   15.00    0.00   43.00    0.00    0.00   30.00    0.00    0.00    0.00   12.00
02:39:51 AM   26    0.00    0.00    0.00    0.00    0.00    0.00    0.00    0.00    0.00  100.00
02:39:51 AM   27    0.00    0.00    1.00    0.00    0.00    0.00    0.00    0.00    0.00   99.00
02:39:51 AM   28    1.00    0.00    0.00    1.00    0.00    0.00    0.00    0.00    0.00   98.00
02:39:51 AM   29    0.00    0.00    0.00    0.00    0.00    0.00    0.00    0.00    0.00  100.00
02:39:51 AM   30    0.00    0.00    0.00    0.00    0.00    0.00    0.00    0.00    0.00  100.00
02:39:51 AM   31    1.98    0.00    0.00    0.00    0.00    0.00    0.00    0.00    0.00   98.02
02:39:51 AM   32    0.00    0.00    0.00    0.00    0.00    0.00    0.00    0.00    0.00  100.00
02:39:51 AM   33    1.98    0.00    0.00    0.00    0.00    0.00    0.00    0.00    0.00   98.02
02:39:51 AM   34    0.00    0.00    0.00    0.00    0.00    0.00    0.00    0.00    0.00  100.00
02:39:51 AM   35    1.00    0.00    0.00    0.00    0.00    0.00    0.00    0.00    0.00   99.00

02:39:51 AM  CPU    %usr   %nice    %sys %iowait    %irq   %soft  %steal  %guest  %gnice   %idle
02:39:52 AM  all    1.90    0.00    2.90    0.11    0.00    1.81    0.00    0.00    0.00   93.27
02:39:52 AM    0    0.97    0.00    0.00    0.00    0.00    6.80    0.00    0.00    0.00   92.23
02:39:52 AM    1    1.02    0.00    0.00    0.00    0.00    0.00    0.00    0.00    0.00   98.98
02:39:52 AM    2    1.01    0.00    0.00    0.00    0.00    0.00    0.00    0.00    0.00   98.99
02:39:52 AM    3    1.00    0.00    1.00    0.00    0.00    0.00    0.00    0.00    0.00   98.00
02:39:52 AM    4    1.01    0.00    0.00    0.00    0.00    0.00    0.00    0.00    0.00   98.99
02:39:52 AM    5    2.00    0.00    1.00    0.00    0.00    0.00    0.00    0.00    0.00   97.00
02:39:52 AM    6    1.01    0.00    1.01    1.01    0.00    0.00    0.00    0.00    0.00   96.97
02:39:52 AM    7    2.00    0.00    0.00    1.00    0.00    0.00    0.00    0.00    0.00   97.00
02:39:52 AM    8    0.00    0.00    0.00    0.00    0.00    0.00    0.00    0.00    0.00  100.00
02:39:52 AM    9    1.00    0.00    0.00    0.00    0.00    0.00    0.00    0.00    0.00   99.00
02:39:52 AM   10    1.01    0.00    0.00    0.00    0.00    0.00    0.00    0.00    0.00   98.99
02:39:52 AM   11    1.01    0.00    0.00    0.00    0.00    0.00    0.00    0.00    0.00   98.99
02:39:52 AM   12    1.01    0.00    1.01    0.00    0.00    0.00    0.00    0.00    0.00   97.98
02:39:52 AM   13    1.01    0.00    0.00    0.00    0.00    0.00    0.00    0.00    0.00   98.99
02:39:52 AM   14    1.02    0.00    7.14    0.00    0.00    0.00    0.00    0.00    0.00   91.84
02:39:52 AM   15    1.98    0.00    0.99    0.00    0.00    0.00    0.00    0.00    0.00   97.03
02:39:52 AM   16    1.00    0.00    1.00    1.00    0.00    0.00    0.00    0.00    0.00   97.00
02:39:52 AM   17    1.02    0.00    0.00    0.00    0.00    0.00    0.00    0.00    0.00   98.98
02:39:52 AM   18    0.00    0.00    0.00    0.00    0.00    0.00    0.00    0.00    0.00  100.00
02:39:52 AM   19    0.99    0.00    0.99    0.00    0.00    0.00    0.00    0.00    0.00   98.02
02:39:52 AM   20    0.00    0.00    0.00    1.01    0.00    0.00    0.00    0.00    0.00   98.99
02:39:52 AM   21    1.00    0.00    0.00    0.00    0.00    0.00    0.00    0.00    0.00   99.00
02:39:52 AM   22    1.01    0.00    0.00    0.00    0.00    0.00    0.00    0.00    0.00   98.99
02:39:52 AM   23    0.00    0.00    0.00    0.00    0.00    0.00    0.00    0.00    0.00  100.00
02:39:52 AM   24   26.00    0.00   47.00    0.00    0.00   27.00    0.00    0.00    0.00    0.00
02:39:52 AM   25   15.46    0.00   40.21    0.00    0.00   31.96    0.00    0.00    0.00   12.37
02:39:52 AM   26    1.00    0.00    1.00    0.00    0.00    0.00    0.00    0.00    0.00   98.00
02:39:52 AM   27    0.00    0.00    0.00    0.00    0.00    0.00    0.00    0.00    0.00  100.00
02:39:52 AM   28    0.00    0.00    0.00    0.00    0.00    0.00    0.00    0.00    0.00  100.00
02:39:52 AM   29    0.00    0.00    1.00    0.00    0.00    0.00    0.00    0.00    0.00   99.00
02:39:52 AM   30    1.00    0.00    0.00    0.00    0.00    0.00    0.00    0.00    0.00   99.00
02:39:52 AM   31    0.00    0.00    1.00    0.00    0.00    0.00    0.00    0.00    0.00   99.00
02:39:52 AM   32    0.00    0.00    0.00    0.00    0.00    0.00    0.00    0.00    0.00  100.00
02:39:52 AM   33    0.00    0.00    1.00    0.00    0.00    0.00    0.00    0.00    0.00   99.00
02:39:52 AM   34    1.96    0.00    0.00    0.00    0.00    0.00    0.00    0.00    0.00   98.04
02:39:52 AM   35    0.00    0.00    0.00    0.00    0.00    0.00    0.00    0.00    0.00  100.00

Average:     CPU    %usr   %nice    %sys %iowait    %irq   %soft  %steal  %guest  %gnice   %idle
Average:     all    1.83    0.01    2.92    0.05    0.00    1.70    0.00    0.00    0.00   93.49
Average:       0    0.88    0.00    0.88    0.10    0.00    4.62    0.00    0.00    0.00   93.51
Average:       1    0.71    0.00    0.10    0.00    0.00    0.40    0.00    0.00    0.00   98.79
Average:       2    0.90    0.00    0.30    0.10    0.00    0.10    0.00    0.00    0.00   98.59
Average:       3    0.91    0.00    0.71    0.00    0.00    0.00    0.00    0.00    0.00   98.39
Average:       4    1.01    0.00    0.50    0.10    0.00    0.00    0.00    0.00    0.00   98.39
Average:       5    0.71    0.00    0.40    0.20    0.00    0.10    0.00    0.00    0.00   98.59
Average:       6    1.01    0.00    0.40    0.20    0.00    0.00    0.00    0.00    0.00   98.39
Average:       7    1.01    0.00    0.20    0.20    0.00    0.00    0.00    0.00    0.00   98.59
Average:       8    1.11    0.00    0.41    0.10    0.00    0.00    0.00    0.00    0.00   98.38
Average:       9    0.71    0.20    0.30    0.10    0.00    0.10    0.00    0.00    0.00   98.59
Average:      10    1.11    0.00    0.60    0.00    0.00    0.00    0.00    0.00    0.00   98.29
Average:      11    0.81    0.00    0.40    0.00    0.00    0.00    0.00    0.00    0.00   98.79
Average:      12    1.01    0.00    0.50    0.00    0.00    0.00    0.00    0.00    0.00   98.49
Average:      13    1.01    0.00    0.20    0.00    0.00    0.00    0.00    0.00    0.00   98.79
Average:      14    0.91    0.00    1.01    0.10    0.00    0.00    0.00    0.00    0.00   97.98
Average:      15    1.51    0.10    3.23    0.00    0.00    0.00    0.00    0.00    0.00   95.16
Average:      16    0.61    0.00    0.30    0.10    0.00    0.00    0.00    0.00    0.00   98.99
Average:      17    0.50    0.00    0.40    0.00    0.00    0.00    0.00    0.00    0.00   99.09
Average:      18    0.70    0.00    0.20    0.00    0.00    0.10    0.00    0.00    0.00   99.00
Average:      19    0.70    0.00    0.50    0.00    0.00    0.10    0.00    0.00    0.00   98.70
Average:      20    0.30    0.00    0.20    0.10    0.00    0.00    0.00    0.00    0.00   99.40
Average:      21    0.30    0.00    0.10    0.00    0.00    0.00    0.00    0.00    0.00   99.60
Average:      22    0.50    0.00    0.40    0.00    0.00    0.00    0.00    0.00    0.00   99.09
Average:      23    0.20    0.00    0.40    0.00    0.00    0.00    0.00    0.00    0.00   99.40
Average:      24   23.12    0.00   48.45    0.00    0.00   26.83    0.00    0.00    0.00    1.60
Average:      25   17.30    0.00   40.60    0.00    0.00   28.20    0.00    0.00    0.00   13.90
Average:      26    0.60    0.00    0.10    0.00    0.00    0.00    0.00    0.00    0.00   99.30
Average:      27    0.50    0.00    0.50    0.00    0.00    0.10    0.00    0.00    0.00   98.90
Average:      28    0.40    0.00    0.20    0.30    0.00    0.00    0.00    0.00    0.00   99.09
Average:      29    0.60    0.00    0.40    0.00    0.00    0.10    0.00    0.00    0.00   98.90
Average:      30    0.70    0.00    0.20    0.10    0.00    0.00    0.00    0.00    0.00   99.00
Average:      31    0.80    0.00    0.30    0.10    0.00    0.00    0.00    0.00    0.00   98.80
Average:      32    0.50    0.00    0.40    0.00    0.00    0.00    0.00    0.00    0.00   99.09
Average:      33    0.60    0.00    0.50    0.00    0.00    0.00    0.00    0.00    0.00   98.90
Average:      34    0.70    0.00    0.20    0.00    0.00    0.00    0.00    0.00    0.00   99.10
Average:      35    0.60    0.00    0.20    0.00    0.00    0.10    0.00    0.00    0.00   99.10
