Linux 5.15.0-186-generic (rapids4) 	07/28/2026 	_x86_64_	(36 CPU)

02:58:06 AM  CPU    %usr   %nice    %sys %iowait    %irq   %soft  %steal  %guest  %gnice   %idle
02:58:07 AM  all    1.28    0.00    2.65    0.06    0.00    2.26    0.00    0.00    0.00   93.76
02:58:07 AM    0    0.00    0.00    0.00    1.00    0.00    3.00    0.00    0.00    0.00   96.00
02:58:07 AM    1    1.01    0.00    0.00    0.00    0.00    1.01    0.00    0.00    0.00   97.98
02:58:07 AM    2    1.01    0.00    0.00    0.00    0.00    0.00    0.00    0.00    0.00   98.99
02:58:07 AM    3    2.00    0.00    0.00    1.00    0.00    0.00    0.00    0.00    0.00   97.00
02:58:07 AM    4    1.02    0.00    0.00    0.00    0.00    0.00    0.00    0.00    0.00   98.98
02:58:07 AM    5    1.02    0.00    1.02    0.00    0.00    0.00    0.00    0.00    0.00   97.96
02:58:07 AM    6    1.00    0.00    1.00    0.00    0.00    0.00    0.00    0.00    0.00   98.00
02:58:07 AM    7    1.00    0.00    1.00    0.00    0.00    0.00    0.00    0.00    0.00   98.00
02:58:07 AM    8    1.01    0.00    0.00    0.00    0.00    0.00    0.00    0.00    0.00   98.99
02:58:07 AM    9    1.98    0.00    0.99    0.00    0.00    0.99    0.00    0.00    0.00   96.04
02:58:07 AM   10    1.01    0.00    0.00    0.00    0.00    0.00    0.00    0.00    0.00   98.99
02:58:07 AM   11    1.00    0.00    1.00    0.00    0.00    0.00    0.00    0.00    0.00   98.00
02:58:07 AM   12    0.00    0.00    1.02    0.00    0.00    0.00    0.00    0.00    0.00   98.98
02:58:07 AM   13    1.00    0.00    1.00    0.00    0.00    0.00    0.00    0.00    0.00   98.00
02:58:07 AM   14    1.01    0.00    0.00    0.00    0.00    0.00    0.00    0.00    0.00   98.99
02:58:07 AM   15    1.00    0.00    0.00    0.00    0.00    0.00    0.00    0.00    0.00   99.00
02:58:07 AM   16    1.00    0.00    1.00    0.00    0.00    0.00    0.00    0.00    0.00   98.00
02:58:07 AM   17    1.01    0.00    0.00    0.00    0.00    0.00    0.00    0.00    0.00   98.99
02:58:07 AM   18    4.00    0.00    0.00    0.00    0.00    0.00    0.00    0.00    0.00   96.00
02:58:07 AM   19    1.00    0.00    0.00    0.00    0.00    0.00    0.00    0.00    0.00   99.00
02:58:07 AM   20    7.92    0.00   41.58    0.00    0.00   35.64    0.00    0.00    0.00   14.85
02:58:07 AM   21    2.04    0.00   38.78    0.00    0.00   39.80    0.00    0.00    0.00   19.39
02:58:07 AM   22    0.00    0.00    0.00    0.00    0.00    0.00    0.00    0.00    0.00  100.00
02:58:07 AM   23    0.98    0.00    1.96    0.00    0.00    0.00    0.00    0.00    0.00   97.06
02:58:07 AM   24    1.00    0.00    0.00    0.00    0.00    0.00    0.00    0.00    0.00   99.00
02:58:07 AM   25    1.00    0.00    1.00    0.00    0.00    0.00    0.00    0.00    0.00   98.00
02:58:07 AM   26    1.00    0.00    0.00    0.00    0.00    0.00    0.00    0.00    0.00   99.00
02:58:07 AM   27    0.99    0.00    0.99    0.00    0.00    0.99    0.00    0.00    0.00   97.03
02:58:07 AM   28    1.00    0.00    0.00    0.00    0.00    0.00    0.00    0.00    0.00   99.00
02:58:07 AM   29    1.01    0.00    1.01    0.00    0.00    0.00    0.00    0.00    0.00   97.98
02:58:07 AM   30    1.01    0.00    0.00    0.00    0.00    0.00    0.00    0.00    0.00   98.99
02:58:07 AM   31    0.00    0.00    0.00    0.00    0.00    0.00    0.00    0.00    0.00  100.00
02:58:07 AM   32    0.99    0.00    0.99    0.00    0.00    0.00    0.00    0.00    0.00   98.02
02:58:07 AM   33    0.99    0.00    0.99    0.00    0.00    0.00    0.00    0.00    0.00   98.02
02:58:07 AM   34    1.98    0.00    0.00    0.00    0.00    0.00    0.00    0.00    0.00   98.02
02:58:07 AM   35    1.00    0.00    0.00    0.00    0.00    0.00    0.00    0.00    0.00   99.00

02:58:07 AM  CPU    %usr   %nice    %sys %iowait    %irq   %soft  %steal  %guest  %gnice   %idle
02:58:08 AM  all    0.89    0.08    3.23    0.11    0.00    2.45    0.00    0.00    0.00   93.23
02:58:08 AM    0    0.00    0.00    1.01    0.00    0.00    3.03    0.00    0.00    0.00   95.96
02:58:08 AM    1    2.02    0.00    7.07    0.00    0.00    0.00    0.00    0.00    0.00   90.91
02:58:08 AM    2    1.00    1.00    0.00    0.00    0.00    0.00    0.00    0.00    0.00   98.00
02:58:08 AM    3    0.00    1.00    0.00    1.00    0.00    0.00    0.00    0.00    0.00   98.00
02:58:08 AM    4    0.00    0.00    1.00    0.00    0.00    0.00    0.00    0.00    0.00   99.00
02:58:08 AM    5    1.00    1.00    0.00    0.00    0.00    0.00    0.00    0.00    0.00   98.00
02:58:08 AM    6    1.02    0.00    0.00    1.02    0.00    0.00    0.00    0.00    0.00   97.96
02:58:08 AM    7    1.01    0.00    0.00    0.00    0.00    0.00    0.00    0.00    0.00   98.99
02:58:08 AM    8    0.00    0.00    1.00    0.00    0.00    0.00    0.00    0.00    0.00   99.00
02:58:08 AM    9    1.98    0.00    0.00    0.99    0.00    0.00    0.00    0.00    0.00   97.03
02:58:08 AM   10    0.00    0.00    0.00    0.00    0.00    0.00    0.00    0.00    0.00  100.00
02:58:08 AM   11    0.00    0.00    0.00    0.00    0.00    0.00    0.00    0.00    0.00  100.00
02:58:08 AM   12    1.96    0.00    1.96    0.00    0.00    0.00    0.00    0.00    0.00   96.08
02:58:08 AM   13    1.01    0.00    0.00    0.00    0.00    0.00    0.00    0.00    0.00   98.99
02:58:08 AM   14    1.00    0.00    0.00    0.00    0.00    0.00    0.00    0.00    0.00   99.00
02:58:08 AM   15    0.00    0.00    1.00    0.00    0.00    0.00    0.00    0.00    0.00   99.00
02:58:08 AM   16    1.01    0.00    0.00    0.00    0.00    0.00    0.00    0.00    0.00   98.99
02:58:08 AM   17    0.00    0.00    0.00    0.00    0.00    0.00    0.00    0.00    0.00  100.00
02:58:08 AM   18    0.00    0.00    0.99    0.00    0.00    0.00    0.00    0.00    0.00   99.01
02:58:08 AM   19    0.99    0.00    0.00    0.00    0.00    0.00    0.00    0.00    0.00   99.01
02:58:08 AM   20    7.07    0.00   54.55    0.00    0.00   38.38    0.00    0.00    0.00    0.00
02:58:08 AM   21    5.05    0.00   44.44    0.00    0.00   47.47    0.00    0.00    0.00    3.03
02:58:08 AM   22    1.01    0.00    0.00    1.01    0.00    0.00    0.00    0.00    0.00   97.98
02:58:08 AM   23    1.01    0.00    0.00    0.00    0.00    0.00    0.00    0.00    0.00   98.99
02:58:08 AM   24    0.00    0.00    1.01    0.00    0.00    0.00    0.00    0.00    0.00   98.99
02:58:08 AM   25    1.00    0.00    1.00    0.00    0.00    0.00    0.00    0.00    0.00   98.00
02:58:08 AM   26    0.00    0.00    0.00    0.00    0.00    0.00    0.00    0.00    0.00  100.00
02:58:08 AM   27    0.00    0.00    1.00    0.00    0.00    0.00    0.00    0.00    0.00   99.00
02:58:08 AM   28    1.00    0.00    0.00    0.00    0.00    0.00    0.00    0.00    0.00   99.00
02:58:08 AM   29    1.00    0.00    0.00    0.00    0.00    0.00    0.00    0.00    0.00   99.00
02:58:08 AM   30    0.00    0.00    0.00    0.00    0.00    0.00    0.00    0.00    0.00  100.00
02:58:08 AM   31    0.00    0.00    0.00    0.00    0.00    0.00    0.00    0.00    0.00  100.00
02:58:08 AM   32    0.00    0.00    0.00    0.00    0.00    0.00    0.00    0.00    0.00  100.00
02:58:08 AM   33    1.00    0.00    0.00    0.00    0.00    0.00    0.00    0.00    0.00   99.00
02:58:08 AM   34    0.00    0.00    1.01    0.00    0.00    0.00    0.00    0.00    0.00   98.99
02:58:08 AM   35    0.00    0.00    0.00    0.00    0.00    0.00    0.00    0.00    0.00  100.00

02:58:08 AM  CPU    %usr   %nice    %sys %iowait    %irq   %soft  %steal  %guest  %gnice   %idle
02:58:09 AM  all    0.59    0.00    3.04    0.03    0.00    2.79    0.00    0.00    0.00   93.56
02:58:09 AM    0    0.97    0.00    0.00    0.00    0.00    4.85    0.00    0.00    0.00   94.17
02:58:09 AM    1    1.02    0.00    7.14    0.00    0.00    0.00    0.00    0.00    0.00   91.84
02:58:09 AM    2    0.00    0.00    2.00    0.00    0.00    0.00    0.00    0.00    0.00   98.00
02:58:09 AM    3    0.00    0.00    2.00    0.00    0.00    0.00    0.00    0.00    0.00   98.00
02:58:09 AM    4    0.00    0.00    0.00    0.00    0.00    0.00    0.00    0.00    0.00  100.00
02:58:09 AM    5    2.00    0.00    0.00    0.00    0.00    0.00    0.00    0.00    0.00   98.00
02:58:09 AM    6    0.00    0.00    0.00    0.00    0.00    0.00    0.00    0.00    0.00  100.00
02:58:09 AM    7    1.00    0.00    1.00    0.00    0.00    0.00    0.00    0.00    0.00   98.00
02:58:09 AM    8    0.00    0.00    0.00    0.00    0.00    0.00    0.00    0.00    0.00  100.00
02:58:09 AM    9    2.02    0.00    0.00    0.00    0.00    0.00    0.00    0.00    0.00   97.98
02:58:09 AM   10    0.00    0.00    0.00    0.00    0.00    0.00    0.00    0.00    0.00  100.00
02:58:09 AM   11    0.00    0.00    0.00    0.00    0.00    0.00    0.00    0.00    0.00  100.00
02:58:09 AM   12    0.00    0.00    0.00    0.00    0.00    0.00    0.00    0.00    0.00  100.00
02:58:09 AM   13    0.99    0.00    0.99    0.00    0.00    0.00    0.00    0.00    0.00   98.02
02:58:09 AM   14    0.99    0.00    0.99    0.00    0.00    0.00    0.00    0.00    0.00   98.02
02:58:09 AM   15    1.00    0.00    0.00    0.00    0.00    0.00    0.00    0.00    0.00   99.00
02:58:09 AM   16    0.00    0.00    1.00    0.00    0.00    0.00    0.00    0.00    0.00   99.00
02:58:09 AM   17    0.00    0.00    0.00    0.00    0.00    0.00    0.00    0.00    0.00  100.00
02:58:09 AM   18    0.00    0.00    0.00    0.00    0.00    0.00    0.00    0.00    0.00  100.00
02:58:09 AM   19    0.00    0.00    0.00    0.00    0.00    0.00    0.00    0.00    0.00  100.00
02:58:09 AM   20    5.00    0.00   53.00    0.00    0.00   42.00    0.00    0.00    0.00    0.00
02:58:09 AM   21    3.09    0.00   39.18    0.00    0.00   54.64    0.00    0.00    0.00    3.09
02:58:09 AM   22    0.00    0.00    0.00    0.00    0.00    0.00    0.00    0.00    0.00  100.00
02:58:09 AM   23    1.00    0.00    0.00    0.00    0.00    0.00    0.00    0.00    0.00   99.00
02:58:09 AM   24    0.00    0.00    0.00    0.00    0.00    0.00    0.00    0.00    0.00  100.00
02:58:09 AM   25    0.00    0.00    0.00    1.01    0.00    0.00    0.00    0.00    0.00   98.99
02:58:09 AM   26    1.00    0.00    0.00    0.00    0.00    0.00    0.00    0.00    0.00   99.00
02:58:09 AM   27    1.00    0.00    0.00    0.00    0.00    0.00    0.00    0.00    0.00   99.00
02:58:09 AM   28    0.00    0.00    0.00    0.00    0.00    0.00    0.00    0.00    0.00  100.00
02:58:09 AM   29    0.00    0.00    1.00    0.00    0.00    0.00    0.00    0.00    0.00   99.00
02:58:09 AM   30    0.00    0.00    0.00    0.00    0.00    0.00    0.00    0.00    0.00  100.00
02:58:09 AM   31    0.00    0.00    0.00    0.00    0.00    0.00    0.00    0.00    0.00  100.00
02:58:09 AM   32    0.00    0.00    1.00    0.00    0.00    0.00    0.00    0.00    0.00   99.00
02:58:09 AM   33    0.00    0.00    0.99    0.00    0.00    0.00    0.00    0.00    0.00   99.01
02:58:09 AM   34    0.00    0.00    0.00    0.00    0.00    0.00    0.00    0.00    0.00  100.00
02:58:09 AM   35    0.00    0.00    0.00    0.00    0.00    0.00    0.00    0.00    0.00  100.00

02:58:09 AM  CPU    %usr   %nice    %sys %iowait    %irq   %soft  %steal  %guest  %gnice   %idle
02:58:10 AM  all    1.45    0.00    3.09    0.08    0.00    2.68    0.00    0.00    0.00   92.70
02:58:10 AM    0    0.98    0.00    0.00    0.98    0.00    5.88    0.00    0.00    0.00   92.16
02:58:10 AM    1    2.02    0.00    0.00    0.00    0.00    0.00    0.00    0.00    0.00   97.98
02:58:10 AM    2    3.00    0.00    1.00    0.00    0.00    0.00    0.00    0.00    0.00   96.00
02:58:10 AM    3    2.97    0.00    0.00    0.00    0.00    0.00    0.00    0.00    0.00   97.03
02:58:10 AM    4    2.00    0.00    0.00    0.00    0.00    0.00    0.00    0.00    0.00   98.00
02:58:10 AM    5    0.00    0.00    1.01    0.00    0.00    0.00    0.00    0.00    0.00   98.99
02:58:10 AM    6    0.00    0.00    0.00    0.00    0.00    0.00    0.00    0.00    0.00  100.00
02:58:10 AM    7    1.01    0.00    0.00    1.01    0.00    0.00    0.00    0.00    0.00   97.98
02:58:10 AM    8    2.00    0.00    0.00    0.00    0.00    0.00    0.00    0.00    0.00   98.00
02:58:10 AM    9    2.00    0.00    0.00    0.00    0.00    0.00    0.00    0.00    0.00   98.00
02:58:10 AM   10    1.01    0.00    0.00    0.00    0.00    0.00    0.00    0.00    0.00   98.99
02:58:10 AM   11    1.01    0.00    0.00    0.00    0.00    0.00    0.00    0.00    0.00   98.99
02:58:10 AM   12    1.01    0.00    0.00    0.00    0.00    0.00    0.00    0.00    0.00   98.99
02:58:10 AM   13    2.00    0.00    0.00    1.00    0.00    0.00    0.00    0.00    0.00   97.00
02:58:10 AM   14    1.01    0.00    0.00    0.00    0.00    0.00    0.00    0.00    0.00   98.99
02:58:10 AM   15    1.01    0.00    0.00    0.00    0.00    0.00    0.00    0.00    0.00   98.99
02:58:10 AM   16    2.00    0.00    0.00    0.00    0.00    0.00    0.00    0.00    0.00   98.00
02:58:10 AM   17    3.92    0.00    0.98    0.00    0.00    0.00    0.00    0.00    0.00   95.10
02:58:10 AM   18    1.01    0.00    0.00    0.00    0.00    0.00    0.00    0.00    0.00   98.99
02:58:10 AM   19    0.00    0.00    0.00    0.00    0.00    0.00    0.00    0.00    0.00  100.00
02:58:10 AM   20    6.93    0.00   55.45    0.00    0.00   37.62    0.00    0.00    0.00    0.00
02:58:10 AM   21    2.97    0.00   42.57    0.00    0.00   51.49    0.00    0.00    0.00    2.97
02:58:10 AM   22    0.00    0.00    1.01    0.00    0.00    0.00    0.00    0.00    0.00   98.99
02:58:10 AM   23    1.98    0.00    0.99    0.00    0.00    0.00    0.00    0.00    0.00   97.03
02:58:10 AM   24    0.00    0.00    1.01    0.00    0.00    0.00    0.00    0.00    0.00   98.99
02:58:10 AM   25    0.00    0.00    0.00    0.00    0.00    0.00    0.00    0.00    0.00  100.00
02:58:10 AM   26    1.00    0.00    1.00    0.00    0.00    0.00    0.00    0.00    0.00   98.00
02:58:10 AM   27    0.00    0.00    1.01    0.00    0.00    0.00    0.00    0.00    0.00   98.99
02:58:10 AM   28    1.00    0.00    0.00    0.00    0.00    0.00    0.00    0.00    0.00   99.00
02:58:10 AM   29    2.00    0.00    0.00    0.00    0.00    0.00    0.00    0.00    0.00   98.00
02:58:10 AM   30    1.01    0.00    0.00    0.00    0.00    0.00    0.00    0.00    0.00   98.99
02:58:10 AM   31    2.00    0.00    1.00    0.00    0.00    0.00    0.00    0.00    0.00   97.00
02:58:10 AM   32    1.00    0.00    0.00    0.00    0.00    0.00    0.00    0.00    0.00   99.00
02:58:10 AM   33    0.00    0.00    0.00    0.00    0.00    0.00    0.00    0.00    0.00  100.00
02:58:10 AM   34    1.00    0.00    1.00    0.00    0.00    0.00    0.00    0.00    0.00   98.00
02:58:10 AM   35    1.01    0.00    2.02    0.00    0.00    0.00    0.00    0.00    0.00   96.97

02:58:10 AM  CPU    %usr   %nice    %sys %iowait    %irq   %soft  %steal  %guest  %gnice   %idle
02:58:11 AM  all    0.78    0.06    3.45    0.03    0.00    2.53    0.00    0.00    0.00   93.16
02:58:11 AM    0    1.92    0.00    1.92    0.00    0.00    3.85    0.00    0.00    0.00   92.31
02:58:11 AM    1    3.92    0.00    6.86    0.98    0.00    0.98    0.00    0.00    0.00   87.25
02:58:11 AM    2    0.00    0.00    0.00    0.00    0.00    0.00    0.00    0.00    0.00  100.00
02:58:11 AM    3    0.00    0.00    0.00    0.00    0.00    0.00    0.00    0.00    0.00  100.00
02:58:11 AM    4    1.00    0.00    0.00    0.00    0.00    0.00    0.00    0.00    0.00   99.00
02:58:11 AM    5    1.96    0.00    0.98    0.00    0.00    0.00    0.00    0.00    0.00   97.06
02:58:11 AM    6    1.98    0.00    0.00    0.00    0.00    0.00    0.00    0.00    0.00   98.02
02:58:11 AM    7    1.00    0.00    1.00    0.00    0.00    0.00    0.00    0.00    0.00   98.00
02:58:11 AM    8    0.00    0.00    0.00    0.00    0.00    0.00    0.00    0.00    0.00  100.00
02:58:11 AM    9    2.00    1.00    0.00    0.00    0.00    0.00    0.00    0.00    0.00   97.00
02:58:11 AM   10    1.00    0.00    1.00    0.00    0.00    0.00    0.00    0.00    0.00   98.00
02:58:11 AM   11    0.00    0.00    1.00    0.00    0.00    0.00    0.00    0.00    0.00   99.00
02:58:11 AM   12    0.99    0.99    0.00    0.00    0.00    0.00    0.00    0.00    0.00   98.02
02:58:11 AM   13    0.00    0.00    0.00    0.00    0.00    0.00    0.00    0.00    0.00  100.00
02:58:11 AM   14    1.00    0.00    0.00    0.00    0.00    0.00    0.00    0.00    0.00   99.00
02:58:11 AM   15    0.00    0.00    1.00    0.00    0.00    0.00    0.00    0.00    0.00   99.00
02:58:11 AM   16    0.00    0.00    1.00    0.00    0.00    0.00    0.00    0.00    0.00   99.00
02:58:11 AM   17    0.00    0.00    0.00    0.00    0.00    0.00    0.00    0.00    0.00  100.00
02:58:11 AM   18    0.00    0.00    1.00    0.00    0.00    0.00    0.00    0.00    0.00   99.00
02:58:11 AM   19    0.00    0.00    0.00    0.00    0.00    0.00    0.00    0.00    0.00  100.00
02:58:11 AM   20    5.05    0.00   58.59    0.00    0.00   36.36    0.00    0.00    0.00    0.00
02:58:11 AM   21    2.00    0.00   44.00    0.00    0.00   50.00    0.00    0.00    0.00    4.00
02:58:11 AM   22    0.99    0.00    0.99    0.00    0.00    0.00    0.00    0.00    0.00   98.02
02:58:11 AM   23    0.00    0.00    1.01    0.00    0.00    0.00    0.00    0.00    0.00   98.99
02:58:11 AM   24    0.99    0.00    0.99    0.00    0.00    0.00    0.00    0.00    0.00   98.02
02:58:11 AM   25    0.99    0.00    0.99    0.00    0.00    0.00    0.00    0.00    0.00   98.02
02:58:11 AM   26    0.00    0.00    0.00    0.00    0.00    0.00    0.00    0.00    0.00  100.00
02:58:11 AM   27    0.00    0.00    0.00    0.00    0.00    0.00    0.00    0.00    0.00  100.00
02:58:11 AM   28    0.00    0.00    0.00    0.00    0.00    0.00    0.00    0.00    0.00  100.00
02:58:11 AM   29    0.00    0.00    0.00    0.00    0.00    0.00    0.00    0.00    0.00  100.00
02:58:11 AM   30    0.00    0.00    1.00    0.00    0.00    0.00    0.00    0.00    0.00   99.00
02:58:11 AM   31    1.01    0.00    1.01    0.00    0.00    0.00    0.00    0.00    0.00   97.98
02:58:11 AM   32    0.00    0.00    0.00    0.00    0.00    0.00    0.00    0.00    0.00  100.00
02:58:11 AM   33    0.00    0.00    0.00    0.00    0.00    0.00    0.00    0.00    0.00  100.00
02:58:11 AM   34    0.00    0.00    0.00    0.00    0.00    0.00    0.00    0.00    0.00  100.00
02:58:11 AM   35    0.00    0.00    0.00    0.00    0.00    0.00    0.00    0.00    0.00  100.00

02:58:11 AM  CPU    %usr   %nice    %sys %iowait    %irq   %soft  %steal  %guest  %gnice   %idle
02:58:12 AM  all    1.20    0.00    3.11    0.17    0.00    2.67    0.00    0.00    0.00   92.86
02:58:12 AM    0    1.92    0.00    0.96    0.00    0.00    3.85    0.00    0.00    0.00   93.27
02:58:12 AM    1    2.97    0.00    5.94    1.98    0.00    0.99    0.00    0.00    0.00   88.12
02:58:12 AM    2    1.98    0.00    0.99    0.99    0.00    0.00    0.00    0.00    0.00   96.04
02:58:12 AM    3    0.00    0.00    2.02    0.00    0.00    0.00    0.00    0.00    0.00   97.98
02:58:12 AM    4    0.00    0.00    1.01    0.00    0.00    0.00    0.00    0.00    0.00   98.99
02:58:12 AM    5    0.00    0.00    0.00    1.02    0.00    0.00    0.00    0.00    0.00   98.98
02:58:12 AM    6    1.00    0.00    2.00    0.00    0.00    0.00    0.00    0.00    0.00   97.00
02:58:12 AM    7    1.00    0.00    1.00    0.00    0.00    0.00    0.00    0.00    0.00   98.00
02:58:12 AM    8    1.00    0.00    1.00    0.00    0.00    0.00    0.00    0.00    0.00   98.00
02:58:12 AM    9    2.97    0.00    0.00    0.00    0.00    0.00    0.00    0.00    0.00   97.03
02:58:12 AM   10    2.00    0.00    0.00    0.00    0.00    0.00    0.00    0.00    0.00   98.00
02:58:12 AM   11    1.00    0.00    0.00    1.00    0.00    0.00    0.00    0.00    0.00   98.00
02:58:12 AM   12    1.00    0.00    1.00    0.00    0.00    0.00    0.00    0.00    0.00   98.00
02:58:12 AM   13    1.01    0.00    0.00    0.00    0.00    0.00    0.00    0.00    0.00   98.99
02:58:12 AM   14    0.00    0.00    1.01    0.00    0.00    0.00    0.00    0.00    0.00   98.99
02:58:12 AM   15    1.00    0.00    0.00    0.00    0.00    0.00    0.00    0.00    0.00   99.00
02:58:12 AM   16    0.00    0.00    1.01    0.00    0.00    0.00    0.00    0.00    0.00   98.99
02:58:12 AM   17    2.02    0.00    0.00    0.00    0.00    0.00    0.00    0.00    0.00   97.98
02:58:12 AM   18    0.00    0.00    0.00    0.00    0.00    0.00    0.00    0.00    0.00  100.00
02:58:12 AM   19    0.99    0.00    0.00    0.00    0.00    0.00    0.00    0.00    0.00   99.01
02:58:12 AM   20   11.88    0.00   46.53    0.00    0.00   41.58    0.00    0.00    0.00    0.00
02:58:12 AM   21    3.03    0.00   45.45    0.00    0.00   49.49    0.00    0.00    0.00    2.02
02:58:12 AM   22    0.00    0.00    0.00    0.00    0.00    0.00    0.00    0.00    0.00  100.00
02:58:12 AM   23    0.00    0.00    1.00    0.00    0.00    0.00    0.00    0.00    0.00   99.00
02:58:12 AM   24    0.00    0.00    0.00    0.00    0.00    0.00    0.00    0.00    0.00  100.00
02:58:12 AM   25    0.00    0.00    0.00    0.00    0.00    0.00    0.00    0.00    0.00  100.00
02:58:12 AM   26    0.00    0.00    0.00    0.00    0.00    0.00    0.00    0.00    0.00  100.00
02:58:12 AM   27    0.00    0.00    0.00    0.99    0.00    0.00    0.00    0.00    0.00   99.01
02:58:12 AM   28    0.00    0.00    0.00    0.00    0.00    0.00    0.00    0.00    0.00  100.00
02:58:12 AM   29    0.99    0.00    0.00    0.00    0.00    0.00    0.00    0.00    0.00   99.01
02:58:12 AM   30    0.99    0.00    0.00    0.00    0.00    0.00    0.00    0.00    0.00   99.01
02:58:12 AM   31    1.96    0.00    0.00    0.00    0.00    0.00    0.00    0.00    0.00   98.04
02:58:12 AM   32    1.98    0.00    0.00    0.00    0.00    0.00    0.00    0.00    0.00   98.02
02:58:12 AM   33    0.00    0.00    0.00    0.00    0.00    0.00    0.00    0.00    0.00  100.00
02:58:12 AM   34    0.00    0.00    0.00    0.00    0.00    0.00    0.00    0.00    0.00  100.00
02:58:12 AM   35    0.00    0.00    1.01    0.00    0.00    0.00    0.00    0.00    0.00   98.99

02:58:12 AM  CPU    %usr   %nice    %sys %iowait    %irq   %soft  %steal  %guest  %gnice   %idle
02:58:13 AM  all    1.14    0.14    2.98    0.00    0.00    2.65    0.00    0.00    0.00   93.09
02:58:13 AM    0    0.00    0.00    0.00    0.00    0.00    2.04    0.00    0.00    0.00   97.96
02:58:13 AM    1    2.04    0.00    0.00    0.00    0.00    0.00    0.00    0.00    0.00   97.96
02:58:13 AM    2    0.00    0.00    0.00    0.00    0.00    0.00    0.00    0.00    0.00  100.00
02:58:13 AM    3    3.00    0.00    0.00    0.00    0.00    0.00    0.00    0.00    0.00   97.00
02:58:13 AM    4    1.00    1.00    0.00    0.00    0.00    0.00    0.00    0.00    0.00   98.00
02:58:13 AM    5    1.96    0.00    0.98    0.00    0.00    0.98    0.00    0.00    0.00   96.08
02:58:13 AM    6    1.00    1.00    0.00    0.00    0.00    0.00    0.00    0.00    0.00   98.00
02:58:13 AM    7    0.00    0.00    2.00    0.00    0.00    0.00    0.00    0.00    0.00   98.00
02:58:13 AM    8    0.00    0.00    0.00    0.00    0.00    0.00    0.00    0.00    0.00  100.00
02:58:13 AM    9    1.01    0.00    0.00    0.00    0.00    0.00    0.00    0.00    0.00   98.99
02:58:13 AM   10    1.01    0.00    0.00    0.00    0.00    1.01    0.00    0.00    0.00   97.98
02:58:13 AM   11    2.00    1.00    0.00    0.00    0.00    0.00    0.00    0.00    0.00   97.00
02:58:13 AM   12    1.01    0.00    0.00    0.00    0.00    0.00    0.00    0.00    0.00   98.99
02:58:13 AM   13    0.99    0.99    0.00    0.00    0.00    0.00    0.00    0.00    0.00   98.02
02:58:13 AM   14    1.96    0.98    0.98    0.00    0.00    0.00    0.00    0.00    0.00   96.08
02:58:13 AM   15    2.02    0.00    0.00    0.00    0.00    0.00    0.00    0.00    0.00   97.98
02:58:13 AM   16    1.02    0.00    0.00    0.00    0.00    0.00    0.00    0.00    0.00   98.98
02:58:13 AM   17    3.96    0.00    0.00    0.00    0.00    0.00    0.00    0.00    0.00   96.04
02:58:13 AM   18    0.00    0.00    0.00    0.00    0.00    0.00    0.00    0.00    0.00  100.00
02:58:13 AM   19    1.00    0.00    0.00    0.00    0.00    0.00    0.00    0.00    0.00   99.00
02:58:13 AM   20    7.07    0.00   54.55    0.00    0.00   38.38    0.00    0.00    0.00    0.00
02:58:13 AM   21    2.00    0.00   42.00    0.00    0.00   53.00    0.00    0.00    0.00    3.00
02:58:13 AM   22    0.00    0.00    0.00    0.00    0.00    0.00    0.00    0.00    0.00  100.00
02:58:13 AM   23    0.00    0.00    1.00    0.00    0.00    0.00    0.00    0.00    0.00   99.00
02:58:13 AM   24    1.00    0.00    0.00    0.00    0.00    0.00    0.00    0.00    0.00   99.00
02:58:13 AM   25    0.00    0.00    1.00    0.00    0.00    0.00    0.00    0.00    0.00   99.00
02:58:13 AM   26    0.00    0.00    0.00    0.00    0.00    0.00    0.00    0.00    0.00  100.00
02:58:13 AM   27    0.00    0.00    1.00    0.00    0.00    0.00    0.00    0.00    0.00   99.00
02:58:13 AM   28    0.00    0.00    1.00    0.00    0.00    0.00    0.00    0.00    0.00   99.00
02:58:13 AM   29    0.99    0.00    1.98    0.00    0.00    0.00    0.00    0.00    0.00   97.03
02:58:13 AM   30    0.99    0.00    0.99    0.00    0.00    0.00    0.00    0.00    0.00   98.02
02:58:13 AM   31    1.00    0.00    0.00    0.00    0.00    0.00    0.00    0.00    0.00   99.00
02:58:13 AM   32    0.00    0.00    0.00    0.00    0.00    0.00    0.00    0.00    0.00  100.00
02:58:13 AM   33    0.99    0.00    0.00    0.00    0.00    0.00    0.00    0.00    0.00   99.01
02:58:13 AM   34    1.00    0.00    0.00    0.00    0.00    0.00    0.00    0.00    0.00   99.00
02:58:13 AM   35    0.99    0.00    0.00    0.00    0.00    0.00    0.00    0.00    0.00   99.01

02:58:13 AM  CPU    %usr   %nice    %sys %iowait    %irq   %soft  %steal  %guest  %gnice   %idle
02:58:14 AM  all    1.34    0.00    3.30    0.08    0.00    2.52    0.00    0.00    0.00   92.76
02:58:14 AM    0    0.00    0.00    0.00    0.00    0.00    3.03    0.00    0.00    0.00   96.97
02:58:14 AM    1    4.04    0.00    6.06    0.00    0.00    0.00    0.00    0.00    0.00   89.90
02:58:14 AM    2    1.01    0.00    0.00    0.00    0.00    0.00    0.00    0.00    0.00   98.99
02:58:14 AM    3    1.00    0.00    1.00    1.00    0.00    0.00    0.00    0.00    0.00   97.00
02:58:14 AM    4    1.01    0.00    0.00    0.00    0.00    0.00    0.00    0.00    0.00   98.99
02:58:14 AM    5    2.00    0.00    1.00    0.00    0.00    0.00    0.00    0.00    0.00   97.00
02:58:14 AM    6    2.00    0.00    1.00    0.00    0.00    0.00    0.00    0.00    0.00   97.00
02:58:14 AM    7    2.02    0.00    0.00    0.00    0.00    0.00    0.00    0.00    0.00   97.98
02:58:14 AM    8    1.01    0.00    0.00    0.00    0.00    0.00    0.00    0.00    0.00   98.99
02:58:14 AM    9    2.00    0.00    1.00    0.00    0.00    0.00    0.00    0.00    0.00   97.00
02:58:14 AM   10    1.00    0.00    1.00    0.00    0.00    0.00    0.00    0.00    0.00   98.00
02:58:14 AM   11    2.00    0.00    1.00    0.00    0.00    0.00    0.00    0.00    0.00   97.00
02:58:14 AM   12    1.00    0.00    1.00    0.00    0.00    0.00    0.00    0.00    0.00   98.00
02:58:14 AM   13    1.01    0.00    0.00    0.00    0.00    0.00    0.00    0.00    0.00   98.99
02:58:14 AM   14    0.00    0.00    0.00    1.03    0.00    0.00    0.00    0.00    0.00   98.97
02:58:14 AM   15    0.00    0.00    1.01    0.00    0.00    0.00    0.00    0.00    0.00   98.99
02:58:14 AM   16    1.01    0.00    0.00    0.00    0.00    0.00    0.00    0.00    0.00   98.99
02:58:14 AM   17    0.00    0.00    0.00    0.00    0.00    0.00    0.00    0.00    0.00  100.00
02:58:14 AM   18    1.00    0.00    0.00    0.00    0.00    0.00    0.00    0.00    0.00   99.00
02:58:14 AM   19    0.00    0.00    0.00    0.00    0.00    0.00    0.00    0.00    0.00  100.00
02:58:14 AM   20   10.89    0.00   51.49    0.00    0.00   37.62    0.00    0.00    0.00    0.00
02:58:14 AM   21    3.96    0.00   44.55    0.00    0.00   48.51    0.00    0.00    0.00    2.97
02:58:14 AM   22    1.00    0.00    1.00    0.00    0.00    0.00    0.00    0.00    0.00   98.00
02:58:14 AM   23    1.00    0.00    1.00    0.00    0.00    0.00    0.00    0.00    0.00   98.00
02:58:14 AM   24    1.01    0.00    0.00    0.00    0.00    0.00    0.00    0.00    0.00   98.99
02:58:14 AM   25    1.98    0.00    1.98    0.00    0.00    0.00    0.00    0.00    0.00   96.04
02:58:14 AM   26    1.00    0.00    0.00    0.00    0.00    0.00    0.00    0.00    0.00   99.00
02:58:14 AM   27    1.01    0.00    0.00    0.00    0.00    0.00    0.00    0.00    0.00   98.99
02:58:14 AM   28    1.00    0.00    1.00    1.00    0.00    0.00    0.00    0.00    0.00   97.00
02:58:14 AM   29    0.00    0.00    0.00    0.00    0.00    0.00    0.00    0.00    0.00  100.00
02:58:14 AM   30    1.01    0.00    0.00    0.00    0.00    0.00    0.00    0.00    0.00   98.99
02:58:14 AM   31    0.00    0.00    1.01    0.00    0.00    0.00    0.00    0.00    0.00   98.99
02:58:14 AM   32    0.00    0.00    1.01    0.00    0.00    0.00    0.00    0.00    0.00   98.99
02:58:14 AM   33    0.00    0.00    0.00    0.00    0.00    0.00    0.00    0.00    0.00  100.00
02:58:14 AM   34    1.00    0.00    0.00    0.00    0.00    0.00    0.00    0.00    0.00   99.00
02:58:14 AM   35    0.00    0.00    0.00    0.00    0.00    0.00    0.00    0.00    0.00  100.00

02:58:14 AM  CPU    %usr   %nice    %sys %iowait    %irq   %soft  %steal  %guest  %gnice   %idle
02:58:15 AM  all    0.72    0.00    3.01    0.17    0.00    2.65    0.00    0.00    0.00   93.46
02:58:15 AM    0    1.92    0.00    0.00    0.00    0.00    6.73    0.00    0.00    0.00   91.35
02:58:15 AM    1    1.00    0.00    0.00    1.00    0.00    1.00    0.00    0.00    0.00   97.00
02:58:15 AM    2    0.99    0.00    0.99    0.99    0.00    0.00    0.00    0.00    0.00   97.03
02:58:15 AM    3    1.00    0.00    0.00    0.00    0.00    0.00    0.00    0.00    0.00   99.00
02:58:15 AM    4    1.00    0.00    1.00    0.00    0.00    0.00    0.00    0.00    0.00   98.00
02:58:15 AM    5    0.00    0.00    0.00    1.01    0.00    0.00    0.00    0.00    0.00   98.99
02:58:15 AM    6    1.98    0.00    0.00    0.99    0.00    0.00    0.00    0.00    0.00   97.03
02:58:15 AM    7    1.98    0.00    0.99    0.00    0.00    0.00    0.00    0.00    0.00   97.03
02:58:15 AM    8    1.00    0.00    1.00    0.00    0.00    0.00    0.00    0.00    0.00   98.00
02:58:15 AM    9    1.00    0.00    0.00    0.00    0.00    0.00    0.00    0.00    0.00   99.00
02:58:15 AM   10    2.00    0.00    0.00    0.00    0.00    0.00    0.00    0.00    0.00   98.00
02:58:15 AM   11    0.00    0.00    1.00    0.00    0.00    0.00    0.00    0.00    0.00   99.00
02:58:15 AM   12    0.00    0.00    0.00    0.00    0.00    0.00    0.00    0.00    0.00  100.00
02:58:15 AM   13    0.00    0.00    0.00    0.00    0.00    0.00    0.00    0.00    0.00  100.00
02:58:15 AM   14    0.00    0.00    0.00    1.00    0.00    0.00    0.00    0.00    0.00   99.00
02:58:15 AM   15    1.00    0.00    0.00    0.00    0.00    0.00    0.00    0.00    0.00   99.00
02:58:15 AM   16    0.00    0.00    1.01    0.00    0.00    0.00    0.00    0.00    0.00   98.99
02:58:15 AM   17    0.00    0.00    0.00    0.00    0.00    0.00    0.00    0.00    0.00  100.00
02:58:15 AM   18    0.00    0.00    0.00    0.00    0.00    0.00    0.00    0.00    0.00  100.00
02:58:15 AM   19    0.00    0.00    0.00    0.00    0.00    0.00    0.00    0.00    0.00  100.00
02:58:15 AM   20    6.06    0.00   53.54    0.00    0.00   40.40    0.00    0.00    0.00    0.00
02:58:15 AM   21    2.97    0.00   47.52    0.00    0.00   46.53    0.00    0.00    0.00    2.97
02:58:15 AM   22    0.00    0.00    0.00    0.00    0.00    0.00    0.00    0.00    0.00  100.00
02:58:15 AM   23    1.00    0.00    0.00    0.00    0.00    0.00    0.00    0.00    0.00   99.00
02:58:15 AM   24    0.00    0.00    0.00    0.00    0.00    0.00    0.00    0.00    0.00  100.00
02:58:15 AM   25    0.00    0.00    0.00    0.00    0.00    0.00    0.00    0.00    0.00  100.00
02:58:15 AM   26    0.00    0.00    0.00    0.00    0.00    0.00    0.00    0.00    0.00  100.00
02:58:15 AM   27    0.00    0.00    0.00    0.00    0.00    0.00    0.00    0.00    0.00  100.00
02:58:15 AM   28    0.00    0.00    0.00    0.00    0.00    0.00    0.00    0.00    0.00  100.00
02:58:15 AM   29    0.00    0.00    0.00    0.00    0.00    0.00    0.00    0.00    0.00  100.00
02:58:15 AM   30    1.00    0.00    1.00    0.00    0.00    0.00    0.00    0.00    0.00   98.00
02:58:15 AM   31    0.00    0.00    0.00    0.00    0.00    0.00    0.00    0.00    0.00  100.00
02:58:15 AM   32    0.00    0.00    0.00    0.00    0.00    0.00    0.00    0.00    0.00  100.00
02:58:15 AM   33    0.00    0.00    0.00    0.00    0.00    0.00    0.00    0.00    0.00  100.00
02:58:15 AM   34    0.00    0.00    0.00    0.00    0.00    0.00    0.00    0.00    0.00  100.00
02:58:15 AM   35    0.00    0.00    0.00    1.00    0.00    0.00    0.00    0.00    0.00   99.00

02:58:15 AM  CPU    %usr   %nice    %sys %iowait    %irq   %soft  %steal  %guest  %gnice   %idle
02:58:16 AM  all    1.17    0.00    3.39    0.06    0.00    2.70    0.00    0.00    0.00   92.69
02:58:16 AM    0    1.96    0.00    0.98    0.00    0.00    3.92    0.00    0.00    0.00   93.14
02:58:16 AM    1    3.96    0.00    5.94    0.00    0.00    0.99    0.00    0.00    0.00   89.11
02:58:16 AM    2    1.01    0.00    0.00    0.00    0.00    1.01    0.00    0.00    0.00   97.98
02:58:16 AM    3    1.98    0.00    0.99    0.00    0.00    0.00    0.00    0.00    0.00   97.03
02:58:16 AM    4    0.00    0.00    0.00    0.00    0.00    0.00    0.00    0.00    0.00  100.00
02:58:16 AM    5    0.00    0.00    1.01    0.00    0.00    0.00    0.00    0.00    0.00   98.99
02:58:16 AM    6    2.00    0.00    1.00    0.00    0.00    0.00    0.00    0.00    0.00   97.00
02:58:16 AM    7    1.00    0.00    2.00    0.00    0.00    0.00    0.00    0.00    0.00   97.00
02:58:16 AM    8    2.97    0.00    0.99    0.99    0.00    0.00    0.00    0.00    0.00   95.05
02:58:16 AM    9    2.97    0.00    0.99    0.00    0.00    0.00    0.00    0.00    0.00   96.04
02:58:16 AM   10    1.00    0.00    0.00    0.00    0.00    0.00    0.00    0.00    0.00   99.00
02:58:16 AM   11    1.01    0.00    0.00    0.00    0.00    0.00    0.00    0.00    0.00   98.99
02:58:16 AM   12    0.00    0.00    1.01    0.00    0.00    0.00    0.00    0.00    0.00   98.99
02:58:16 AM   13    1.00    0.00    1.00    0.00    0.00    0.00    0.00    0.00    0.00   98.00
02:58:16 AM   14    1.01    0.00    0.00    0.00    0.00    0.00    0.00    0.00    0.00   98.99
02:58:16 AM   15    1.00    0.00    0.00    0.00    0.00    0.00    0.00    0.00    0.00   99.00
02:58:16 AM   16    0.00    0.00    0.00    1.01    0.00    0.00    0.00    0.00    0.00   98.99
02:58:16 AM   17    0.00    0.00    1.01    0.00    0.00    0.00    0.00    0.00    0.00   98.99
02:58:16 AM   18    0.00    0.00    0.00    0.00    0.00    0.00    0.00    0.00    0.00  100.00
02:58:16 AM   19    0.99    0.00    0.00    0.00    0.00    0.00    0.00    0.00    0.00   99.01
02:58:16 AM   20    9.00    0.00   53.00    0.00    0.00   38.00    0.00    0.00    0.00    0.00
02:58:16 AM   21    2.97    0.00   42.57    0.00    0.00   51.49    0.00    0.00    0.00    2.97
02:58:16 AM   22    0.98    0.00    0.98    0.00    0.00    0.98    0.00    0.00    0.00   97.06
02:58:16 AM   23    0.00    0.00    0.00    0.00    0.00    0.00    0.00    0.00    0.00  100.00
02:58:16 AM   24    2.00    0.00    6.00    0.00    0.00    0.00    0.00    0.00    0.00   92.00
02:58:16 AM   25    0.00    0.00    0.00    0.00    0.00    0.00    0.00    0.00    0.00  100.00
02:58:16 AM   26    0.00    0.00    0.99    0.00    0.00    0.00    0.00    0.00    0.00   99.01
02:58:16 AM   27    0.00    0.00    0.00    0.00    0.00    0.00    0.00    0.00    0.00  100.00
02:58:16 AM   28    0.99    0.00    0.99    0.00    0.00    0.00    0.00    0.00    0.00   98.02
02:58:16 AM   29    1.98    0.00    0.00    0.00    0.00    0.00    0.00    0.00    0.00   98.02
02:58:16 AM   30    0.00    0.00    0.00    0.00    0.00    0.00    0.00    0.00    0.00  100.00
02:58:16 AM   31    0.00    0.00    0.00    0.00    0.00    0.00    0.00    0.00    0.00  100.00
02:58:16 AM   32    0.00    0.00    0.00    0.00    0.00    0.00    0.00    0.00    0.00  100.00
02:58:16 AM   33    0.00    0.00    0.00    0.00    0.00    0.00    0.00    0.00    0.00  100.00
02:58:16 AM   34    0.00    0.00    0.00    0.00    0.00    0.00    0.00    0.00    0.00  100.00
02:58:16 AM   35    0.00    0.00    0.00    0.00    0.00    0.00    0.00    0.00    0.00  100.00

Average:     CPU    %usr   %nice    %sys %iowait    %irq   %soft  %steal  %guest  %gnice   %idle
Average:     all    1.06    0.03    3.13    0.08    0.00    2.59    0.00    0.00    0.00   93.13
Average:       0    0.99    0.00    0.49    0.20    0.00    4.04    0.00    0.00    0.00   94.29
Average:       1    2.41    0.00    3.92    0.40    0.00    0.50    0.00    0.00    0.00   92.77
Average:       2    1.01    0.10    0.50    0.20    0.00    0.10    0.00    0.00    0.00   98.09
Average:       3    1.20    0.10    0.60    0.30    0.00    0.00    0.00    0.00    0.00   97.80
Average:       4    0.70    0.10    0.30    0.00    0.00    0.00    0.00    0.00    0.00   98.89
Average:       5    1.00    0.10    0.60    0.20    0.00    0.10    0.00    0.00    0.00   97.99
Average:       6    1.20    0.10    0.50    0.20    0.00    0.00    0.00    0.00    0.00   97.99
Average:       7    1.10    0.00    0.90    0.10    0.00    0.00    0.00    0.00    0.00   97.90
Average:       8    0.90    0.00    0.40    0.10    0.00    0.00    0.00    0.00    0.00   98.59
Average:       9    2.00    0.10    0.30    0.10    0.00    0.10    0.00    0.00    0.00   97.41
Average:      10    1.01    0.00    0.20    0.00    0.00    0.10    0.00    0.00    0.00   98.69
Average:      11    0.80    0.10    0.40    0.10    0.00    0.00    0.00    0.00    0.00   98.60
Average:      12    0.70    0.10    0.60    0.00    0.00    0.00    0.00    0.00    0.00   98.59
Average:      13    0.90    0.10    0.30    0.10    0.00    0.00    0.00    0.00    0.00   98.60
Average:      14    0.80    0.10    0.30    0.20    0.00    0.00    0.00    0.00    0.00   98.59
Average:      15    0.80    0.00    0.30    0.00    0.00    0.00    0.00    0.00    0.00   98.90
Average:      16    0.60    0.00    0.50    0.10    0.00    0.00    0.00    0.00    0.00   98.79
Average:      17    1.11    0.00    0.20    0.00    0.00    0.00    0.00    0.00    0.00   98.69
Average:      18    0.60    0.00    0.20    0.00    0.00    0.00    0.00    0.00    0.00   99.20
Average:      19    0.50    0.00    0.00    0.00    0.00    0.00    0.00    0.00    0.00   99.50
Average:      20    7.70    0.00   52.20    0.00    0.00   38.60    0.00    0.00    0.00    1.50
Average:      21    3.01    0.00   43.13    0.00    0.00   49.25    0.00    0.00    0.00    4.61
Average:      22    0.40    0.00    0.40    0.10    0.00    0.10    0.00    0.00    0.00   98.99
Average:      23    0.70    0.00    0.70    0.00    0.00    0.00    0.00    0.00    0.00   98.60
Average:      24    0.60    0.00    0.91    0.00    0.00    0.00    0.00    0.00    0.00   98.49
Average:      25    0.50    0.00    0.60    0.10    0.00    0.00    0.00    0.00    0.00   98.80
Average:      26    0.40    0.00    0.20    0.00    0.00    0.00    0.00    0.00    0.00   99.40
Average:      27    0.30    0.00    0.40    0.10    0.00    0.10    0.00    0.00    0.00   99.10
Average:      28    0.50    0.00    0.30    0.10    0.00    0.00    0.00    0.00    0.00   99.10
Average:      29    0.80    0.00    0.40    0.00    0.00    0.00    0.00    0.00    0.00   98.80
Average:      30    0.60    0.00    0.30    0.00    0.00    0.00    0.00    0.00    0.00   99.10
Average:      31    0.60    0.00    0.30    0.00    0.00    0.00    0.00    0.00    0.00   99.10
Average:      32    0.40    0.00    0.30    0.00    0.00    0.00    0.00    0.00    0.00   99.30
Average:      33    0.30    0.00    0.20    0.00    0.00    0.00    0.00    0.00    0.00   99.50
Average:      34    0.50    0.00    0.20    0.00    0.00    0.00    0.00    0.00    0.00   99.30
Average:      35    0.30    0.00    0.30    0.10    0.00    0.00    0.00    0.00    0.00   99.30
