Linux 5.15.0-186-generic (rapids4) 	07/28/2026 	_x86_64_	(36 CPU)

03:26:37 AM  CPU    %usr   %nice    %sys %iowait    %irq   %soft  %steal  %guest  %gnice   %idle
03:26:38 AM  all    1.09    0.00    1.54    0.03    0.00    0.06    0.00    0.00    0.00   97.28
03:26:38 AM    0    0.99    0.00    0.99    0.99    0.00    0.99    0.00    0.00    0.00   96.04
03:26:38 AM    1    1.00    0.00    1.00    0.00    0.00    0.00    0.00    0.00    0.00   98.00
03:26:38 AM    2    1.01    0.00    0.00    0.00    0.00    0.00    0.00    0.00    0.00   98.99
03:26:38 AM    3    1.00    0.00    1.00    0.00    0.00    0.00    0.00    0.00    0.00   98.00
03:26:38 AM    4    0.00    0.00    0.00    0.00    0.00    0.00    0.00    0.00    0.00  100.00
03:26:38 AM    5    0.00    0.00    1.01    0.00    0.00    0.00    0.00    0.00    0.00   98.99
03:26:38 AM    6    4.00    0.00    6.00    0.00    0.00    0.00    0.00    0.00    0.00   90.00
03:26:38 AM    7    1.01    0.00    0.00    0.00    0.00    0.00    0.00    0.00    0.00   98.99
03:26:38 AM    8    1.01    0.00    0.00    0.00    0.00    0.00    0.00    0.00    0.00   98.99
03:26:38 AM    9    0.00    0.00    1.01    0.00    0.00    1.01    0.00    0.00    0.00   97.98
03:26:38 AM   10    0.00    0.00    0.00    0.00    0.00    0.00    0.00    0.00    0.00  100.00
03:26:38 AM   11    1.00    0.00    0.00    0.00    0.00    0.00    0.00    0.00    0.00   99.00
03:26:38 AM   12    0.99    0.00    0.99    0.00    0.00    0.00    0.00    0.00    0.00   98.02
03:26:38 AM   13    0.00    0.00    1.00    0.00    0.00    0.00    0.00    0.00    0.00   99.00
03:26:38 AM   14    1.01    0.00    0.00    0.00    0.00    0.00    0.00    0.00    0.00   98.99
03:26:38 AM   15    1.01    0.00    0.00    0.00    0.00    0.00    0.00    0.00    0.00   98.99
03:26:38 AM   16    1.98    0.00    0.99    0.00    0.00    0.00    0.00    0.00    0.00   97.03
03:26:38 AM   17    0.00    0.00    0.00    0.00    0.00    0.00    0.00    0.00    0.00  100.00
03:26:38 AM   18    8.42    0.00   13.68    0.00    0.00    0.00    0.00    0.00    0.00   77.89
03:26:38 AM   19    5.21    0.00   19.79    0.00    0.00    0.00    0.00    0.00    0.00   75.00
03:26:38 AM   20    1.00    0.00    1.00    0.00    0.00    0.00    0.00    0.00    0.00   98.00
03:26:38 AM   21    0.00    0.00    1.01    0.00    0.00    0.00    0.00    0.00    0.00   98.99
03:26:38 AM   22    0.00    0.00    1.01    0.00    0.00    0.00    0.00    0.00    0.00   98.99
03:26:38 AM   23    2.97    0.00    1.98    0.00    0.00    0.00    0.00    0.00    0.00   95.05
03:26:38 AM   24    0.00    0.00    1.01    0.00    0.00    0.00    0.00    0.00    0.00   98.99
03:26:38 AM   25    3.06    0.00    1.02    0.00    0.00    0.00    0.00    0.00    0.00   95.92
03:26:38 AM   26    1.96    0.00    0.98    0.00    0.00    0.00    0.00    0.00    0.00   97.06
03:26:38 AM   27    0.00    0.00    0.00    0.00    0.00    0.00    0.00    0.00    0.00  100.00
03:26:38 AM   28    1.00    0.00    0.00    0.00    0.00    0.00    0.00    0.00    0.00   99.00
03:26:38 AM   29    0.00    0.00    0.00    0.00    0.00    0.00    0.00    0.00    0.00  100.00
03:26:38 AM   30    0.00    0.00    1.01    0.00    0.00    0.00    0.00    0.00    0.00   98.99
03:26:38 AM   31    0.00    0.00    0.00    0.00    0.00    0.00    0.00    0.00    0.00  100.00
03:26:38 AM   32    0.00    0.00    0.00    0.00    0.00    0.00    0.00    0.00    0.00  100.00
03:26:38 AM   33    0.00    0.00    0.00    0.00    0.00    0.00    0.00    0.00    0.00  100.00
03:26:38 AM   34    0.00    0.00    0.00    0.00    0.00    0.00    0.00    0.00    0.00  100.00
03:26:38 AM   35    0.00    0.00    0.00    0.00    0.00    0.00    0.00    0.00    0.00  100.00

03:26:38 AM  CPU    %usr   %nice    %sys %iowait    %irq   %soft  %steal  %guest  %gnice   %idle
03:26:39 AM  all    1.65    0.00    2.71    0.08    0.00    0.22    0.00    0.00    0.00   95.34
03:26:39 AM    0    0.96    0.00    0.00    0.00    0.00    6.73    0.00    0.00    0.00   92.31
03:26:39 AM    1    2.00    0.00    0.00    0.00    0.00    1.00    0.00    0.00    0.00   97.00
03:26:39 AM    2    0.00    0.00    0.00    0.00    0.00    0.00    0.00    0.00    0.00  100.00
03:26:39 AM    3    0.00    0.00    0.00    0.00    0.00    0.00    0.00    0.00    0.00  100.00
03:26:39 AM    4    1.00    0.00    0.00    0.00    0.00    0.00    0.00    0.00    0.00   99.00
03:26:39 AM    5    0.00    0.00    0.00    0.00    0.00    0.00    0.00    0.00    0.00  100.00
03:26:39 AM    6    2.02    0.00    7.07    0.00    0.00    0.00    0.00    0.00    0.00   90.91
03:26:39 AM    7    1.00    0.00    0.00    0.00    0.00    0.00    0.00    0.00    0.00   99.00
03:26:39 AM    8    0.99    0.00    0.99    0.00    0.00    0.00    0.00    0.00    0.00   98.02
03:26:39 AM    9    6.00    0.00    2.00    0.00    0.00    0.00    0.00    0.00    0.00   92.00
03:26:39 AM   10    1.98    0.00    0.99    0.00    0.00    0.00    0.00    0.00    0.00   97.03
03:26:39 AM   11    0.00    0.00    1.01    0.00    0.00    0.00    0.00    0.00    0.00   98.99
03:26:39 AM   12    0.00    0.00    0.00    0.00    0.00    0.00    0.00    0.00    0.00  100.00
03:26:39 AM   13    0.00    0.00    1.00    0.00    0.00    0.00    0.00    0.00    0.00   99.00
03:26:39 AM   14    1.00    0.00    0.00    0.00    0.00    0.00    0.00    0.00    0.00   99.00
03:26:39 AM   15    0.00    0.00    1.01    0.00    0.00    0.00    0.00    0.00    0.00   98.99
03:26:39 AM   16    1.00    0.00    1.00    0.00    0.00    0.00    0.00    0.00    0.00   98.00
03:26:39 AM   17    1.00    0.00    0.00    0.00    0.00    0.00    0.00    0.00    0.00   99.00
03:26:39 AM   18   18.28    0.00   34.41    0.00    0.00    0.00    0.00    0.00    0.00   47.31
03:26:39 AM   19   14.74    0.00   46.32    0.00    0.00    0.00    0.00    0.00    0.00   38.95
03:26:39 AM   20    0.00    0.00    1.00    0.00    0.00    0.00    0.00    0.00    0.00   99.00
03:26:39 AM   21    1.00    0.00    1.00    0.00    0.00    0.00    0.00    0.00    0.00   98.00
03:26:39 AM   22    1.00    0.00    1.00    0.00    0.00    0.00    0.00    0.00    0.00   98.00
03:26:39 AM   23    1.01    0.00    0.00    0.00    0.00    0.00    0.00    0.00    0.00   98.99
03:26:39 AM   24    1.01    0.00    0.00    1.01    0.00    0.00    0.00    0.00    0.00   97.98
03:26:39 AM   25    0.00    0.00    0.00    1.01    0.00    0.00    0.00    0.00    0.00   98.99
03:26:39 AM   26    0.00    0.00    0.00    0.00    0.00    0.00    0.00    0.00    0.00  100.00
03:26:39 AM   27    0.00    0.00    0.99    0.00    0.00    0.00    0.00    0.00    0.00   99.01
03:26:39 AM   28    0.00    0.00    0.00    0.00    0.00    0.00    0.00    0.00    0.00  100.00
03:26:39 AM   29    1.00    0.00    0.00    0.00    0.00    0.00    0.00    0.00    0.00   99.00
03:26:39 AM   30    1.00    0.00    0.00    0.00    0.00    0.00    0.00    0.00    0.00   99.00
03:26:39 AM   31    0.00    0.00    0.00    0.00    0.00    0.00    0.00    0.00    0.00  100.00
03:26:39 AM   32    1.00    0.00    0.00    0.00    0.00    0.00    0.00    0.00    0.00   99.00
03:26:39 AM   33    0.00    0.00    1.00    0.00    0.00    0.00    0.00    0.00    0.00   99.00
03:26:39 AM   34    1.98    0.00    0.99    0.00    0.00    0.00    0.00    0.00    0.00   97.03
03:26:39 AM   35    0.00    0.00    0.00    1.02    0.00    0.00    0.00    0.00    0.00   98.98

03:26:39 AM  CPU    %usr   %nice    %sys %iowait    %irq   %soft  %steal  %guest  %gnice   %idle
03:26:40 AM  all    1.46    0.03    2.86    0.06    0.00    0.14    0.00    0.00    0.00   95.46
03:26:40 AM    0    0.00    0.99    0.99    0.99    0.00    2.97    0.00    0.00    0.00   94.06
03:26:40 AM    1    2.00    0.00    0.00    0.00    0.00    1.00    0.00    0.00    0.00   97.00
03:26:40 AM    2    2.00    0.00    1.00    0.00    0.00    0.00    0.00    0.00    0.00   97.00
03:26:40 AM    3    0.00    0.00    2.00    0.00    0.00    0.00    0.00    0.00    0.00   98.00
03:26:40 AM    4    0.00    0.00    1.01    0.00    0.00    0.00    0.00    0.00    0.00   98.99
03:26:40 AM    5    2.00    0.00    2.00    0.00    0.00    0.00    0.00    0.00    0.00   96.00
03:26:40 AM    6    0.00    0.00    0.00    0.00    0.00    0.00    0.00    0.00    0.00  100.00
03:26:40 AM    7    0.00    0.00    0.00    0.00    0.00    0.00    0.00    0.00    0.00  100.00
03:26:40 AM    8    0.00    0.00    1.01    0.00    0.00    0.00    0.00    0.00    0.00   98.99
03:26:40 AM    9    1.00    0.00    1.00    0.00    0.00    0.00    0.00    0.00    0.00   98.00
03:26:40 AM   10    0.00    0.00    0.00    0.00    0.00    0.00    0.00    0.00    0.00  100.00
03:26:40 AM   11    0.99    0.00    0.99    0.00    0.00    0.00    0.00    0.00    0.00   98.02
03:26:40 AM   12    0.00    0.00    1.02    0.00    0.00    0.00    0.00    0.00    0.00   98.98
03:26:40 AM   13    0.00    0.00    1.98    0.99    0.00    0.00    0.00    0.00    0.00   97.03
03:26:40 AM   14    1.00    0.00    1.00    0.00    0.00    0.00    0.00    0.00    0.00   98.00
03:26:40 AM   15    1.00    0.00    0.00    0.00    0.00    0.00    0.00    0.00    0.00   99.00
03:26:40 AM   16    0.00    0.00    0.00    0.00    0.00    0.00    0.00    0.00    0.00  100.00
03:26:40 AM   17    1.00    0.00    1.00    0.00    0.00    0.00    0.00    0.00    0.00   98.00
03:26:40 AM   18   14.29    0.00   38.46    0.00    0.00    0.00    0.00    0.00    0.00   47.25
03:26:40 AM   19   18.95    0.00   44.21    0.00    0.00    0.00    0.00    0.00    0.00   36.84
03:26:40 AM   20    0.00    0.00    0.00    0.00    0.00    0.00    0.00    0.00    0.00  100.00
03:26:40 AM   21    1.00    0.00    0.00    0.00    0.00    0.00    0.00    0.00    0.00   99.00
03:26:40 AM   22    0.00    0.00    1.00    0.00    0.00    0.00    0.00    0.00    0.00   99.00
03:26:40 AM   23    0.00    0.00    1.01    0.00    0.00    0.00    0.00    0.00    0.00   98.99
03:26:40 AM   24    3.00    0.00    1.00    0.00    0.00    0.00    0.00    0.00    0.00   96.00
03:26:40 AM   25    1.98    0.00    1.98    0.00    0.00    0.00    0.00    0.00    0.00   96.04
03:26:40 AM   26    0.00    0.00    0.00    0.00    0.00    0.00    0.00    0.00    0.00  100.00
03:26:40 AM   27    0.00    0.00    0.00    0.00    0.00    0.00    0.00    0.00    0.00  100.00
03:26:40 AM   28    0.00    0.00    1.00    0.00    0.00    1.00    0.00    0.00    0.00   98.00
03:26:40 AM   29    0.00    0.00    1.01    0.00    0.00    0.00    0.00    0.00    0.00   98.99
03:26:40 AM   30    1.00    0.00    0.00    0.00    0.00    0.00    0.00    0.00    0.00   99.00
03:26:40 AM   31    0.00    0.00    1.00    0.00    0.00    0.00    0.00    0.00    0.00   99.00
03:26:40 AM   32    1.00    0.00    1.00    0.00    0.00    0.00    0.00    0.00    0.00   98.00
03:26:40 AM   33    1.00    0.00    1.00    0.00    0.00    0.00    0.00    0.00    0.00   98.00
03:26:40 AM   34    0.00    0.00    0.00    0.00    0.00    0.00    0.00    0.00    0.00  100.00
03:26:40 AM   35    1.01    0.00    0.00    0.00    0.00    0.00    0.00    0.00    0.00   98.99

03:26:40 AM  CPU    %usr   %nice    %sys %iowait    %irq   %soft  %steal  %guest  %gnice   %idle
03:26:41 AM  all    1.49    0.03    2.64    0.11    0.00    0.17    0.00    0.00    0.00   95.57
03:26:41 AM    0    2.91    0.00    5.83    0.97    0.00    5.83    0.00    0.00    0.00   84.47
03:26:41 AM    1    0.00    0.00    0.00    0.00    0.00    0.00    0.00    0.00    0.00  100.00
03:26:41 AM    2    1.00    0.00    0.00    0.00    0.00    0.00    0.00    0.00    0.00   99.00
03:26:41 AM    3    1.01    0.00    0.00    1.01    0.00    0.00    0.00    0.00    0.00   97.98
03:26:41 AM    4    1.98    0.00    0.99    0.00    0.00    0.00    0.00    0.00    0.00   97.03
03:26:41 AM    5    0.00    0.00    1.01    0.00    0.00    0.00    0.00    0.00    0.00   98.99
03:26:41 AM    6    2.00    0.00    1.00    1.00    0.00    0.00    0.00    0.00    0.00   96.00
03:26:41 AM    7    1.01    0.00    0.00    0.00    0.00    0.00    0.00    0.00    0.00   98.99
03:26:41 AM    8    0.00    0.00    0.00    0.00    0.00    0.00    0.00    0.00    0.00  100.00
03:26:41 AM    9    0.00    0.00    1.01    0.00    0.00    0.00    0.00    0.00    0.00   98.99
03:26:41 AM   10    0.98    0.00    1.96    0.00    0.00    0.00    0.00    0.00    0.00   97.06
03:26:41 AM   11    0.00    0.00    0.00    0.00    0.00    0.00    0.00    0.00    0.00  100.00
03:26:41 AM   12    0.00    1.01    0.00    0.00    0.00    0.00    0.00    0.00    0.00   98.99
03:26:41 AM   13    1.00    0.00    0.00    0.00    0.00    0.00    0.00    0.00    0.00   99.00
03:26:41 AM   14    0.00    0.00    1.00    0.00    0.00    0.00    0.00    0.00    0.00   99.00
03:26:41 AM   15    1.02    0.00    0.00    0.00    0.00    0.00    0.00    0.00    0.00   98.98
03:26:41 AM   16    0.00    0.00    0.00    0.00    0.00    0.00    0.00    0.00    0.00  100.00
03:26:41 AM   17    0.00    0.00    0.00    0.00    0.00    0.00    0.00    0.00    0.00  100.00
03:26:41 AM   18   16.30    0.00   36.96    0.00    0.00    0.00    0.00    0.00    0.00   46.74
03:26:41 AM   19   16.49    0.00   46.39    0.00    0.00    0.00    0.00    0.00    0.00   37.11
03:26:41 AM   20    1.01    0.00    0.00    0.00    0.00    0.00    0.00    0.00    0.00   98.99
03:26:41 AM   21    1.01    0.00    0.00    0.00    0.00    0.00    0.00    0.00    0.00   98.99
03:26:41 AM   22    0.00    0.00    0.00    0.00    0.00    0.00    0.00    0.00    0.00  100.00
03:26:41 AM   23    0.00    0.00    0.00    0.00    0.00    0.00    0.00    0.00    0.00  100.00
03:26:41 AM   24    0.00    0.00    0.00    0.00    0.00    0.00    0.00    0.00    0.00  100.00
03:26:41 AM   25    0.00    0.00    0.00    0.00    0.00    0.00    0.00    0.00    0.00  100.00
03:26:41 AM   26    0.00    0.00    1.00    0.00    0.00    0.00    0.00    0.00    0.00   99.00
03:26:41 AM   27    1.01    0.00    0.00    0.00    0.00    0.00    0.00    0.00    0.00   98.99
03:26:41 AM   28    2.00    0.00    0.00    0.00    0.00    0.00    0.00    0.00    0.00   98.00
03:26:41 AM   29    1.00    0.00    0.00    1.00    0.00    0.00    0.00    0.00    0.00   98.00
03:26:41 AM   30    1.00    0.00    0.00    0.00    0.00    0.00    0.00    0.00    0.00   99.00
03:26:41 AM   31    2.00    0.00    0.00    0.00    0.00    0.00    0.00    0.00    0.00   98.00
03:26:41 AM   32    0.00    0.00    0.00    0.00    0.00    0.00    0.00    0.00    0.00  100.00
03:26:41 AM   33    0.00    0.00    0.00    0.00    0.00    0.00    0.00    0.00    0.00  100.00
03:26:41 AM   34    0.00    0.00    0.00    0.00    0.00    0.00    0.00    0.00    0.00  100.00
03:26:41 AM   35    0.00    0.00    1.02    0.00    0.00    0.00    0.00    0.00    0.00   98.98

03:26:41 AM  CPU    %usr   %nice    %sys %iowait    %irq   %soft  %steal  %guest  %gnice   %idle
03:26:42 AM  all    1.71    0.03    2.71    0.03    0.00    0.11    0.00    0.00    0.00   95.41
03:26:42 AM    0    2.02    0.00    0.00    0.00    0.00    2.02    0.00    0.00    0.00   95.96
03:26:42 AM    1    1.00    0.00    0.00    0.00    0.00    1.00    0.00    0.00    0.00   98.00
03:26:42 AM    2    1.00    0.00    1.00    0.00    0.00    0.00    0.00    0.00    0.00   98.00
03:26:42 AM    3    2.00    0.00    1.00    0.00    0.00    0.00    0.00    0.00    0.00   97.00
03:26:42 AM    4    2.02    0.00    0.00    0.00    0.00    0.00    0.00    0.00    0.00   97.98
03:26:42 AM    5    1.00    1.00    0.00    0.00    0.00    0.00    0.00    0.00    0.00   98.00
03:26:42 AM    6    0.99    0.00    1.98    0.00    0.00    0.00    0.00    0.00    0.00   97.03
03:26:42 AM    7    1.98    0.00    1.98    0.00    0.00    0.00    0.00    0.00    0.00   96.04
03:26:42 AM    8    1.98    0.00    0.99    0.00    0.00    0.00    0.00    0.00    0.00   97.03
03:26:42 AM    9    1.00    0.00    1.00    0.00    0.00    0.00    0.00    0.00    0.00   98.00
03:26:42 AM   10    1.01    0.00    0.00    0.00    0.00    0.00    0.00    0.00    0.00   98.99
03:26:42 AM   11    0.00    0.00    0.00    0.00    0.00    0.00    0.00    0.00    0.00  100.00
03:26:42 AM   12    0.00    0.00    0.00    0.00    0.00    0.00    0.00    0.00    0.00  100.00
03:26:42 AM   13    0.00    0.00    0.00    0.00    0.00    0.00    0.00    0.00    0.00  100.00
03:26:42 AM   14    1.01    0.00    0.00    0.00    0.00    0.00    0.00    0.00    0.00   98.99
03:26:42 AM   15    2.00    0.00    0.00    0.00    0.00    0.00    0.00    0.00    0.00   98.00
03:26:42 AM   16    1.00    0.00    1.00    0.00    0.00    0.00    0.00    0.00    0.00   98.00
03:26:42 AM   17    0.00    0.00    1.00    0.00    0.00    0.00    0.00    0.00    0.00   99.00
03:26:42 AM   18   12.50    0.00   37.50    0.00    0.00    0.00    0.00    0.00    0.00   50.00
03:26:42 AM   19   15.46    0.00   47.42    0.00    0.00    0.00    0.00    0.00    0.00   37.11
03:26:42 AM   20    1.01    0.00    0.00    0.00    0.00    0.00    0.00    0.00    0.00   98.99
03:26:42 AM   21    0.00    0.00    1.01    0.00    0.00    0.00    0.00    0.00    0.00   98.99
03:26:42 AM   22    1.00    0.00    1.00    0.00    0.00    0.00    0.00    0.00    0.00   98.00
03:26:42 AM   23    0.00    0.00    0.00    0.00    0.00    0.00    0.00    0.00    0.00  100.00
03:26:42 AM   24    1.98    0.00    0.99    0.00    0.00    0.00    0.00    0.00    0.00   97.03
03:26:42 AM   25    0.99    0.00    1.98    0.00    0.00    0.00    0.00    0.00    0.00   97.03
03:26:42 AM   26    1.01    0.00    0.00    0.00    0.00    0.00    0.00    0.00    0.00   98.99
03:26:42 AM   27    0.00    0.00    1.01    0.00    0.00    0.00    0.00    0.00    0.00   98.99
03:26:42 AM   28    1.01    0.00    0.00    0.00    0.00    0.00    0.00    0.00    0.00   98.99
03:26:42 AM   29    1.01    0.00    0.00    0.00    0.00    0.00    0.00    0.00    0.00   98.99
03:26:42 AM   30    1.01    0.00    0.00    0.00    0.00    0.00    0.00    0.00    0.00   98.99
03:26:42 AM   31    0.00    0.00    0.00    0.00    0.00    0.00    0.00    0.00    0.00  100.00
03:26:42 AM   32    1.96    0.00    0.00    0.00    0.00    0.98    0.00    0.00    0.00   97.06
03:26:42 AM   33    1.96    0.00    0.98    0.00    0.00    0.00    0.00    0.00    0.00   97.06
03:26:42 AM   34    1.98    0.00    0.00    0.00    0.00    0.00    0.00    0.00    0.00   98.02
03:26:42 AM   35    0.00    0.00    1.00    1.00    0.00    0.00    0.00    0.00    0.00   98.00

03:26:42 AM  CPU    %usr   %nice    %sys %iowait    %irq   %soft  %steal  %guest  %gnice   %idle
03:26:43 AM  all    1.46    0.03    2.76    0.06    0.00    0.08    0.00    0.00    0.00   95.61
03:26:43 AM    0    1.01    1.01    7.07    0.00    0.00    3.03    0.00    0.00    0.00   87.88
03:26:43 AM    1    0.00    0.00    0.00    0.00    0.00    0.00    0.00    0.00    0.00  100.00
03:26:43 AM    2    1.01    0.00    0.00    0.00    0.00    0.00    0.00    0.00    0.00   98.99
03:26:43 AM    3    3.00    0.00    0.00    0.00    0.00    0.00    0.00    0.00    0.00   97.00
03:26:43 AM    4    0.00    0.00    0.00    0.00    0.00    0.00    0.00    0.00    0.00  100.00
03:26:43 AM    5    0.00    0.00    0.00    0.00    0.00    0.00    0.00    0.00    0.00  100.00
03:26:43 AM    6    1.01    0.00    0.00    0.00    0.00    0.00    0.00    0.00    0.00   98.99
03:26:43 AM    7    0.00    0.00    0.00    0.00    0.00    0.00    0.00    0.00    0.00  100.00
03:26:43 AM    8    0.00    0.00    0.00    1.01    0.00    0.00    0.00    0.00    0.00   98.99
03:26:43 AM    9    0.00    0.00    0.00    0.00    0.00    0.00    0.00    0.00    0.00  100.00
03:26:43 AM   10    0.00    0.00    0.00    0.00    0.00    0.00    0.00    0.00    0.00  100.00
03:26:43 AM   11    0.00    0.00    1.01    0.00    0.00    0.00    0.00    0.00    0.00   98.99
03:26:43 AM   12    0.00    0.00    0.00    0.00    0.00    0.00    0.00    0.00    0.00  100.00
03:26:43 AM   13    0.00    0.00    0.00    0.00    0.00    0.00    0.00    0.00    0.00  100.00
03:26:43 AM   14    0.00    0.00    0.00    0.00    0.00    0.00    0.00    0.00    0.00  100.00
03:26:43 AM   15    0.00    0.00    1.00    0.00    0.00    0.00    0.00    0.00    0.00   99.00
03:26:43 AM   16    1.00    0.00    0.00    0.00    0.00    0.00    0.00    0.00    0.00   99.00
03:26:43 AM   17    0.00    0.00    0.00    0.00    0.00    0.00    0.00    0.00    0.00  100.00
03:26:43 AM   18   12.22    0.00   40.00    0.00    0.00    0.00    0.00    0.00    0.00   47.78
03:26:43 AM   19   16.13    0.00   46.24    0.00    0.00    0.00    0.00    0.00    0.00   37.63
03:26:43 AM   20    1.00    0.00    1.00    0.00    0.00    0.00    0.00    0.00    0.00   98.00
03:26:43 AM   21    1.98    0.00    0.99    0.99    0.00    0.00    0.00    0.00    0.00   96.04
03:26:43 AM   22    0.00    0.00    1.03    0.00    0.00    0.00    0.00    0.00    0.00   98.97
03:26:43 AM   23    2.00    0.00    1.00    0.00    0.00    0.00    0.00    0.00    0.00   97.00
03:26:43 AM   24    0.00    0.00    1.01    0.00    0.00    0.00    0.00    0.00    0.00   98.99
03:26:43 AM   25    0.00    0.00    0.00    0.00    0.00    0.00    0.00    0.00    0.00  100.00
03:26:43 AM   26    1.00    0.00    0.00    0.00    0.00    0.00    0.00    0.00    0.00   99.00
03:26:43 AM   27    0.00    0.00    0.00    0.00    0.00    0.00    0.00    0.00    0.00  100.00
03:26:43 AM   28    0.00    0.00    0.00    0.00    0.00    0.00    0.00    0.00    0.00  100.00
03:26:43 AM   29    2.00    0.00    1.00    0.00    0.00    0.00    0.00    0.00    0.00   97.00
03:26:43 AM   30    0.00    0.00    0.00    0.00    0.00    0.00    0.00    0.00    0.00  100.00
03:26:43 AM   31    1.98    0.00    0.99    0.00    0.00    0.00    0.00    0.00    0.00   97.03
03:26:43 AM   32    2.06    0.00    0.00    0.00    0.00    0.00    0.00    0.00    0.00   97.94
03:26:43 AM   33    2.02    0.00    1.01    0.00    0.00    0.00    0.00    0.00    0.00   96.97
03:26:43 AM   34    1.02    0.00    1.02    0.00    0.00    0.00    0.00    0.00    0.00   97.96
03:26:43 AM   35    3.92    0.00    0.98    0.00    0.00    0.00    0.00    0.00    0.00   95.10

03:26:43 AM  CPU    %usr   %nice    %sys %iowait    %irq   %soft  %steal  %guest  %gnice   %idle
03:26:44 AM  all    1.15    0.03    2.70    0.06    0.00    0.08    0.00    0.00    0.00   95.98
03:26:44 AM    0    3.03    0.00    7.07    0.00    0.00    1.01    0.00    0.00    0.00   88.89
03:26:44 AM    1    1.00    0.00    1.00    1.00    0.00    0.00    0.00    0.00    0.00   97.00
03:26:44 AM    2    2.00    0.00    1.00    0.00    0.00    0.00    0.00    0.00    0.00   97.00
03:26:44 AM    3    1.01    0.00    0.00    1.01    0.00    0.00    0.00    0.00    0.00   97.98
03:26:44 AM    4    2.00    0.00    0.00    0.00    0.00    0.00    0.00    0.00    0.00   98.00
03:26:44 AM    5    0.00    0.00    1.00    0.00    0.00    1.00    0.00    0.00    0.00   98.00
03:26:44 AM    6    2.00    0.00    0.00    0.00    0.00    0.00    0.00    0.00    0.00   98.00
03:26:44 AM    7    0.00    0.00    0.00    0.00    0.00    0.00    0.00    0.00    0.00  100.00
03:26:44 AM    8    0.00    0.00    1.01    0.00    0.00    0.00    0.00    0.00    0.00   98.99
03:26:44 AM    9    0.00    0.00    0.00    0.00    0.00    0.00    0.00    0.00    0.00  100.00
03:26:44 AM   10    0.00    0.00    1.00    0.00    0.00    0.00    0.00    0.00    0.00   99.00
03:26:44 AM   11    1.01    0.00    0.00    0.00    0.00    0.00    0.00    0.00    0.00   98.99
03:26:44 AM   12    0.00    0.00    0.00    0.00    0.00    0.00    0.00    0.00    0.00  100.00
03:26:44 AM   13    0.00    0.00    1.00    0.00    0.00    0.00    0.00    0.00    0.00   99.00
03:26:44 AM   14    0.00    0.00    1.01    0.00    0.00    0.00    0.00    0.00    0.00   98.99
03:26:44 AM   15    0.00    0.00    0.00    0.00    0.00    0.00    0.00    0.00    0.00  100.00
03:26:44 AM   16    0.00    1.02    0.00    0.00    0.00    0.00    0.00    0.00    0.00   98.98
03:26:44 AM   17    1.01    0.00    0.00    0.00    0.00    0.00    0.00    0.00    0.00   98.99
03:26:44 AM   18   15.38    0.00   37.36    0.00    0.00    0.00    0.00    0.00    0.00   47.25
03:26:44 AM   19   10.99    0.00   49.45    0.00    0.00    0.00    0.00    0.00    0.00   39.56
03:26:44 AM   20    0.00    0.00    0.00    0.00    0.00    0.00    0.00    0.00    0.00  100.00
03:26:44 AM   21    1.01    0.00    0.00    0.00    0.00    0.00    0.00    0.00    0.00   98.99
03:26:44 AM   22    1.01    0.00    0.00    0.00    0.00    0.00    0.00    0.00    0.00   98.99
03:26:44 AM   23    0.00    0.00    1.01    0.00    0.00    0.00    0.00    0.00    0.00   98.99
03:26:44 AM   24    0.00    0.00    0.00    0.00    0.00    0.00    0.00    0.00    0.00  100.00
03:26:44 AM   25    0.00    0.00    0.00    0.00    0.00    1.00    0.00    0.00    0.00   99.00
03:26:44 AM   26    0.00    0.00    1.00    0.00    0.00    0.00    0.00    0.00    0.00   99.00
03:26:44 AM   27    0.00    0.00    0.00    0.00    0.00    0.00    0.00    0.00    0.00  100.00
03:26:44 AM   28    0.00    0.00    0.00    0.00    0.00    0.00    0.00    0.00    0.00  100.00
03:26:44 AM   29    0.00    0.00    0.00    0.00    0.00    0.00    0.00    0.00    0.00  100.00
03:26:44 AM   30    0.00    0.00    0.00    0.00    0.00    0.00    0.00    0.00    0.00  100.00
03:26:44 AM   31    0.00    0.00    0.00    0.00    0.00    0.00    0.00    0.00    0.00  100.00
03:26:44 AM   32    0.00    0.00    1.00    0.00    0.00    0.00    0.00    0.00    0.00   99.00
03:26:44 AM   33    0.99    0.00    0.00    0.00    0.00    0.00    0.00    0.00    0.00   99.01
03:26:44 AM   34    1.00    0.00    0.00    0.00    0.00    0.00    0.00    0.00    0.00   99.00
03:26:44 AM   35    0.00    0.00    0.00    0.00    0.00    0.00    0.00    0.00    0.00  100.00

03:26:44 AM  CPU    %usr   %nice    %sys %iowait    %irq   %soft  %steal  %guest  %gnice   %idle
03:26:45 AM  all    1.54    0.00    2.60    0.03    0.00    0.14    0.00    0.00    0.00   95.69
03:26:45 AM    0    0.97    0.00    0.97    0.00    0.00    4.85    0.00    0.00    0.00   93.20
03:26:45 AM    1    0.99    0.00    1.98    0.00    0.00    0.00    0.00    0.00    0.00   97.03
03:26:45 AM    2    1.00    0.00    1.00    1.00    0.00    0.00    0.00    0.00    0.00   97.00
03:26:45 AM    3    0.00    0.00    0.00    0.00    0.00    0.00    0.00    0.00    0.00  100.00
03:26:45 AM    4    2.00    0.00    0.00    0.00    0.00    0.00    0.00    0.00    0.00   98.00
03:26:45 AM    5    1.01    0.00    1.01    0.00    0.00    0.00    0.00    0.00    0.00   97.98
03:26:45 AM    6    0.00    0.00    0.00    0.00    0.00    0.00    0.00    0.00    0.00  100.00
03:26:45 AM    7    1.01    0.00    0.00    0.00    0.00    0.00    0.00    0.00    0.00   98.99
03:26:45 AM    8    1.01    0.00    0.00    0.00    0.00    0.00    0.00    0.00    0.00   98.99
03:26:45 AM    9    1.96    0.00    1.96    0.00    0.00    0.00    0.00    0.00    0.00   96.08
03:26:45 AM   10    1.00    0.00    0.00    0.00    0.00    0.00    0.00    0.00    0.00   99.00
03:26:45 AM   11    1.01    0.00    0.00    0.00    0.00    0.00    0.00    0.00    0.00   98.99
03:26:45 AM   12    1.00    0.00    1.00    0.00    0.00    0.00    0.00    0.00    0.00   98.00
03:26:45 AM   13    0.99    0.00    0.99    0.00    0.00    0.00    0.00    0.00    0.00   98.02
03:26:45 AM   14    1.01    0.00    0.00    0.00    0.00    0.00    0.00    0.00    0.00   98.99
03:26:45 AM   15    1.01    0.00    0.00    0.00    0.00    0.00    0.00    0.00    0.00   98.99
03:26:45 AM   16    1.01    0.00    1.01    0.00    0.00    0.00    0.00    0.00    0.00   97.98
03:26:45 AM   17    0.00    0.00    0.00    0.00    0.00    0.00    0.00    0.00    0.00  100.00
03:26:45 AM   18   13.19    0.00   38.46    0.00    0.00    0.00    0.00    0.00    0.00   48.35
03:26:45 AM   19   20.00    0.00   42.11    0.00    0.00    0.00    0.00    0.00    0.00   37.89
03:26:45 AM   20    0.00    0.00    1.00    0.00    0.00    0.00    0.00    0.00    0.00   99.00
03:26:45 AM   21    1.00    0.00    0.00    0.00    0.00    0.00    0.00    0.00    0.00   99.00
03:26:45 AM   22    0.00    0.00    1.00    0.00    0.00    0.00    0.00    0.00    0.00   99.00
03:26:45 AM   23    0.00    0.00    0.00    0.00    0.00    0.00    0.00    0.00    0.00  100.00
03:26:45 AM   24    0.00    0.00    0.00    0.00    0.00    0.00    0.00    0.00    0.00  100.00
03:26:45 AM   25    0.00    0.00    0.00    0.00    0.00    0.00    0.00    0.00    0.00  100.00
03:26:45 AM   26    0.00    0.00    1.01    0.00    0.00    0.00    0.00    0.00    0.00   98.99
03:26:45 AM   27    1.00    0.00    1.00    0.00    0.00    0.00    0.00    0.00    0.00   98.00
03:26:45 AM   28    0.00    0.00    0.00    0.00    0.00    0.00    0.00    0.00    0.00  100.00
03:26:45 AM   29    1.00    0.00    0.00    0.00    0.00    0.00    0.00    0.00    0.00   99.00
03:26:45 AM   30    0.99    0.00    0.00    0.00    0.00    0.00    0.00    0.00    0.00   99.01
03:26:45 AM   31    0.00    0.00    0.00    0.00    0.00    0.00    0.00    0.00    0.00  100.00
03:26:45 AM   32    2.00    0.00    2.00    0.00    0.00    0.00    0.00    0.00    0.00   96.00
03:26:45 AM   33    0.00    0.00    1.00    0.00    0.00    0.00    0.00    0.00    0.00   99.00
03:26:45 AM   34    0.00    0.00    0.00    0.00    0.00    0.00    0.00    0.00    0.00  100.00
03:26:45 AM   35    1.00    0.00    1.00    0.00    0.00    0.00    0.00    0.00    0.00   98.00

03:26:45 AM  CPU    %usr   %nice    %sys %iowait    %irq   %soft  %steal  %guest  %gnice   %idle
03:26:46 AM  all    1.55    0.00    2.53    0.00    0.00    0.11    0.00    0.00    0.00   95.81
03:26:46 AM    0    1.03    0.00    7.22    0.00    0.00    2.06    0.00    0.00    0.00   89.69
03:26:46 AM    1    0.00    0.00    0.00    0.00    0.00    2.02    0.00    0.00    0.00   97.98
03:26:46 AM    2    1.01    0.00    0.00    0.00    0.00    0.00    0.00    0.00    0.00   98.99
03:26:46 AM    3    1.01    0.00    0.00    0.00    0.00    0.00    0.00    0.00    0.00   98.99
03:26:46 AM    4    2.02    0.00    0.00    0.00    0.00    0.00    0.00    0.00    0.00   97.98
03:26:46 AM    5    0.00    0.00    0.00    0.00    0.00    0.00    0.00    0.00    0.00  100.00
03:26:46 AM    6    1.01    0.00    0.00    0.00    0.00    0.00    0.00    0.00    0.00   98.99
03:26:46 AM    7    1.00    0.00    0.00    0.00    0.00    0.00    0.00    0.00    0.00   99.00
03:26:46 AM    8    2.97    0.00    0.00    0.00    0.00    0.00    0.00    0.00    0.00   97.03
03:26:46 AM    9    0.00    0.00    1.02    0.00    0.00    0.00    0.00    0.00    0.00   98.98
03:26:46 AM   10    2.00    0.00    0.00    0.00    0.00    0.00    0.00    0.00    0.00   98.00
03:26:46 AM   11    0.00    0.00    0.00    0.00    0.00    0.00    0.00    0.00    0.00  100.00
03:26:46 AM   12    1.01    0.00    0.00    0.00    0.00    0.00    0.00    0.00    0.00   98.99
03:26:46 AM   13    1.01    0.00    0.00    0.00    0.00    0.00    0.00    0.00    0.00   98.99
03:26:46 AM   14    1.96    0.00    0.98    0.00    0.00    0.00    0.00    0.00    0.00   97.06
03:26:46 AM   15    2.97    0.00    0.00    0.00    0.00    0.00    0.00    0.00    0.00   97.03
03:26:46 AM   16    2.00    0.00    1.00    0.00    0.00    0.00    0.00    0.00    0.00   97.00
03:26:46 AM   17    0.99    0.00    0.99    0.00    0.00    0.00    0.00    0.00    0.00   98.02
03:26:46 AM   18   17.44    0.00   32.56    0.00    0.00    0.00    0.00    0.00    0.00   50.00
03:26:46 AM   19   10.75    0.00   51.61    0.00    0.00    0.00    0.00    0.00    0.00   37.63
03:26:46 AM   20    1.00    0.00    0.00    0.00    0.00    0.00    0.00    0.00    0.00   99.00
03:26:46 AM   21    0.00    0.00    0.00    0.00    0.00    0.00    0.00    0.00    0.00  100.00
03:26:46 AM   22    0.00    0.00    0.00    0.00    0.00    0.00    0.00    0.00    0.00  100.00
03:26:46 AM   23    0.00    0.00    0.00    0.00    0.00    0.00    0.00    0.00    0.00  100.00
03:26:46 AM   24    0.00    0.00    1.00    0.00    0.00    0.00    0.00    0.00    0.00   99.00
03:26:46 AM   25    0.99    0.00    0.99    0.00    0.00    0.00    0.00    0.00    0.00   98.02
03:26:46 AM   26    1.00    0.00    0.00    0.00    0.00    0.00    0.00    0.00    0.00   99.00
03:26:46 AM   27    0.00    0.00    0.00    0.00    0.00    0.00    0.00    0.00    0.00  100.00
03:26:46 AM   28    1.01    0.00    0.00    0.00    0.00    0.00    0.00    0.00    0.00   98.99
03:26:46 AM   29    0.00    0.00    0.00    0.00    0.00    0.00    0.00    0.00    0.00  100.00
03:26:46 AM   30    1.00    0.00    0.00    0.00    0.00    0.00    0.00    0.00    0.00   99.00
03:26:46 AM   31    0.00    0.00    0.00    0.00    0.00    0.00    0.00    0.00    0.00  100.00
03:26:46 AM   32    2.00    0.00    1.00    0.00    0.00    0.00    0.00    0.00    0.00   97.00
03:26:46 AM   33    0.00    0.00    0.00    0.00    0.00    0.00    0.00    0.00    0.00  100.00
03:26:46 AM   34    0.00    0.00    0.00    0.00    0.00    0.00    0.00    0.00    0.00  100.00
03:26:46 AM   35    1.00    0.00    0.00    0.00    0.00    0.00    0.00    0.00    0.00   99.00

03:26:46 AM  CPU    %usr   %nice    %sys %iowait    %irq   %soft  %steal  %guest  %gnice   %idle
03:26:47 AM  all    1.59    0.11    2.63    0.11    0.00    0.11    0.00    0.00    0.00   95.45
03:26:47 AM    0    1.94    0.00    0.97    0.00    0.00    3.88    0.00    0.00    0.00   93.20
03:26:47 AM    1    1.00    0.00    1.00    0.00    0.00    0.00    0.00    0.00    0.00   98.00
03:26:47 AM    2    2.00    0.00    0.00    0.00    0.00    0.00    0.00    0.00    0.00   98.00
03:26:47 AM    3    1.01    0.00    0.00    0.00    0.00    0.00    0.00    0.00    0.00   98.99
03:26:47 AM    4    0.00    0.00    1.01    0.00    0.00    0.00    0.00    0.00    0.00   98.99
03:26:47 AM    5    1.00    0.00    0.00    0.00    0.00    0.00    0.00    0.00    0.00   99.00
03:26:47 AM    6    2.02    0.00    7.07    1.01    0.00    0.00    0.00    0.00    0.00   89.90
03:26:47 AM    7    1.00    0.00    1.00    0.00    0.00    0.00    0.00    0.00    0.00   98.00
03:26:47 AM    8    1.01    0.00    0.00    0.00    0.00    0.00    0.00    0.00    0.00   98.99
03:26:47 AM    9    1.98    0.00    0.00    0.00    0.00    0.00    0.00    0.00    0.00   98.02
03:26:47 AM   10    1.01    1.01    0.00    1.01    0.00    0.00    0.00    0.00    0.00   96.97
03:26:47 AM   11    1.96    0.98    0.00    0.98    0.00    0.00    0.00    0.00    0.00   96.08
03:26:47 AM   12    0.99    0.99    0.99    0.00    0.00    0.00    0.00    0.00    0.00   97.03
03:26:47 AM   13    1.00    0.00    1.00    0.00    0.00    0.00    0.00    0.00    0.00   98.00
03:26:47 AM   14    0.00    0.00    0.00    0.00    0.00    0.00    0.00    0.00    0.00  100.00
03:26:47 AM   15    0.00    0.00    0.00    0.00    0.00    0.00    0.00    0.00    0.00  100.00
03:26:47 AM   16    1.00    1.00    1.00    0.00    0.00    0.00    0.00    0.00    0.00   97.00
03:26:47 AM   17    1.00    0.00    1.00    1.00    0.00    0.00    0.00    0.00    0.00   97.00
03:26:47 AM   18   15.73    0.00   35.96    0.00    0.00    0.00    0.00    0.00    0.00   48.31
03:26:47 AM   19   16.67    0.00   45.83    0.00    0.00    0.00    0.00    0.00    0.00   37.50
03:26:47 AM   20    0.00    0.00    0.00    0.00    0.00    0.00    0.00    0.00    0.00  100.00
03:26:47 AM   21    0.00    0.00    0.99    0.00    0.00    0.00    0.00    0.00    0.00   99.01
03:26:47 AM   22    1.00    0.00    0.00    0.00    0.00    0.00    0.00    0.00    0.00   99.00
03:26:47 AM   23    1.00    0.00    0.00    0.00    0.00    0.00    0.00    0.00    0.00   99.00
03:26:47 AM   24    1.00    0.00    0.00    0.00    0.00    0.00    0.00    0.00    0.00   99.00
03:26:47 AM   25    0.00    0.00    0.00    0.00    0.00    0.00    0.00    0.00    0.00  100.00
03:26:47 AM   26    0.00    0.00    0.00    0.00    0.00    0.00    0.00    0.00    0.00  100.00
03:26:47 AM   27    0.00    0.00    0.00    0.00    0.00    0.00    0.00    0.00    0.00  100.00
03:26:47 AM   28    0.00    0.00    0.00    0.00    0.00    0.00    0.00    0.00    0.00  100.00
03:26:47 AM   29    0.00    0.00    0.00    0.00    0.00    0.00    0.00    0.00    0.00  100.00
03:26:47 AM   30    1.00    0.00    0.00    0.00    0.00    0.00    0.00    0.00    0.00   99.00
03:26:47 AM   31    0.00    0.00    0.00    0.00    0.00    0.00    0.00    0.00    0.00  100.00
03:26:47 AM   32    0.99    0.00    0.99    0.00    0.00    0.00    0.00    0.00    0.00   98.02
03:26:47 AM   33    0.99    0.00    0.99    0.00    0.00    0.00    0.00    0.00    0.00   98.02
03:26:47 AM   34    1.00    0.00    0.00    0.00    0.00    0.00    0.00    0.00    0.00   99.00
03:26:47 AM   35    0.00    0.00    0.00    0.00    0.00    0.00    0.00    0.00    0.00  100.00

Average:     CPU    %usr   %nice    %sys %iowait    %irq   %soft  %steal  %guest  %gnice   %idle
Average:     all    1.47    0.03    2.57    0.06    0.00    0.12    0.00    0.00    0.00   95.76
Average:       0    1.49    0.20    3.07    0.30    0.00    3.37    0.00    0.00    0.00   91.58
Average:       1    0.90    0.00    0.50    0.10    0.00    0.50    0.00    0.00    0.00   97.99
Average:       2    1.20    0.00    0.40    0.10    0.00    0.00    0.00    0.00    0.00   98.29
Average:       3    1.01    0.00    0.40    0.20    0.00    0.00    0.00    0.00    0.00   98.39
Average:       4    1.11    0.00    0.30    0.00    0.00    0.00    0.00    0.00    0.00   98.59
Average:       5    0.50    0.10    0.60    0.00    0.00    0.10    0.00    0.00    0.00   98.69
Average:       6    1.51    0.00    2.31    0.20    0.00    0.00    0.00    0.00    0.00   95.98
Average:       7    0.81    0.00    0.30    0.00    0.00    0.00    0.00    0.00    0.00   98.89
Average:       8    0.90    0.00    0.40    0.10    0.00    0.00    0.00    0.00    0.00   98.59
Average:       9    1.20    0.00    0.90    0.00    0.00    0.10    0.00    0.00    0.00   97.79
Average:      10    0.80    0.10    0.40    0.10    0.00    0.00    0.00    0.00    0.00   98.59
Average:      11    0.60    0.10    0.30    0.10    0.00    0.00    0.00    0.00    0.00   98.89
Average:      12    0.40    0.20    0.40    0.00    0.00    0.00    0.00    0.00    0.00   98.99
Average:      13    0.40    0.00    0.70    0.10    0.00    0.00    0.00    0.00    0.00   98.80
Average:      14    0.70    0.00    0.40    0.00    0.00    0.00    0.00    0.00    0.00   98.89
Average:      15    0.91    0.00    0.20    0.00    0.00    0.00    0.00    0.00    0.00   98.89
Average:      16    0.91    0.20    0.60    0.00    0.00    0.00    0.00    0.00    0.00   98.29
Average:      17    0.50    0.00    0.40    0.10    0.00    0.00    0.00    0.00    0.00   98.99
Average:      18   14.35    0.00   34.44    0.00    0.00    0.00    0.00    0.00    0.00   51.21
Average:      19   14.56    0.00   43.88    0.00    0.00    0.00    0.00    0.00    0.00   41.56
Average:      20    0.50    0.00    0.40    0.00    0.00    0.00    0.00    0.00    0.00   99.09
Average:      21    0.70    0.00    0.50    0.10    0.00    0.00    0.00    0.00    0.00   98.70
Average:      22    0.40    0.00    0.61    0.00    0.00    0.00    0.00    0.00    0.00   98.99
Average:      23    0.70    0.00    0.50    0.00    0.00    0.00    0.00    0.00    0.00   98.79
Average:      24    0.70    0.00    0.50    0.10    0.00    0.00    0.00    0.00    0.00   98.69
Average:      25    0.70    0.00    0.60    0.10    0.00    0.10    0.00    0.00    0.00   98.49
Average:      26    0.50    0.00    0.40    0.00    0.00    0.00    0.00    0.00    0.00   99.10
Average:      27    0.20    0.00    0.30    0.00    0.00    0.00    0.00    0.00    0.00   99.50
Average:      28    0.50    0.00    0.10    0.00    0.00    0.10    0.00    0.00    0.00   99.29
Average:      29    0.60    0.00    0.20    0.10    0.00    0.00    0.00    0.00    0.00   99.09
Average:      30    0.70    0.00    0.10    0.00    0.00    0.00    0.00    0.00    0.00   99.20
Average:      31    0.40    0.00    0.20    0.00    0.00    0.00    0.00    0.00    0.00   99.40
Average:      32    1.10    0.00    0.60    0.00    0.00    0.10    0.00    0.00    0.00   98.19
Average:      33    0.70    0.00    0.60    0.00    0.00    0.00    0.00    0.00    0.00   98.70
Average:      34    0.70    0.00    0.20    0.00    0.00    0.00    0.00    0.00    0.00   99.09
Average:      35    0.70    0.00    0.40    0.20    0.00    0.00    0.00    0.00    0.00   98.69
