Linux 5.15.0-186-generic (rapids4) 	07/28/2026 	_x86_64_	(36 CPU)

03:25:31 AM  CPU    %usr   %nice    %sys %iowait    %irq   %soft  %steal  %guest  %gnice   %idle
03:25:32 AM  all    1.04    0.00    0.87    0.06    0.00    0.03    0.00    0.00    0.00   98.01
03:25:32 AM    0    1.00    0.00    1.00    0.00    0.00    0.00    0.00    0.00    0.00   98.00
03:25:32 AM    1    1.01    0.00    0.00    0.00    0.00    0.00    0.00    0.00    0.00   98.99
03:25:32 AM    2    1.98    0.00    0.99    0.00    0.00    0.00    0.00    0.00    0.00   97.03
03:25:32 AM    3    2.00    0.00    1.00    0.00    0.00    0.00    0.00    0.00    0.00   97.00
03:25:32 AM    4    1.01    0.00    0.00    0.00    0.00    0.00    0.00    0.00    0.00   98.99
03:25:32 AM    5    1.00    0.00    1.00    0.00    0.00    0.00    0.00    0.00    0.00   98.00
03:25:32 AM    6    0.99    0.00    0.99    0.00    0.00    0.00    0.00    0.00    0.00   98.02
03:25:32 AM    7    1.00    0.00    0.00    0.00    0.00    0.00    0.00    0.00    0.00   99.00
03:25:32 AM    8    2.00    0.00    1.00    0.00    0.00    0.00    0.00    0.00    0.00   97.00
03:25:32 AM    9    2.00    0.00    1.00    0.00    0.00    0.00    0.00    0.00    0.00   97.00
03:25:32 AM   10    1.01    0.00    0.00    0.00    0.00    0.00    0.00    0.00    0.00   98.99
03:25:32 AM   11    1.00    0.00    1.00    0.00    0.00    0.00    0.00    0.00    0.00   98.00
03:25:32 AM   12    0.00    0.00    0.00    0.00    0.00    0.00    0.00    0.00    0.00  100.00
03:25:32 AM   13    1.02    0.00    6.12    0.00    0.00    0.00    0.00    0.00    0.00   92.86
03:25:32 AM   14    1.01    0.00    0.00    0.00    0.00    0.00    0.00    0.00    0.00   98.99
03:25:32 AM   15    1.01    0.00    0.00    0.00    0.00    0.00    0.00    0.00    0.00   98.99
03:25:32 AM   16    1.98    0.00    0.99    0.00    0.00    0.00    0.00    0.00    0.00   97.03
03:25:32 AM   17    1.01    0.00    0.00    0.00    0.00    0.00    0.00    0.00    0.00   98.99
03:25:32 AM   18    3.03    0.00    6.06    0.00    0.00    0.00    0.00    0.00    0.00   90.91
03:25:32 AM   19    2.06    0.00    7.22    0.00    0.00    0.00    0.00    0.00    0.00   90.72
03:25:32 AM   20    0.00    0.00    0.00    0.00    0.00    0.00    0.00    0.00    0.00  100.00
03:25:32 AM   21    0.00    0.00    0.00    0.00    0.00    0.00    0.00    0.00    0.00  100.00
03:25:32 AM   22    1.00    0.00    0.00    0.00    0.00    0.00    0.00    0.00    0.00   99.00
03:25:32 AM   23    0.00    0.00    0.00    0.00    0.00    0.00    0.00    0.00    0.00  100.00
03:25:32 AM   24    3.00    0.00    1.00    0.00    0.00    0.00    0.00    0.00    0.00   96.00
03:25:32 AM   25    0.00    0.00    0.00    0.00    0.00    0.00    0.00    0.00    0.00  100.00
03:25:32 AM   26    1.01    0.00    0.00    0.00    0.00    0.00    0.00    0.00    0.00   98.99
03:25:32 AM   27    0.99    0.00    0.00    0.99    0.00    0.99    0.00    0.00    0.00   97.03
03:25:32 AM   28    1.01    0.00    1.01    0.00    0.00    0.00    0.00    0.00    0.00   97.98
03:25:32 AM   29    0.00    0.00    0.00    0.00    0.00    0.00    0.00    0.00    0.00  100.00
03:25:32 AM   30    2.00    0.00    1.00    0.00    0.00    0.00    0.00    0.00    0.00   97.00
03:25:32 AM   31    1.01    0.00    0.00    0.00    0.00    0.00    0.00    0.00    0.00   98.99
03:25:32 AM   32    0.00    0.00    0.00    0.00    0.00    0.00    0.00    0.00    0.00  100.00
03:25:32 AM   33    0.00    0.00    0.00    1.02    0.00    0.00    0.00    0.00    0.00   98.98
03:25:32 AM   34    0.00    0.00    0.00    0.00    0.00    0.00    0.00    0.00    0.00  100.00
03:25:32 AM   35    0.00    0.00    0.00    0.00    0.00    0.00    0.00    0.00    0.00  100.00

03:25:32 AM  CPU    %usr   %nice    %sys %iowait    %irq   %soft  %steal  %guest  %gnice   %idle
03:25:33 AM  all    1.68    0.03    1.21    0.03    0.00    0.03    0.00    0.00    0.00   97.03
03:25:33 AM    0    0.00    0.00    0.00    0.00    0.00    0.00    0.00    0.00    0.00  100.00
03:25:33 AM    1    1.98    0.00    0.99    0.00    0.00    0.00    0.00    0.00    0.00   97.03
03:25:33 AM    2    2.00    0.00    1.00    0.00    0.00    0.00    0.00    0.00    0.00   97.00
03:25:33 AM    3    2.02    0.00    0.00    0.00    0.00    0.00    0.00    0.00    0.00   97.98
03:25:33 AM    4    2.00    0.00    1.00    0.00    0.00    0.00    0.00    0.00    0.00   97.00
03:25:33 AM    5    2.00    1.00    1.00    0.00    0.00    0.00    0.00    0.00    0.00   96.00
03:25:33 AM    6    3.96    0.00    0.99    0.00    0.00    0.00    0.00    0.00    0.00   95.05
03:25:33 AM    7    2.02    0.00    0.00    1.01    0.00    0.00    0.00    0.00    0.00   96.97
03:25:33 AM    8    3.00    0.00    0.00    0.00    0.00    0.00    0.00    0.00    0.00   97.00
03:25:33 AM    9    2.04    0.00    1.02    0.00    0.00    0.00    0.00    0.00    0.00   96.94
03:25:33 AM   10    4.90    0.00    0.98    0.00    0.00    0.00    0.00    0.00    0.00   94.12
03:25:33 AM   11    1.02    0.00    0.00    0.00    0.00    0.00    0.00    0.00    0.00   98.98
03:25:33 AM   12    8.08    0.00    0.00    0.00    0.00    0.00    0.00    0.00    0.00   91.92
03:25:33 AM   13    3.03    0.00    6.06    0.00    0.00    1.01    0.00    0.00    0.00   89.90
03:25:33 AM   14    2.00    0.00    0.00    0.00    0.00    0.00    0.00    0.00    0.00   98.00
03:25:33 AM   15    1.01    0.00    1.01    0.00    0.00    0.00    0.00    0.00    0.00   97.98
03:25:33 AM   16    2.00    0.00    1.00    0.00    0.00    0.00    0.00    0.00    0.00   97.00
03:25:33 AM   17    2.97    0.00    1.98    0.00    0.00    0.00    0.00    0.00    0.00   95.05
03:25:33 AM   18    5.21    0.00   10.42    0.00    0.00    0.00    0.00    0.00    0.00   84.38
03:25:33 AM   19    5.49    0.00   14.29    0.00    0.00    0.00    0.00    0.00    0.00   80.22
03:25:33 AM   20    0.00    0.00    0.00    0.00    0.00    0.00    0.00    0.00    0.00  100.00
03:25:33 AM   21    0.00    0.00    0.00    0.00    0.00    0.00    0.00    0.00    0.00  100.00
03:25:33 AM   22    1.01    0.00    0.00    0.00    0.00    0.00    0.00    0.00    0.00   98.99
03:25:33 AM   23    0.00    0.00    1.00    0.00    0.00    0.00    0.00    0.00    0.00   99.00
03:25:33 AM   24    0.00    0.00    0.00    0.00    0.00    0.00    0.00    0.00    0.00  100.00
03:25:33 AM   25    0.00    0.00    1.00    0.00    0.00    0.00    0.00    0.00    0.00   99.00
03:25:33 AM   26    0.00    0.00    0.00    0.00    0.00    0.00    0.00    0.00    0.00  100.00
03:25:33 AM   27    0.00    0.00    0.00    0.00    0.00    0.00    0.00    0.00    0.00  100.00
03:25:33 AM   28    0.00    0.00    0.00    0.00    0.00    0.00    0.00    0.00    0.00  100.00
03:25:33 AM   29    0.00    0.00    0.00    0.00    0.00    0.00    0.00    0.00    0.00  100.00
03:25:33 AM   30    0.00    0.00    0.00    0.00    0.00    0.00    0.00    0.00    0.00  100.00
03:25:33 AM   31    1.01    0.00    0.00    0.00    0.00    0.00    0.00    0.00    0.00   98.99
03:25:33 AM   32    0.00    0.00    0.00    0.00    0.00    0.00    0.00    0.00    0.00  100.00
03:25:33 AM   33    1.00    0.00    0.00    0.00    0.00    0.00    0.00    0.00    0.00   99.00
03:25:33 AM   34    0.00    0.00    1.00    0.00    0.00    0.00    0.00    0.00    0.00   99.00
03:25:33 AM   35    1.00    0.00    0.00    0.00    0.00    0.00    0.00    0.00    0.00   99.00

03:25:33 AM  CPU    %usr   %nice    %sys %iowait    %irq   %soft  %steal  %guest  %gnice   %idle
03:25:34 AM  all    0.95    0.03    0.95    0.14    0.00    0.11    0.00    0.00    0.00   97.82
03:25:34 AM    0    1.01    0.00    1.01    0.00    0.00    0.00    0.00    0.00    0.00   97.98
03:25:34 AM    1    1.00    0.00    1.00    0.00    0.00    1.00    0.00    0.00    0.00   97.00
03:25:34 AM    2    2.00    0.00    0.00    0.00    0.00    0.00    0.00    0.00    0.00   98.00
03:25:34 AM    3    1.98    0.00    0.99    0.00    0.00    0.00    0.00    0.00    0.00   97.03
03:25:34 AM    4    0.00    0.00    1.00    0.00    0.00    0.00    0.00    0.00    0.00   99.00
03:25:34 AM    5    1.98    0.00    0.00    0.00    0.00    0.99    0.00    0.00    0.00   97.03
03:25:34 AM    6    2.00    0.00    1.00    0.00    0.00    0.00    0.00    0.00    0.00   97.00
03:25:34 AM    7    1.00    0.00    0.00    1.00    0.00    0.00    0.00    0.00    0.00   98.00
03:25:34 AM    8    1.00    0.00    0.00    1.00    0.00    0.00    0.00    0.00    0.00   98.00
03:25:34 AM    9    1.00    0.00    1.00    0.00    0.00    0.00    0.00    0.00    0.00   98.00
03:25:34 AM   10    1.01    0.00    0.00    0.00    0.00    0.00    0.00    0.00    0.00   98.99
03:25:34 AM   11    0.00    0.00    0.00    0.00    0.00    0.00    0.00    0.00    0.00  100.00
03:25:34 AM   12    1.98    0.00    0.00    0.99    0.00    0.00    0.00    0.00    0.00   97.03
03:25:34 AM   13    0.00    0.00    0.00    0.00    0.00    0.00    0.00    0.00    0.00  100.00
03:25:34 AM   14    0.00    0.00    0.00    0.00    0.00    1.01    0.00    0.00    0.00   98.99
03:25:34 AM   15    2.97    0.00    0.00    0.00    0.00    0.00    0.00    0.00    0.00   97.03
03:25:34 AM   16    0.00    0.00    0.00    0.00    0.00    0.00    0.00    0.00    0.00  100.00
03:25:34 AM   17    0.00    1.00    0.00    1.00    0.00    0.00    0.00    0.00    0.00   98.00
03:25:34 AM   18    3.19    0.00   11.70    0.00    0.00    0.00    0.00    0.00    0.00   85.11
03:25:34 AM   19    4.44    0.00   15.56    0.00    0.00    0.00    0.00    0.00    0.00   80.00
03:25:34 AM   20    0.99    0.00    0.00    0.00    0.00    0.00    0.00    0.00    0.00   99.01
03:25:34 AM   21    0.00    0.00    0.00    0.00    0.00    0.00    0.00    0.00    0.00  100.00
03:25:34 AM   22    0.99    0.00    0.99    0.00    0.00    0.00    0.00    0.00    0.00   98.02
03:25:34 AM   23    0.00    0.00    0.00    0.00    0.00    0.00    0.00    0.00    0.00  100.00
03:25:34 AM   24    0.00    0.00    0.00    0.00    0.00    0.00    0.00    0.00    0.00  100.00
03:25:34 AM   25    0.00    0.00    0.00    0.00    0.00    0.00    0.00    0.00    0.00  100.00
03:25:34 AM   26    0.00    0.00    0.00    0.00    0.00    1.00    0.00    0.00    0.00   99.00
03:25:34 AM   27    1.00    0.00    0.00    0.00    0.00    0.00    0.00    0.00    0.00   99.00
03:25:34 AM   28    1.01    0.00    0.00    0.00    0.00    0.00    0.00    0.00    0.00   98.99
03:25:34 AM   29    1.01    0.00    0.00    1.01    0.00    0.00    0.00    0.00    0.00   97.98
03:25:34 AM   30    0.00    0.00    0.00    0.00    0.00    0.00    0.00    0.00    0.00  100.00
03:25:34 AM   31    0.00    0.00    0.00    0.00    0.00    0.00    0.00    0.00    0.00  100.00
03:25:34 AM   32    0.00    0.00    0.00    0.00    0.00    0.00    0.00    0.00    0.00  100.00
03:25:34 AM   33    0.00    0.00    1.00    0.00    0.00    0.00    0.00    0.00    0.00   99.00
03:25:34 AM   34    1.98    0.00    0.00    0.00    0.00    0.00    0.00    0.00    0.00   98.02
03:25:34 AM   35    0.99    0.00    0.99    0.00    0.00    0.00    0.00    0.00    0.00   98.02

03:25:34 AM  CPU    %usr   %nice    %sys %iowait    %irq   %soft  %steal  %guest  %gnice   %idle
03:25:35 AM  all    0.84    0.03    1.07    0.00    0.00    0.03    0.00    0.00    0.00   98.03
03:25:35 AM    0    2.00    1.00    1.00    0.00    0.00    1.00    0.00    0.00    0.00   95.00
03:25:35 AM    1    0.00    0.00    0.00    0.00    0.00    0.00    0.00    0.00    0.00  100.00
03:25:35 AM    2    0.00    0.00    0.00    0.00    0.00    0.00    0.00    0.00    0.00  100.00
03:25:35 AM    3    1.98    0.00    0.99    0.00    0.00    0.00    0.00    0.00    0.00   97.03
03:25:35 AM    4    0.00    0.00    0.00    0.00    0.00    0.00    0.00    0.00    0.00  100.00
03:25:35 AM    5    0.00    0.00    0.00    0.00    0.00    0.00    0.00    0.00    0.00  100.00
03:25:35 AM    6    0.99    0.00    1.98    0.00    0.00    0.00    0.00    0.00    0.00   97.03
03:25:35 AM    7    0.00    0.00    0.00    0.00    0.00    0.00    0.00    0.00    0.00  100.00
03:25:35 AM    8    1.01    0.00    0.00    0.00    0.00    0.00    0.00    0.00    0.00   98.99
03:25:35 AM    9    1.01    0.00    1.01    0.00    0.00    0.00    0.00    0.00    0.00   97.98
03:25:35 AM   10    0.00    0.00    0.00    0.00    0.00    0.00    0.00    0.00    0.00  100.00
03:25:35 AM   11    1.01    0.00    0.00    0.00    0.00    0.00    0.00    0.00    0.00   98.99
03:25:35 AM   12    1.01    0.00    0.00    0.00    0.00    0.00    0.00    0.00    0.00   98.99
03:25:35 AM   13    4.00    0.00    6.00    0.00    0.00    0.00    0.00    0.00    0.00   90.00
03:25:35 AM   14    0.00    0.00    0.00    0.00    0.00    0.00    0.00    0.00    0.00  100.00
03:25:35 AM   15    1.00    0.00    0.00    0.00    0.00    0.00    0.00    0.00    0.00   99.00
03:25:35 AM   16    1.00    0.00    0.00    0.00    0.00    0.00    0.00    0.00    0.00   99.00
03:25:35 AM   17    0.00    0.00    0.00    0.00    0.00    0.00    0.00    0.00    0.00  100.00
03:25:35 AM   18    3.16    0.00   12.63    0.00    0.00    0.00    0.00    0.00    0.00   84.21
03:25:35 AM   19    4.44    0.00   14.44    0.00    0.00    0.00    0.00    0.00    0.00   81.11
03:25:35 AM   20    0.00    0.00    0.00    0.00    0.00    0.00    0.00    0.00    0.00  100.00
03:25:35 AM   21    1.00    0.00    0.00    0.00    0.00    0.00    0.00    0.00    0.00   99.00
03:25:35 AM   22    0.00    0.00    1.01    0.00    0.00    0.00    0.00    0.00    0.00   98.99
03:25:35 AM   23    1.00    0.00    0.00    0.00    0.00    0.00    0.00    0.00    0.00   99.00
03:25:35 AM   24    0.00    0.00    0.00    0.00    0.00    0.00    0.00    0.00    0.00  100.00
03:25:35 AM   25    1.00    0.00    1.00    0.00    0.00    0.00    0.00    0.00    0.00   98.00
03:25:35 AM   26    1.00    0.00    0.00    0.00    0.00    0.00    0.00    0.00    0.00   99.00
03:25:35 AM   27    0.00    0.00    0.00    0.00    0.00    0.00    0.00    0.00    0.00  100.00
03:25:35 AM   28    1.00    0.00    0.00    0.00    0.00    0.00    0.00    0.00    0.00   99.00
03:25:35 AM   29    0.00    0.00    0.00    0.00    0.00    0.00    0.00    0.00    0.00  100.00
03:25:35 AM   30    1.00    0.00    0.00    0.00    0.00    0.00    0.00    0.00    0.00   99.00
03:25:35 AM   31    1.01    0.00    0.00    0.00    0.00    0.00    0.00    0.00    0.00   98.99
03:25:35 AM   32    1.01    0.00    0.00    0.00    0.00    0.00    0.00    0.00    0.00   98.99
03:25:35 AM   33    0.00    0.00    0.00    0.00    0.00    0.00    0.00    0.00    0.00  100.00
03:25:35 AM   34    0.00    0.00    0.00    0.00    0.00    0.00    0.00    0.00    0.00  100.00
03:25:35 AM   35    0.00    0.00    0.00    0.00    0.00    0.00    0.00    0.00    0.00  100.00

03:25:35 AM  CPU    %usr   %nice    %sys %iowait    %irq   %soft  %steal  %guest  %gnice   %idle
03:25:36 AM  all    1.18    0.00    1.20    0.03    0.00    0.00    0.00    0.00    0.00   97.59
03:25:36 AM    0    1.01    0.00    1.01    0.00    0.00    0.00    0.00    0.00    0.00   97.98
03:25:36 AM    1    1.00    0.00    0.00    0.00    0.00    0.00    0.00    0.00    0.00   99.00
03:25:36 AM    2    2.00    0.00    0.00    0.00    0.00    0.00    0.00    0.00    0.00   98.00
03:25:36 AM    3    3.00    0.00    0.00    1.00    0.00    0.00    0.00    0.00    0.00   96.00
03:25:36 AM    4    1.00    0.00    0.00    0.00    0.00    0.00    0.00    0.00    0.00   99.00
03:25:36 AM    5    2.02    0.00    2.02    0.00    0.00    0.00    0.00    0.00    0.00   95.96
03:25:36 AM    6    1.00    0.00    1.00    0.00    0.00    0.00    0.00    0.00    0.00   98.00
03:25:36 AM    7    2.00    0.00    0.00    0.00    0.00    0.00    0.00    0.00    0.00   98.00
03:25:36 AM    8    1.01    0.00    0.00    0.00    0.00    0.00    0.00    0.00    0.00   98.99
03:25:36 AM    9    2.00    0.00    0.00    0.00    0.00    0.00    0.00    0.00    0.00   98.00
03:25:36 AM   10    1.00    0.00    7.00    0.00    0.00    0.00    0.00    0.00    0.00   92.00
03:25:36 AM   11    1.01    0.00    0.00    0.00    0.00    0.00    0.00    0.00    0.00   98.99
03:25:36 AM   12    1.00    0.00    1.00    0.00    0.00    0.00    0.00    0.00    0.00   98.00
03:25:36 AM   13    1.98    0.00    0.00    0.00    0.00    0.00    0.00    0.00    0.00   98.02
03:25:36 AM   14    1.98    0.00    0.00    0.00    0.00    0.00    0.00    0.00    0.00   98.02
03:25:36 AM   15    1.00    0.00    0.00    0.00    0.00    0.00    0.00    0.00    0.00   99.00
03:25:36 AM   16    0.00    0.00    0.00    0.00    0.00    0.00    0.00    0.00    0.00  100.00
03:25:36 AM   17    1.01    0.00    0.00    0.00    0.00    0.00    0.00    0.00    0.00   98.99
03:25:36 AM   18    3.16    0.00   12.63    0.00    0.00    0.00    0.00    0.00    0.00   84.21
03:25:36 AM   19    3.33    0.00   15.56    0.00    0.00    0.00    0.00    0.00    0.00   81.11
03:25:36 AM   20    0.00    0.00    0.00    0.00    0.00    0.00    0.00    0.00    0.00  100.00
03:25:36 AM   21    1.00    0.00    1.00    0.00    0.00    0.00    0.00    0.00    0.00   98.00
03:25:36 AM   22    0.00    0.00    1.01    0.00    0.00    0.00    0.00    0.00    0.00   98.99
03:25:36 AM   23    2.02    0.00    1.01    0.00    0.00    0.00    0.00    0.00    0.00   96.97
03:25:36 AM   24    0.99    0.00    1.98    0.00    0.00    0.00    0.00    0.00    0.00   97.03
03:25:36 AM   25    0.00    0.00    0.00    0.00    0.00    0.00    0.00    0.00    0.00  100.00
03:25:36 AM   26    0.00    0.00    0.00    0.00    0.00    0.00    0.00    0.00    0.00  100.00
03:25:36 AM   27    0.00    0.00    0.00    0.00    0.00    0.00    0.00    0.00    0.00  100.00
03:25:36 AM   28    0.00    0.00    0.00    0.00    0.00    0.00    0.00    0.00    0.00  100.00
03:25:36 AM   29    1.00    0.00    0.00    0.00    0.00    0.00    0.00    0.00    0.00   99.00
03:25:36 AM   30    0.00    0.00    0.00    0.00    0.00    0.00    0.00    0.00    0.00  100.00
03:25:36 AM   31    1.00    0.00    0.00    0.00    0.00    0.00    0.00    0.00    0.00   99.00
03:25:36 AM   32    1.01    0.00    0.00    0.00    0.00    0.00    0.00    0.00    0.00   98.99
03:25:36 AM   33    1.98    0.00    0.00    0.00    0.00    0.00    0.00    0.00    0.00   98.02
03:25:36 AM   34    1.00    0.00    0.00    0.00    0.00    0.00    0.00    0.00    0.00   99.00
03:25:36 AM   35    1.01    0.00    0.00    0.00    0.00    0.00    0.00    0.00    0.00   98.99

03:25:36 AM  CPU    %usr   %nice    %sys %iowait    %irq   %soft  %steal  %guest  %gnice   %idle
03:25:37 AM  all    0.65    0.00    0.93    0.03    0.00    0.00    0.00    0.00    0.00   98.40
03:25:37 AM    0    0.00    0.00    0.00    0.00    0.00    0.00    0.00    0.00    0.00  100.00
03:25:37 AM    1    0.99    0.00    0.99    0.00    0.00    0.00    0.00    0.00    0.00   98.02
03:25:37 AM    2    0.00    0.00    0.00    0.00    0.00    0.00    0.00    0.00    0.00  100.00
03:25:37 AM    3    0.00    0.00    0.00    0.00    0.00    0.00    0.00    0.00    0.00  100.00
03:25:37 AM    4    1.01    0.00    0.00    0.00    0.00    0.00    0.00    0.00    0.00   98.99
03:25:37 AM    5    2.00    0.00    1.00    0.00    0.00    0.00    0.00    0.00    0.00   97.00
03:25:37 AM    6    1.00    0.00    0.00    0.00    0.00    0.00    0.00    0.00    0.00   99.00
03:25:37 AM    7    0.00    0.00    1.00    0.00    0.00    0.00    0.00    0.00    0.00   99.00
03:25:37 AM    8    0.00    0.00    1.01    0.00    0.00    0.00    0.00    0.00    0.00   98.99
03:25:37 AM    9    0.00    0.00    1.01    0.00    0.00    0.00    0.00    0.00    0.00   98.99
03:25:37 AM   10    1.02    0.00    0.00    0.00    0.00    0.00    0.00    0.00    0.00   98.98
03:25:37 AM   11    0.00    0.00    1.02    0.00    0.00    0.00    0.00    0.00    0.00   98.98
03:25:37 AM   12    2.00    0.00    0.00    0.00    0.00    0.00    0.00    0.00    0.00   98.00
03:25:37 AM   13    1.01    0.00    0.00    0.00    0.00    0.00    0.00    0.00    0.00   98.99
03:25:37 AM   14    0.00    0.00    1.01    0.00    0.00    0.00    0.00    0.00    0.00   98.99
03:25:37 AM   15    0.99    0.00    0.99    0.00    0.00    0.00    0.00    0.00    0.00   98.02
03:25:37 AM   16    0.00    0.00    0.00    0.00    0.00    0.00    0.00    0.00    0.00  100.00
03:25:37 AM   17    1.00    0.00    0.00    0.00    0.00    0.00    0.00    0.00    0.00   99.00
03:25:37 AM   18    1.09    0.00   11.96    0.00    0.00    0.00    0.00    0.00    0.00   86.96
03:25:37 AM   19    4.49    0.00   13.48    0.00    0.00    0.00    0.00    0.00    0.00   82.02
03:25:37 AM   20    0.99    0.00    0.00    0.00    0.00    0.00    0.00    0.00    0.00   99.01
03:25:37 AM   21    0.00    0.00    0.00    0.00    0.00    0.00    0.00    0.00    0.00  100.00
03:25:37 AM   22    1.98    0.00    0.00    0.00    0.00    0.00    0.00    0.00    0.00   98.02
03:25:37 AM   23    0.99    0.00    0.99    0.00    0.00    0.00    0.00    0.00    0.00   98.02
03:25:37 AM   24    0.00    0.00    0.00    0.00    0.00    0.00    0.00    0.00    0.00  100.00
03:25:37 AM   25    1.00    0.00    0.00    0.00    0.00    0.00    0.00    0.00    0.00   99.00
03:25:37 AM   26    0.00    0.00    0.00    0.00    0.00    0.00    0.00    0.00    0.00  100.00
03:25:37 AM   27    0.00    0.00    0.00    0.00    0.00    0.00    0.00    0.00    0.00  100.00
03:25:37 AM   28    0.00    0.00    0.00    0.00    0.00    0.00    0.00    0.00    0.00  100.00
03:25:37 AM   29    0.00    0.00    0.00    0.00    0.00    0.00    0.00    0.00    0.00  100.00
03:25:37 AM   30    0.99    0.00    0.00    0.00    0.00    0.00    0.00    0.00    0.00   99.01
03:25:37 AM   31    1.01    0.00    0.00    0.00    0.00    0.00    0.00    0.00    0.00   98.99
03:25:37 AM   32    0.00    0.00    0.00    0.00    0.00    0.00    0.00    0.00    0.00  100.00
03:25:37 AM   33    0.00    0.00    1.00    1.00    0.00    0.00    0.00    0.00    0.00   98.00
03:25:37 AM   34    0.00    0.00    0.00    0.00    0.00    0.00    0.00    0.00    0.00  100.00
03:25:37 AM   35    0.00    0.00    0.00    0.00    0.00    0.00    0.00    0.00    0.00  100.00

03:25:37 AM  CPU    %usr   %nice    %sys %iowait    %irq   %soft  %steal  %guest  %gnice   %idle
03:25:38 AM  all    0.95    0.03    1.35    0.11    0.00    0.00    0.00    0.00    0.00   97.56
03:25:38 AM    0    3.00    0.00    1.00    0.00    0.00    0.00    0.00    0.00    0.00   96.00
03:25:38 AM    1    1.00    0.00    1.00    0.00    0.00    0.00    0.00    0.00    0.00   98.00
03:25:38 AM    2    1.01    0.00    1.01    0.00    0.00    0.00    0.00    0.00    0.00   97.98
03:25:38 AM    3    1.98    0.00    0.99    0.00    0.00    0.00    0.00    0.00    0.00   97.03
03:25:38 AM    4    0.99    0.00    0.99    0.99    0.00    0.00    0.00    0.00    0.00   97.03
03:25:38 AM    5    0.00    0.99    1.98    0.00    0.00    0.00    0.00    0.00    0.00   97.03
03:25:38 AM    6    1.98    0.00    0.99    0.00    0.00    0.00    0.00    0.00    0.00   97.03
03:25:38 AM    7    1.02    0.00    0.00    0.00    0.00    0.00    0.00    0.00    0.00   98.98
03:25:38 AM    8    1.98    0.00    1.98    0.00    0.00    0.00    0.00    0.00    0.00   96.04
03:25:38 AM    9    0.00    0.00    0.00    0.00    0.00    0.00    0.00    0.00    0.00  100.00
03:25:38 AM   10    2.04    0.00    6.12    0.00    0.00    0.00    0.00    0.00    0.00   91.84
03:25:38 AM   11    1.01    0.00    0.00    0.00    0.00    0.00    0.00    0.00    0.00   98.99
03:25:38 AM   12    1.02    0.00    0.00    0.00    0.00    0.00    0.00    0.00    0.00   98.98
03:25:38 AM   13    1.00    0.00    1.00    1.00    0.00    0.00    0.00    0.00    0.00   97.00
03:25:38 AM   14    0.00    0.00    1.01    0.00    0.00    0.00    0.00    0.00    0.00   98.99
03:25:38 AM   15    0.00    0.00    1.01    1.01    0.00    0.00    0.00    0.00    0.00   97.98
03:25:38 AM   16    1.00    0.00    1.00    0.00    0.00    0.00    0.00    0.00    0.00   98.00
03:25:38 AM   17    0.00    0.00    0.00    0.00    0.00    0.00    0.00    0.00    0.00  100.00
03:25:38 AM   18    4.21    0.00   11.58    0.00    0.00    0.00    0.00    0.00    0.00   84.21
03:25:38 AM   19    6.67    0.00   12.22    0.00    0.00    0.00    0.00    0.00    0.00   81.11
03:25:38 AM   20    0.00    0.00    0.00    0.00    0.00    0.00    0.00    0.00    0.00  100.00
03:25:38 AM   21    0.00    0.00    0.00    0.00    0.00    0.00    0.00    0.00    0.00  100.00
03:25:38 AM   22    0.00    0.00    0.00    0.00    0.00    0.00    0.00    0.00    0.00  100.00
03:25:38 AM   23    0.00    0.00    0.00    0.00    0.00    0.00    0.00    0.00    0.00  100.00
03:25:38 AM   24    0.00    0.00    0.00    0.00    0.00    0.00    0.00    0.00    0.00  100.00
03:25:38 AM   25    0.00    0.00    1.00    0.00    0.00    0.00    0.00    0.00    0.00   99.00
03:25:38 AM   26    0.00    0.00    0.00    0.00    0.00    0.00    0.00    0.00    0.00  100.00
03:25:38 AM   27    0.00    0.00    1.98    0.00    0.00    0.00    0.00    0.00    0.00   98.02
03:25:38 AM   28    1.00    0.00    0.00    1.00    0.00    0.00    0.00    0.00    0.00   98.00
03:25:38 AM   29    1.00    0.00    1.00    0.00    0.00    0.00    0.00    0.00    0.00   98.00
03:25:38 AM   30    0.00    0.00    0.00    0.00    0.00    0.00    0.00    0.00    0.00  100.00
03:25:38 AM   31    0.00    0.00    0.00    0.00    0.00    0.00    0.00    0.00    0.00  100.00
03:25:38 AM   32    0.00    0.00    1.00    0.00    0.00    0.00    0.00    0.00    0.00   99.00
03:25:38 AM   33    2.00    0.00    0.00    0.00    0.00    0.00    0.00    0.00    0.00   98.00
03:25:38 AM   34    0.00    0.00    0.00    0.00    0.00    0.00    0.00    0.00    0.00  100.00
03:25:38 AM   35    1.01    0.00    1.01    0.00    0.00    0.00    0.00    0.00    0.00   97.98

03:25:38 AM  CPU    %usr   %nice    %sys %iowait    %irq   %soft  %steal  %guest  %gnice   %idle
03:25:39 AM  all    0.64    0.00    0.81    0.08    0.00    0.03    0.00    0.00    0.00   98.43
03:25:39 AM    0    1.02    0.00    0.00    0.00    0.00    0.00    0.00    0.00    0.00   98.98
03:25:39 AM    1    1.01    0.00    0.00    0.00    0.00    0.00    0.00    0.00    0.00   98.99
03:25:39 AM    2    0.00    0.00    0.00    0.00    0.00    0.00    0.00    0.00    0.00  100.00
03:25:39 AM    3    1.01    0.00    0.00    0.00    0.00    0.00    0.00    0.00    0.00   98.99
03:25:39 AM    4    1.00    0.00    1.00    0.00    0.00    0.00    0.00    0.00    0.00   98.00
03:25:39 AM    5    0.97    0.00    0.97    0.97    0.00    0.97    0.00    0.00    0.00   96.12
03:25:39 AM    6    0.00    0.00    1.01    1.01    0.00    0.00    0.00    0.00    0.00   97.98
03:25:39 AM    7    0.00    0.00    0.00    0.00    0.00    0.00    0.00    0.00    0.00  100.00
03:25:39 AM    8    1.00    0.00    0.00    0.00    0.00    0.00    0.00    0.00    0.00   99.00
03:25:39 AM    9    1.00    0.00    0.00    0.00    0.00    0.00    0.00    0.00    0.00   99.00
03:25:39 AM   10    0.00    0.00    0.00    0.00    0.00    0.00    0.00    0.00    0.00  100.00
03:25:39 AM   11    1.00    0.00    0.00    0.00    0.00    0.00    0.00    0.00    0.00   99.00
03:25:39 AM   12    0.00    0.00    1.00    0.00    0.00    0.00    0.00    0.00    0.00   99.00
03:25:39 AM   13    0.00    0.00    0.00    0.00    0.00    0.00    0.00    0.00    0.00  100.00
03:25:39 AM   14    1.00    0.00    0.00    0.00    0.00    0.00    0.00    0.00    0.00   99.00
03:25:39 AM   15    0.00    0.00    0.00    0.00    0.00    0.00    0.00    0.00    0.00  100.00
03:25:39 AM   16    0.00    0.00    0.00    0.00    0.00    0.00    0.00    0.00    0.00  100.00
03:25:39 AM   17    1.01    0.00    0.00    0.00    0.00    0.00    0.00    0.00    0.00   98.99
03:25:39 AM   18    4.26    0.00   10.64    0.00    0.00    0.00    0.00    0.00    0.00   85.11
03:25:39 AM   19    5.49    0.00   14.29    0.00    0.00    0.00    0.00    0.00    0.00   80.22
03:25:39 AM   20    0.00    0.00    0.00    0.00    0.00    0.00    0.00    0.00    0.00  100.00
03:25:39 AM   21    0.99    0.00    0.00    0.00    0.00    0.00    0.00    0.00    0.00   99.01
03:25:39 AM   22    0.00    0.00    1.00    0.00    0.00    0.00    0.00    0.00    0.00   99.00
03:25:39 AM   23    0.00    0.00    0.00    0.00    0.00    0.00    0.00    0.00    0.00  100.00
03:25:39 AM   24    0.00    0.00    0.00    0.00    0.00    0.00    0.00    0.00    0.00  100.00
03:25:39 AM   25    0.00    0.00    0.00    0.00    0.00    0.00    0.00    0.00    0.00  100.00
03:25:39 AM   26    0.00    0.00    0.00    0.00    0.00    0.00    0.00    0.00    0.00  100.00
03:25:39 AM   27    2.00    0.00    0.00    0.00    0.00    0.00    0.00    0.00    0.00   98.00
03:25:39 AM   28    0.00    0.00    0.00    0.00    0.00    0.00    0.00    0.00    0.00  100.00
03:25:39 AM   29    0.00    0.00    0.00    0.00    0.00    0.00    0.00    0.00    0.00  100.00
03:25:39 AM   30    0.00    0.00    0.00    0.00    0.00    0.00    0.00    0.00    0.00  100.00
03:25:39 AM   31    0.00    0.00    0.00    0.00    0.00    0.00    0.00    0.00    0.00  100.00
03:25:39 AM   32    1.00    0.00    0.00    1.00    0.00    0.00    0.00    0.00    0.00   98.00
03:25:39 AM   33    0.00    0.00    0.00    0.00    0.00    0.00    0.00    0.00    0.00  100.00
03:25:39 AM   34    0.00    0.00    0.00    0.00    0.00    0.00    0.00    0.00    0.00  100.00
03:25:39 AM   35    0.00    0.00    1.00    0.00    0.00    0.00    0.00    0.00    0.00   99.00

03:25:39 AM  CPU    %usr   %nice    %sys %iowait    %irq   %soft  %steal  %guest  %gnice   %idle
03:25:40 AM  all    1.23    0.00    1.40    0.03    0.00    0.00    0.00    0.00    0.00   97.34
03:25:40 AM    0    2.02    0.00    1.01    0.00    0.00    0.00    0.00    0.00    0.00   96.97
03:25:40 AM    1    1.98    0.00    0.99    0.00    0.00    0.00    0.00    0.00    0.00   97.03
03:25:40 AM    2    1.00    0.00    1.00    0.00    0.00    0.00    0.00    0.00    0.00   98.00
03:25:40 AM    3    1.02    0.00    0.00    0.00    0.00    0.00    0.00    0.00    0.00   98.98
03:25:40 AM    4    1.02    0.00    0.00    0.00    0.00    0.00    0.00    0.00    0.00   98.98
03:25:40 AM    5    1.00    0.00    0.00    0.00    0.00    0.00    0.00    0.00    0.00   99.00
03:25:40 AM    6    2.02    0.00    0.00    0.00    0.00    0.00    0.00    0.00    0.00   97.98
03:25:40 AM    7    1.01    0.00    0.00    0.00    0.00    0.00    0.00    0.00    0.00   98.99
03:25:40 AM    8    2.97    0.00    1.98    0.00    0.00    0.00    0.00    0.00    0.00   95.05
03:25:40 AM    9    0.00    0.00    0.00    0.00    0.00    0.00    0.00    0.00    0.00  100.00
03:25:40 AM   10    3.96    0.00    6.93    0.00    0.00    0.00    0.00    0.00    0.00   89.11
03:25:40 AM   11    0.00    0.00    1.01    0.00    0.00    0.00    0.00    0.00    0.00   98.99
03:25:40 AM   12    1.00    0.00    1.00    0.00    0.00    0.00    0.00    0.00    0.00   98.00
03:25:40 AM   13    0.00    0.00    1.01    0.00    0.00    0.00    0.00    0.00    0.00   98.99
03:25:40 AM   14    2.00    0.00    0.00    0.00    0.00    0.00    0.00    0.00    0.00   98.00
03:25:40 AM   15    1.00    0.00    1.00    0.00    0.00    0.00    0.00    0.00    0.00   98.00
03:25:40 AM   16    0.00    0.00    1.00    0.00    0.00    0.00    0.00    0.00    0.00   99.00
03:25:40 AM   17    0.00    0.00    1.00    0.00    0.00    0.00    0.00    0.00    0.00   99.00
03:25:40 AM   18    3.16    0.00   12.63    0.00    0.00    0.00    0.00    0.00    0.00   84.21
03:25:40 AM   19    3.26    0.00   17.39    0.00    0.00    0.00    0.00    0.00    0.00   79.35
03:25:40 AM   20    2.00    0.00    0.00    0.00    0.00    0.00    0.00    0.00    0.00   98.00
03:25:40 AM   21    0.00    0.00    0.00    0.00    0.00    0.00    0.00    0.00    0.00  100.00
03:25:40 AM   22    2.04    0.00    1.02    0.00    0.00    0.00    0.00    0.00    0.00   96.94
03:25:40 AM   23    1.98    0.00    0.99    0.00    0.00    0.00    0.00    0.00    0.00   97.03
03:25:40 AM   24    1.01    0.00    0.00    0.00    0.00    0.00    0.00    0.00    0.00   98.99
03:25:40 AM   25    0.00    0.00    0.00    0.00    0.00    0.00    0.00    0.00    0.00  100.00
03:25:40 AM   26    0.00    0.00    0.00    0.00    0.00    0.00    0.00    0.00    0.00  100.00
03:25:40 AM   27    0.00    0.00    0.00    0.00    0.00    0.00    0.00    0.00    0.00  100.00
03:25:40 AM   28    0.99    0.00    0.99    0.00    0.00    0.00    0.00    0.00    0.00   98.02
03:25:40 AM   29    0.00    0.00    0.00    0.00    0.00    0.00    0.00    0.00    0.00  100.00
03:25:40 AM   30    1.00    0.00    0.00    0.00    0.00    0.00    0.00    0.00    0.00   99.00
03:25:40 AM   31    1.00    0.00    0.00    0.00    0.00    0.00    0.00    0.00    0.00   99.00
03:25:40 AM   32    1.00    0.00    0.00    1.00    0.00    0.00    0.00    0.00    0.00   98.00
03:25:40 AM   33    1.01    0.00    0.00    0.00    0.00    0.00    0.00    0.00    0.00   98.99
03:25:40 AM   34    1.00    0.00    1.00    0.00    0.00    0.00    0.00    0.00    0.00   98.00
03:25:40 AM   35    2.97    0.00    0.00    0.00    0.00    0.00    0.00    0.00    0.00   97.03

03:25:40 AM  CPU    %usr   %nice    %sys %iowait    %irq   %soft  %steal  %guest  %gnice   %idle
03:25:41 AM  all    0.81    0.14    1.15    0.00    0.00    0.03    0.00    0.00    0.00   97.87
03:25:41 AM    0    0.00    0.00    0.00    0.00    0.00    0.00    0.00    0.00    0.00  100.00
03:25:41 AM    1    1.02    0.00    1.02    0.00    0.00    0.00    0.00    0.00    0.00   97.96
03:25:41 AM    2    0.99    0.99    0.00    0.00    0.00    0.00    0.00    0.00    0.00   98.02
03:25:41 AM    3    0.00    0.00    1.01    0.00    0.00    0.00    0.00    0.00    0.00   98.99
03:25:41 AM    4    2.91    0.97    0.97    0.00    0.00    0.00    0.00    0.00    0.00   95.15
03:25:41 AM    5    0.00    0.00    1.01    0.00    0.00    0.00    0.00    0.00    0.00   98.99
03:25:41 AM    6    0.00    0.00    0.00    0.00    0.00    1.00    0.00    0.00    0.00   99.00
03:25:41 AM    7    0.00    1.00    0.00    0.00    0.00    0.00    0.00    0.00    0.00   99.00
03:25:41 AM    8    0.00    0.00    0.00    0.00    0.00    0.00    0.00    0.00    0.00  100.00
03:25:41 AM    9    0.00    0.00    1.01    0.00    0.00    0.00    0.00    0.00    0.00   98.99
03:25:41 AM   10    2.02    0.00    5.05    0.00    0.00    0.00    0.00    0.00    0.00   92.93
03:25:41 AM   11    1.00    0.00    0.00    0.00    0.00    0.00    0.00    0.00    0.00   99.00
03:25:41 AM   12    0.00    0.00    0.00    0.00    0.00    0.00    0.00    0.00    0.00  100.00
03:25:41 AM   13    0.00    0.00    0.00    0.00    0.00    0.00    0.00    0.00    0.00  100.00
03:25:41 AM   14    0.00    1.00    0.00    0.00    0.00    0.00    0.00    0.00    0.00   99.00
03:25:41 AM   15    0.00    0.00    1.01    0.00    0.00    0.00    0.00    0.00    0.00   98.99
03:25:41 AM   16    0.00    1.00    0.00    0.00    0.00    0.00    0.00    0.00    0.00   99.00
03:25:41 AM   17    1.01    0.00    0.00    0.00    0.00    0.00    0.00    0.00    0.00   98.99
03:25:41 AM   18    3.19    0.00   11.70    0.00    0.00    0.00    0.00    0.00    0.00   85.11
03:25:41 AM   19    6.52    0.00   13.04    0.00    0.00    0.00    0.00    0.00    0.00   80.43
03:25:41 AM   20    0.00    0.00    1.01    0.00    0.00    0.00    0.00    0.00    0.00   98.99
03:25:41 AM   21    0.00    0.00    1.01    0.00    0.00    0.00    0.00    0.00    0.00   98.99
03:25:41 AM   22    1.01    0.00    0.00    0.00    0.00    0.00    0.00    0.00    0.00   98.99
03:25:41 AM   23    1.00    0.00    1.00    0.00    0.00    0.00    0.00    0.00    0.00   98.00
03:25:41 AM   24    1.01    0.00    0.00    0.00    0.00    0.00    0.00    0.00    0.00   98.99
03:25:41 AM   25    1.01    0.00    0.00    0.00    0.00    0.00    0.00    0.00    0.00   98.99
03:25:41 AM   26    0.00    0.00    0.00    0.00    0.00    0.00    0.00    0.00    0.00  100.00
03:25:41 AM   27    0.00    0.00    0.00    0.00    0.00    0.00    0.00    0.00    0.00  100.00
03:25:41 AM   28    1.01    0.00    0.00    0.00    0.00    0.00    0.00    0.00    0.00   98.99
03:25:41 AM   29    0.00    0.00    1.00    0.00    0.00    0.00    0.00    0.00    0.00   99.00
03:25:41 AM   30    0.00    0.00    1.00    0.00    0.00    0.00    0.00    0.00    0.00   99.00
03:25:41 AM   31    1.00    0.00    0.00    0.00    0.00    0.00    0.00    0.00    0.00   99.00
03:25:41 AM   32    0.00    0.00    1.00    0.00    0.00    0.00    0.00    0.00    0.00   99.00
03:25:41 AM   33    2.00    0.00    0.00    0.00    0.00    0.00    0.00    0.00    0.00   98.00
03:25:41 AM   34    2.02    0.00    0.00    0.00    0.00    0.00    0.00    0.00    0.00   97.98
03:25:41 AM   35    1.01    0.00    1.01    0.00    0.00    0.00    0.00    0.00    0.00   97.98

Average:     CPU    %usr   %nice    %sys %iowait    %irq   %soft  %steal  %guest  %gnice   %idle
Average:     all    1.00    0.03    1.09    0.05    0.00    0.03    0.00    0.00    0.00   97.81
Average:       0    1.12    0.10    0.61    0.00    0.00    0.10    0.00    0.00    0.00   98.07
Average:       1    1.10    0.00    0.60    0.00    0.00    0.10    0.00    0.00    0.00   98.19
Average:       2    1.10    0.10    0.40    0.00    0.00    0.00    0.00    0.00    0.00   98.39
Average:       3    1.51    0.00    0.50    0.10    0.00    0.00    0.00    0.00    0.00   97.89
Average:       4    1.10    0.10    0.50    0.10    0.00    0.00    0.00    0.00    0.00   98.20
Average:       5    1.10    0.20    0.90    0.10    0.00    0.20    0.00    0.00    0.00   97.50
Average:       6    1.40    0.00    0.80    0.10    0.00    0.10    0.00    0.00    0.00   97.60
Average:       7    0.80    0.10    0.10    0.20    0.00    0.00    0.00    0.00    0.00   98.79
Average:       8    1.40    0.00    0.60    0.10    0.00    0.00    0.00    0.00    0.00   97.90
Average:       9    0.91    0.00    0.61    0.00    0.00    0.00    0.00    0.00    0.00   98.49
Average:      10    1.71    0.00    2.62    0.00    0.00    0.00    0.00    0.00    0.00   95.67
Average:      11    0.71    0.00    0.30    0.00    0.00    0.00    0.00    0.00    0.00   98.99
Average:      12    1.61    0.00    0.30    0.10    0.00    0.00    0.00    0.00    0.00   97.99
Average:      13    1.21    0.00    2.02    0.10    0.00    0.10    0.00    0.00    0.00   96.57
Average:      14    0.80    0.10    0.20    0.00    0.00    0.10    0.00    0.00    0.00   98.80
Average:      15    0.90    0.00    0.50    0.10    0.00    0.00    0.00    0.00    0.00   98.50
Average:      16    0.60    0.10    0.40    0.00    0.00    0.00    0.00    0.00    0.00   98.90
Average:      17    0.80    0.10    0.30    0.10    0.00    0.00    0.00    0.00    0.00   98.69
Average:      18    3.37    0.00   11.17    0.00    0.00    0.00    0.00    0.00    0.00   85.46
Average:      19    4.61    0.00   13.71    0.00    0.00    0.00    0.00    0.00    0.00   81.69
Average:      20    0.40    0.00    0.10    0.00    0.00    0.00    0.00    0.00    0.00   99.50
Average:      21    0.30    0.00    0.20    0.00    0.00    0.00    0.00    0.00    0.00   99.50
Average:      22    0.80    0.00    0.50    0.00    0.00    0.00    0.00    0.00    0.00   98.69
Average:      23    0.70    0.00    0.50    0.00    0.00    0.00    0.00    0.00    0.00   98.80
Average:      24    0.60    0.00    0.30    0.00    0.00    0.00    0.00    0.00    0.00   99.09
Average:      25    0.30    0.00    0.30    0.00    0.00    0.00    0.00    0.00    0.00   99.40
Average:      26    0.20    0.00    0.00    0.00    0.00    0.10    0.00    0.00    0.00   99.70
Average:      27    0.40    0.00    0.20    0.10    0.00    0.10    0.00    0.00    0.00   99.20
Average:      28    0.60    0.00    0.20    0.10    0.00    0.00    0.00    0.00    0.00   99.10
Average:      29    0.30    0.00    0.20    0.10    0.00    0.00    0.00    0.00    0.00   99.40
Average:      30    0.50    0.00    0.20    0.00    0.00    0.00    0.00    0.00    0.00   99.30
Average:      31    0.70    0.00    0.00    0.00    0.00    0.00    0.00    0.00    0.00   99.30
Average:      32    0.40    0.00    0.20    0.20    0.00    0.00    0.00    0.00    0.00   99.19
Average:      33    0.80    0.00    0.20    0.20    0.00    0.00    0.00    0.00    0.00   98.79
Average:      34    0.60    0.00    0.20    0.00    0.00    0.00    0.00    0.00    0.00   99.19
Average:      35    0.80    0.00    0.40    0.00    0.00    0.00    0.00    0.00    0.00   98.79
