Linux 5.15.0-186-generic (rapids4) 	07/28/2026 	_x86_64_	(36 CPU)

03:03:36 AM  CPU    %usr   %nice    %sys %iowait    %irq   %soft  %steal  %guest  %gnice   %idle
03:03:37 AM  all    1.01    0.00    0.95    0.06    0.00    0.11    0.00    0.00    0.00   97.87
03:03:37 AM    0    1.02    0.00    0.00    0.00    0.00    0.00    0.00    0.00    0.00   98.98
03:03:37 AM    1    0.00    0.00    1.02    0.00    0.00    0.00    0.00    0.00    0.00   98.98
03:03:37 AM    2    0.00    0.00    0.00    0.00    0.00    0.00    0.00    0.00    0.00  100.00
03:03:37 AM    3    1.98    0.00    0.99    0.00    0.00    0.00    0.00    0.00    0.00   97.03
03:03:37 AM    4    1.98    0.00    0.99    0.00    0.00    0.00    0.00    0.00    0.00   97.03
03:03:37 AM    5    1.01    0.00    0.00    0.00    0.00    0.00    0.00    0.00    0.00   98.99
03:03:37 AM    6    0.00    0.00    1.00    0.00    0.00    0.00    0.00    0.00    0.00   99.00
03:03:37 AM    7    2.00    0.00    1.00    0.00    0.00    0.00    0.00    0.00    0.00   97.00
03:03:37 AM    8    0.00    0.00    0.00    0.00    0.00    0.00    0.00    0.00    0.00  100.00
03:03:37 AM    9    1.00    0.00    0.00    0.00    0.00    1.00    0.00    0.00    0.00   98.00
03:03:37 AM   10    0.00    0.00    1.00    1.00    0.00    0.00    0.00    0.00    0.00   98.00
03:03:37 AM   11    0.00    0.00    0.00    0.00    0.00    0.00    0.00    0.00    0.00  100.00
03:03:37 AM   12    1.02    0.00    0.00    0.00    0.00    0.00    0.00    0.00    0.00   98.98
03:03:37 AM   13    0.00    0.00    0.00    0.00    0.00    0.00    0.00    0.00    0.00  100.00
03:03:37 AM   14    2.04    0.00    6.12    0.00    0.00    0.00    0.00    0.00    0.00   91.84
03:03:37 AM   15    2.00    0.00    2.00    0.00    0.00    0.00    0.00    0.00    0.00   96.00
03:03:37 AM   16    1.98    0.00    0.99    0.00    0.00    0.99    0.00    0.00    0.00   96.04
03:03:37 AM   17    1.00    0.00    0.00    0.00    0.00    1.00    0.00    0.00    0.00   98.00
03:03:37 AM   18    6.93    0.00    9.90    0.00    0.00    0.00    0.00    0.00    0.00   83.17
03:03:37 AM   19    5.38    0.00    5.38    0.00    0.00    0.00    0.00    0.00    0.00   89.25
03:03:37 AM   20    0.00    0.00    0.00    0.00    0.00    0.00    0.00    0.00    0.00  100.00
03:03:37 AM   21    0.00    0.00    0.00    0.00    0.00    1.00    0.00    0.00    0.00   99.00
03:03:37 AM   22    1.01    0.00    0.00    0.00    0.00    0.00    0.00    0.00    0.00   98.99
03:03:37 AM   23    0.00    0.00    1.00    0.00    0.00    0.00    0.00    0.00    0.00   99.00
03:03:37 AM   24    0.00    0.00    0.00    0.00    0.00    0.00    0.00    0.00    0.00  100.00
03:03:37 AM   25    1.00    0.00    1.00    0.00    0.00    0.00    0.00    0.00    0.00   98.00
03:03:37 AM   26    0.00    0.00    0.00    0.00    0.00    0.00    0.00    0.00    0.00  100.00
03:03:37 AM   27    2.02    0.00    0.00    1.01    0.00    0.00    0.00    0.00    0.00   96.97
03:03:37 AM   28    1.01    0.00    1.01    0.00    0.00    0.00    0.00    0.00    0.00   97.98
03:03:37 AM   29    0.00    0.00    0.00    0.00    0.00    0.00    0.00    0.00    0.00  100.00
03:03:37 AM   30    0.00    0.00    1.01    0.00    0.00    0.00    0.00    0.00    0.00   98.99
03:03:37 AM   31    0.00    0.00    0.00    0.00    0.00    0.00    0.00    0.00    0.00  100.00
03:03:37 AM   32    0.00    0.00    0.00    0.00    0.00    0.00    0.00    0.00    0.00  100.00
03:03:37 AM   33    0.00    0.00    0.00    0.00    0.00    0.00    0.00    0.00    0.00  100.00
03:03:37 AM   34    1.00    0.00    0.00    0.00    0.00    0.00    0.00    0.00    0.00   99.00
03:03:37 AM   35    1.00    0.00    0.00    0.00    0.00    0.00    0.00    0.00    0.00   99.00

03:03:37 AM  CPU    %usr   %nice    %sys %iowait    %irq   %soft  %steal  %guest  %gnice   %idle
03:03:38 AM  all    0.90    0.03    1.57    0.03    0.00    0.00    0.00    0.00    0.00   97.48
03:03:38 AM    0    1.02    0.00    0.00    0.00    0.00    0.00    0.00    0.00    0.00   98.98
03:03:38 AM    1    0.99    0.00    0.99    0.00    0.00    0.00    0.00    0.00    0.00   98.02
03:03:38 AM    2    1.98    0.00    0.99    0.00    0.00    0.00    0.00    0.00    0.00   97.03
03:03:38 AM    3    0.00    0.00    0.00    0.00    0.00    0.00    0.00    0.00    0.00  100.00
03:03:38 AM    4    0.00    1.01    0.00    0.00    0.00    0.00    0.00    0.00    0.00   98.99
03:03:38 AM    5    0.00    0.00    0.00    0.00    0.00    0.00    0.00    0.00    0.00  100.00
03:03:38 AM    6    1.00    0.00    2.00    0.00    0.00    0.00    0.00    0.00    0.00   97.00
03:03:38 AM    7    0.99    0.00    0.99    0.00    0.00    0.00    0.00    0.00    0.00   98.02
03:03:38 AM    8    0.00    0.00    1.01    0.00    0.00    0.00    0.00    0.00    0.00   98.99
03:03:38 AM    9    1.01    0.00    1.01    0.00    0.00    0.00    0.00    0.00    0.00   97.98
03:03:38 AM   10    0.00    0.00    0.00    0.00    0.00    0.00    0.00    0.00    0.00  100.00
03:03:38 AM   11    1.01    0.00    0.00    0.00    0.00    0.00    0.00    0.00    0.00   98.99
03:03:38 AM   12    1.02    0.00    0.00    0.00    0.00    0.00    0.00    0.00    0.00   98.98
03:03:38 AM   13    0.99    0.00    1.98    0.00    0.00    0.00    0.00    0.00    0.00   97.03
03:03:38 AM   14    0.00    0.00    0.00    0.00    0.00    0.00    0.00    0.00    0.00  100.00
03:03:38 AM   15    1.01    0.00    0.00    0.00    0.00    0.00    0.00    0.00    0.00   98.99
03:03:38 AM   16    2.02    0.00    0.00    0.00    0.00    0.00    0.00    0.00    0.00   97.98
03:03:38 AM   17    0.00    0.00    1.01    0.00    0.00    0.00    0.00    0.00    0.00   98.99
03:03:38 AM   18    8.70    0.00   22.83    0.00    0.00    0.00    0.00    0.00    0.00   68.48
03:03:38 AM   19    6.45    0.00   20.43    0.00    0.00    0.00    0.00    0.00    0.00   73.12
03:03:38 AM   20    0.00    0.00    1.00    0.00    0.00    0.00    0.00    0.00    0.00   99.00
03:03:38 AM   21    0.00    0.00    0.00    0.00    0.00    0.00    0.00    0.00    0.00  100.00
03:03:38 AM   22    0.00    0.00    1.01    1.01    0.00    0.00    0.00    0.00    0.00   97.98
03:03:38 AM   23    0.00    0.00    1.01    0.00    0.00    0.00    0.00    0.00    0.00   98.99
03:03:38 AM   24    0.00    0.00    1.01    0.00    0.00    0.00    0.00    0.00    0.00   98.99
03:03:38 AM   25    0.00    0.00    0.00    0.00    0.00    0.00    0.00    0.00    0.00  100.00
03:03:38 AM   26    0.00    0.00    0.00    0.00    0.00    0.00    0.00    0.00    0.00  100.00
03:03:38 AM   27    0.00    0.00    0.00    0.00    0.00    0.00    0.00    0.00    0.00  100.00
03:03:38 AM   28    0.00    0.00    1.00    0.00    0.00    0.00    0.00    0.00    0.00   99.00
03:03:38 AM   29    1.00    0.00    0.00    0.00    0.00    0.00    0.00    0.00    0.00   99.00
03:03:38 AM   30    1.00    0.00    0.00    0.00    0.00    0.00    0.00    0.00    0.00   99.00
03:03:38 AM   31    1.00    0.00    1.00    0.00    0.00    0.00    0.00    0.00    0.00   98.00
03:03:38 AM   32    1.00    0.00    0.00    0.00    0.00    0.00    0.00    0.00    0.00   99.00
03:03:38 AM   33    0.00    0.00    0.00    0.00    0.00    0.00    0.00    0.00    0.00  100.00
03:03:38 AM   34    1.00    0.00    0.00    0.00    0.00    0.00    0.00    0.00    0.00   99.00
03:03:38 AM   35    0.00    0.00    0.00    0.00    0.00    0.00    0.00    0.00    0.00  100.00

03:03:38 AM  CPU    %usr   %nice    %sys %iowait    %irq   %soft  %steal  %guest  %gnice   %idle
03:03:39 AM  all    1.29    0.00    1.68    0.03    0.00    0.03    0.00    0.00    0.00   96.98
03:03:39 AM    0    2.02    0.00    1.01    0.00    0.00    1.01    0.00    0.00    0.00   95.96
03:03:39 AM    1    1.01    0.00    0.00    0.00    0.00    0.00    0.00    0.00    0.00   98.99
03:03:39 AM    2    0.00    0.00    1.00    0.00    0.00    0.00    0.00    0.00    0.00   99.00
03:03:39 AM    3    0.00    0.00    0.00    0.00    0.00    0.00    0.00    0.00    0.00  100.00
03:03:39 AM    4    0.00    0.00    0.00    0.00    0.00    0.00    0.00    0.00    0.00  100.00
03:03:39 AM    5    1.00    0.00    0.00    0.00    0.00    0.00    0.00    0.00    0.00   99.00
03:03:39 AM    6    1.00    0.00    1.00    0.00    0.00    0.00    0.00    0.00    0.00   98.00
03:03:39 AM    7    1.02    0.00    0.00    0.00    0.00    0.00    0.00    0.00    0.00   98.98
03:03:39 AM    8    2.97    0.00    0.00    0.00    0.00    0.00    0.00    0.00    0.00   97.03
03:03:39 AM    9    1.01    0.00    0.00    0.00    0.00    0.00    0.00    0.00    0.00   98.99
03:03:39 AM   10    2.00    0.00    0.00    0.00    0.00    0.00    0.00    0.00    0.00   98.00
03:03:39 AM   11    1.00    0.00    1.00    0.00    0.00    0.00    0.00    0.00    0.00   98.00
03:03:39 AM   12    2.94    0.00    1.96    0.00    0.00    0.00    0.00    0.00    0.00   95.10
03:03:39 AM   13    1.01    0.00    0.00    0.00    0.00    0.00    0.00    0.00    0.00   98.99
03:03:39 AM   14    3.03    0.00    6.06    0.00    0.00    0.00    0.00    0.00    0.00   90.91
03:03:39 AM   15    1.01    0.00    0.00    0.00    0.00    0.00    0.00    0.00    0.00   98.99
03:03:39 AM   16    0.00    0.00    0.00    0.00    0.00    0.00    0.00    0.00    0.00  100.00
03:03:39 AM   17    1.01    0.00    0.00    1.01    0.00    0.00    0.00    0.00    0.00   97.98
03:03:39 AM   18   10.20    0.00   25.51    0.00    0.00    0.00    0.00    0.00    0.00   64.29
03:03:39 AM   19    5.32    0.00   21.28    0.00    0.00    0.00    0.00    0.00    0.00   73.40
03:03:39 AM   20    1.01    0.00    0.00    0.00    0.00    0.00    0.00    0.00    0.00   98.99
03:03:39 AM   21    1.00    0.00    0.00    0.00    0.00    0.00    0.00    0.00    0.00   99.00
03:03:39 AM   22    1.00    0.00    0.00    0.00    0.00    0.00    0.00    0.00    0.00   99.00
03:03:39 AM   23    0.00    0.00    1.00    0.00    0.00    0.00    0.00    0.00    0.00   99.00
03:03:39 AM   24    0.00    0.00    0.00    0.00    0.00    0.00    0.00    0.00    0.00  100.00
03:03:39 AM   25    1.01    0.00    0.00    0.00    0.00    0.00    0.00    0.00    0.00   98.99
03:03:39 AM   26    0.00    0.00    0.00    0.00    0.00    0.00    0.00    0.00    0.00  100.00
03:03:39 AM   27    0.00    0.00    0.00    0.00    0.00    0.00    0.00    0.00    0.00  100.00
03:03:39 AM   28    0.00    0.00    0.00    0.00    0.00    0.00    0.00    0.00    0.00  100.00
03:03:39 AM   29    0.00    0.00    1.01    0.00    0.00    0.00    0.00    0.00    0.00   98.99
03:03:39 AM   30    0.00    0.00    1.00    0.00    0.00    0.00    0.00    0.00    0.00   99.00
03:03:39 AM   31    0.00    0.00    0.00    0.00    0.00    0.00    0.00    0.00    0.00  100.00
03:03:39 AM   32    0.00    0.00    0.00    0.00    0.00    0.00    0.00    0.00    0.00  100.00
03:03:39 AM   33    1.00    0.00    0.00    0.00    0.00    0.00    0.00    0.00    0.00   99.00
03:03:39 AM   34    2.00    0.00    0.00    0.00    0.00    0.00    0.00    0.00    0.00   98.00
03:03:39 AM   35    1.98    0.00    0.00    0.00    0.00    0.00    0.00    0.00    0.00   98.02

03:03:39 AM  CPU    %usr   %nice    %sys %iowait    %irq   %soft  %steal  %guest  %gnice   %idle
03:03:40 AM  all    1.29    0.03    1.76    0.08    0.00    0.08    0.00    0.00    0.00   96.75
03:03:40 AM    0    0.00    0.00    0.00    0.00    0.00    1.02    0.00    0.00    0.00   98.98
03:03:40 AM    1    1.00    0.00    0.00    0.00    0.00    0.00    0.00    0.00    0.00   99.00
03:03:40 AM    2    0.00    0.00    0.00    0.00    0.00    0.00    0.00    0.00    0.00  100.00
03:03:40 AM    3    1.01    0.00    0.00    0.00    0.00    0.00    0.00    0.00    0.00   98.99
03:03:40 AM    4    1.01    0.00    0.00    0.00    0.00    0.00    0.00    0.00    0.00   98.99
03:03:40 AM    5    3.00    1.00    1.00    0.00    0.00    0.00    0.00    0.00    0.00   95.00
03:03:40 AM    6    1.96    0.00    0.00    0.00    0.00    0.98    0.00    0.00    0.00   97.06
03:03:40 AM    7    0.00    0.00    1.01    0.00    0.00    0.00    0.00    0.00    0.00   98.99
03:03:40 AM    8    0.99    0.00    0.99    0.00    0.00    0.99    0.00    0.00    0.00   97.03
03:03:40 AM    9    0.00    0.00    0.00    0.00    0.00    0.00    0.00    0.00    0.00  100.00
03:03:40 AM   10    1.00    0.00    0.00    0.00    0.00    0.00    0.00    0.00    0.00   99.00
03:03:40 AM   11    0.00    0.00    1.01    1.01    0.00    0.00    0.00    0.00    0.00   97.98
03:03:40 AM   12    1.01    0.00    0.00    0.00    0.00    0.00    0.00    0.00    0.00   98.99
03:03:40 AM   13    1.02    0.00    0.00    0.00    0.00    0.00    0.00    0.00    0.00   98.98
03:03:40 AM   14    3.00    0.00    6.00    0.00    0.00    0.00    0.00    0.00    0.00   91.00
03:03:40 AM   15    0.00    0.00    0.00    1.02    0.00    0.00    0.00    0.00    0.00   98.98
03:03:40 AM   16    0.00    0.00    0.00    0.00    0.00    0.00    0.00    0.00    0.00  100.00
03:03:40 AM   17    1.00    0.00    1.00    0.00    0.00    0.00    0.00    0.00    0.00   98.00
03:03:40 AM   18   12.12    0.00   24.24    0.00    0.00    0.00    0.00    0.00    0.00   63.64
03:03:40 AM   19    6.32    0.00   21.05    0.00    0.00    0.00    0.00    0.00    0.00   72.63
03:03:40 AM   20    0.00    0.00    1.00    1.00    0.00    0.00    0.00    0.00    0.00   98.00
03:03:40 AM   21    0.00    0.00    0.00    0.00    0.00    0.00    0.00    0.00    0.00  100.00
03:03:40 AM   22    0.00    0.00    1.02    0.00    0.00    0.00    0.00    0.00    0.00   98.98
03:03:40 AM   23    2.02    0.00    0.00    0.00    0.00    0.00    0.00    0.00    0.00   97.98
03:03:40 AM   24    1.01    0.00    0.00    0.00    0.00    0.00    0.00    0.00    0.00   98.99
03:03:40 AM   25    0.00    0.00    1.00    0.00    0.00    0.00    0.00    0.00    0.00   99.00
03:03:40 AM   26    0.00    0.00    0.00    0.00    0.00    0.00    0.00    0.00    0.00  100.00
03:03:40 AM   27    1.98    0.00    0.00    0.00    0.00    0.00    0.00    0.00    0.00   98.02
03:03:40 AM   28    1.00    0.00    0.00    0.00    0.00    0.00    0.00    0.00    0.00   99.00
03:03:40 AM   29    1.00    0.00    0.00    0.00    0.00    0.00    0.00    0.00    0.00   99.00
03:03:40 AM   30    0.99    0.00    1.98    0.00    0.00    0.00    0.00    0.00    0.00   97.03
03:03:40 AM   31    1.01    0.00    0.00    0.00    0.00    0.00    0.00    0.00    0.00   98.99
03:03:40 AM   32    1.00    0.00    1.00    0.00    0.00    0.00    0.00    0.00    0.00   98.00
03:03:40 AM   33    1.00    0.00    1.00    0.00    0.00    0.00    0.00    0.00    0.00   98.00
03:03:40 AM   34    0.00    0.00    0.00    0.00    0.00    0.00    0.00    0.00    0.00  100.00
03:03:40 AM   35    1.01    0.00    1.01    0.00    0.00    0.00    0.00    0.00    0.00   97.98

03:03:40 AM  CPU    %usr   %nice    %sys %iowait    %irq   %soft  %steal  %guest  %gnice   %idle
03:03:41 AM  all    0.65    0.00    1.49    0.03    0.00    0.06    0.00    0.00    0.00   97.78
03:03:41 AM    0    2.00    0.00    1.00    0.00    0.00    1.00    0.00    0.00    0.00   96.00
03:03:41 AM    1    0.00    0.00    0.00    0.00    0.00    0.00    0.00    0.00    0.00  100.00
03:03:41 AM    2    1.00    0.00    0.00    0.00    0.00    0.00    0.00    0.00    0.00   99.00
03:03:41 AM    3    1.00    0.00    0.00    0.00    0.00    0.00    0.00    0.00    0.00   99.00
03:03:41 AM    4    0.98    0.00    0.98    0.00    0.00    0.00    0.00    0.00    0.00   98.04
03:03:41 AM    5    0.00    0.00    0.00    0.00    0.00    0.00    0.00    0.00    0.00  100.00
03:03:41 AM    6    1.01    0.00    0.00    0.00    0.00    0.00    0.00    0.00    0.00   98.99
03:03:41 AM    7    0.00    0.00    1.01    0.00    0.00    0.00    0.00    0.00    0.00   98.99
03:03:41 AM    8    1.00    0.00    1.00    0.00    0.00    0.00    0.00    0.00    0.00   98.00
03:03:41 AM    9    0.00    0.00    0.00    0.00    0.00    0.00    0.00    0.00    0.00  100.00
03:03:41 AM   10    0.00    0.00    0.00    0.00    0.00    0.00    0.00    0.00    0.00  100.00
03:03:41 AM   11    0.00    0.00    0.00    0.00    0.00    0.00    0.00    0.00    0.00  100.00
03:03:41 AM   12    0.00    0.00    1.00    0.00    0.00    0.00    0.00    0.00    0.00   99.00
03:03:41 AM   13    1.01    0.00    1.01    0.00    0.00    0.00    0.00    0.00    0.00   97.98
03:03:41 AM   14    1.98    0.00    0.99    0.00    0.00    0.00    0.00    0.00    0.00   97.03
03:03:41 AM   15    0.00    0.00    0.00    1.01    0.00    0.00    0.00    0.00    0.00   98.99
03:03:41 AM   16    0.00    0.00    1.00    0.00    0.00    0.00    0.00    0.00    0.00   99.00
03:03:41 AM   17    1.01    0.00    0.00    0.00    0.00    0.00    0.00    0.00    0.00   98.99
03:03:41 AM   18    5.49    0.00   25.27    0.00    0.00    0.00    0.00    0.00    0.00   69.23
03:03:41 AM   19    5.43    0.00   20.65    0.00    0.00    0.00    0.00    0.00    0.00   73.91
03:03:41 AM   20    0.00    0.00    0.00    0.00    0.00    0.00    0.00    0.00    0.00  100.00
03:03:41 AM   21    0.00    0.00    0.00    0.00    0.00    0.00    0.00    0.00    0.00  100.00
03:03:41 AM   22    0.00    0.00    0.00    0.00    0.00    0.00    0.00    0.00    0.00  100.00
03:03:41 AM   23    0.00    0.00    1.00    0.00    0.00    0.00    0.00    0.00    0.00   99.00
03:03:41 AM   24    0.00    0.00    0.00    0.00    0.00    0.00    0.00    0.00    0.00  100.00
03:03:41 AM   25    0.00    0.00    1.00    0.00    0.00    0.00    0.00    0.00    0.00   99.00
03:03:41 AM   26    0.00    0.00    0.00    0.00    0.00    0.00    0.00    0.00    0.00  100.00
03:03:41 AM   27    0.00    0.00    0.00    0.00    0.00    1.00    0.00    0.00    0.00   99.00
03:03:41 AM   28    0.00    0.00    0.00    0.00    0.00    0.00    0.00    0.00    0.00  100.00
03:03:41 AM   29    1.00    0.00    0.00    0.00    0.00    0.00    0.00    0.00    0.00   99.00
03:03:41 AM   30    0.00    0.00    0.00    0.00    0.00    0.00    0.00    0.00    0.00  100.00
03:03:41 AM   31    0.00    0.00    0.00    0.00    0.00    0.00    0.00    0.00    0.00  100.00
03:03:41 AM   32    0.00    0.00    0.00    0.00    0.00    0.00    0.00    0.00    0.00  100.00
03:03:41 AM   33    0.00    0.00    0.00    0.00    0.00    0.00    0.00    0.00    0.00  100.00
03:03:41 AM   34    1.01    0.00    0.00    0.00    0.00    0.00    0.00    0.00    0.00   98.99
03:03:41 AM   35    0.00    0.00    1.00    0.00    0.00    0.00    0.00    0.00    0.00   99.00

03:03:41 AM  CPU    %usr   %nice    %sys %iowait    %irq   %soft  %steal  %guest  %gnice   %idle
03:03:42 AM  all    1.12    0.00    1.57    0.08    0.00    0.08    0.00    0.00    0.00   97.15
03:03:42 AM    0    0.00    0.00    1.00    0.00    0.00    2.00    0.00    0.00    0.00   97.00
03:03:42 AM    1    1.00    0.00    0.00    0.00    0.00    0.00    0.00    0.00    0.00   99.00
03:03:42 AM    2    1.00    0.00    0.00    1.00    0.00    0.00    0.00    0.00    0.00   98.00
03:03:42 AM    3    0.00    0.00    0.00    0.00    0.00    0.00    0.00    0.00    0.00  100.00
03:03:42 AM    4    0.00    0.00    0.00    0.00    0.00    0.00    0.00    0.00    0.00  100.00
03:03:42 AM    5    2.00    0.00    0.00    0.00    0.00    0.00    0.00    0.00    0.00   98.00
03:03:42 AM    6    1.98    0.00    1.98    0.00    0.00    0.00    0.00    0.00    0.00   96.04
03:03:42 AM    7    2.00    0.00    0.00    0.00    0.00    0.00    0.00    0.00    0.00   98.00
03:03:42 AM    8    1.00    0.00    0.00    0.00    0.00    0.00    0.00    0.00    0.00   99.00
03:03:42 AM    9    1.00    0.00    1.00    0.00    0.00    0.00    0.00    0.00    0.00   98.00
03:03:42 AM   10    0.00    0.00    0.00    0.00    0.00    0.00    0.00    0.00    0.00  100.00
03:03:42 AM   11    1.00    0.00    1.00    0.00    0.00    0.00    0.00    0.00    0.00   98.00
03:03:42 AM   12    1.01    0.00    0.00    0.00    0.00    0.00    0.00    0.00    0.00   98.99
03:03:42 AM   13    1.00    0.00    1.00    0.00    0.00    0.00    0.00    0.00    0.00   98.00
03:03:42 AM   14    3.03    0.00    6.06    0.00    0.00    0.00    0.00    0.00    0.00   90.91
03:03:42 AM   15    2.00    0.00    0.00    0.00    0.00    0.00    0.00    0.00    0.00   98.00
03:03:42 AM   16    1.00    0.00    1.00    0.00    0.00    0.00    0.00    0.00    0.00   98.00
03:03:42 AM   17    0.00    0.00    1.00    0.00    0.00    0.00    0.00    0.00    0.00   99.00
03:03:42 AM   18    8.60    0.00   23.66    0.00    0.00    0.00    0.00    0.00    0.00   67.74
03:03:42 AM   19   11.46    0.00   16.67    0.00    0.00    0.00    0.00    0.00    0.00   71.88
03:03:42 AM   20    0.00    0.00    0.00    0.00    0.00    0.00    0.00    0.00    0.00  100.00
03:03:42 AM   21    0.00    0.00    0.00    0.00    0.00    0.00    0.00    0.00    0.00  100.00
03:03:42 AM   22    0.00    0.00    1.01    0.00    0.00    0.00    0.00    0.00    0.00   98.99
03:03:42 AM   23    0.00    0.00    0.00    0.00    0.00    0.00    0.00    0.00    0.00  100.00
03:03:42 AM   24    0.00    0.00    1.00    0.00    0.00    0.00    0.00    0.00    0.00   99.00
03:03:42 AM   25    0.00    0.00    1.00    0.00    0.00    0.00    0.00    0.00    0.00   99.00
03:03:42 AM   26    0.00    0.00    0.00    0.00    0.00    0.00    0.00    0.00    0.00  100.00
03:03:42 AM   27    0.00    0.00    0.00    0.00    0.00    0.00    0.00    0.00    0.00  100.00
03:03:42 AM   28    0.00    0.00    0.00    1.00    0.00    0.00    0.00    0.00    0.00   99.00
03:03:42 AM   29    0.00    0.00    0.00    1.00    0.00    1.00    0.00    0.00    0.00   98.00
03:03:42 AM   30    1.01    0.00    0.00    0.00    0.00    0.00    0.00    0.00    0.00   98.99
03:03:42 AM   31    0.00    0.00    0.00    0.00    0.00    0.00    0.00    0.00    0.00  100.00
03:03:42 AM   32    0.00    0.00    0.00    0.00    0.00    0.00    0.00    0.00    0.00  100.00
03:03:42 AM   33    1.00    0.00    0.00    0.00    0.00    0.00    0.00    0.00    0.00   99.00
03:03:42 AM   34    0.00    0.00    0.00    0.00    0.00    0.00    0.00    0.00    0.00  100.00
03:03:42 AM   35    0.00    0.00    1.01    0.00    0.00    0.00    0.00    0.00    0.00   98.99

03:03:42 AM  CPU    %usr   %nice    %sys %iowait    %irq   %soft  %steal  %guest  %gnice   %idle
03:03:43 AM  all    1.54    0.00    1.85    0.03    0.00    0.11    0.00    0.00    0.00   96.47
03:03:43 AM    0    1.02    0.00    0.00    0.00    0.00    0.00    0.00    0.00    0.00   98.98
03:03:43 AM    1    2.00    0.00    0.00    0.00    0.00    0.00    0.00    0.00    0.00   98.00
03:03:43 AM    2    0.00    0.00    1.01    0.00    0.00    0.00    0.00    0.00    0.00   98.99
03:03:43 AM    3    0.00    0.00    0.00    0.00    0.00    1.02    0.00    0.00    0.00   98.98
03:03:43 AM    4    1.98    0.00    0.99    0.00    0.00    0.00    0.00    0.00    0.00   97.03
03:03:43 AM    5    2.00    0.00    1.00    0.00    0.00    0.00    0.00    0.00    0.00   97.00
03:03:43 AM    6    1.00    0.00    1.00    0.00    0.00    0.00    0.00    0.00    0.00   98.00
03:03:43 AM    7    1.02    0.00    0.00    0.00    0.00    0.00    0.00    0.00    0.00   98.98
03:03:43 AM    8    1.00    0.00    1.00    1.00    0.00    0.00    0.00    0.00    0.00   97.00
03:03:43 AM    9    1.01    0.00    0.00    0.00    0.00    1.01    0.00    0.00    0.00   97.98
03:03:43 AM   10    1.01    0.00    0.00    0.00    0.00    0.00    0.00    0.00    0.00   98.99
03:03:43 AM   11    1.96    0.00    0.00    0.00    0.00    0.98    0.00    0.00    0.00   97.06
03:03:43 AM   12    0.00    0.00    1.00    0.00    0.00    0.00    0.00    0.00    0.00   99.00
03:03:43 AM   13    2.00    0.00    1.00    0.00    0.00    0.00    0.00    0.00    0.00   97.00
03:03:43 AM   14    1.96    0.00    7.84    0.00    0.00    0.98    0.00    0.00    0.00   89.22
03:03:43 AM   15    0.00    0.00    1.01    0.00    0.00    0.00    0.00    0.00    0.00   98.99
03:03:43 AM   16    4.00    0.00    0.00    0.00    0.00    0.00    0.00    0.00    0.00   96.00
03:03:43 AM   17    0.00    0.00    0.00    0.00    0.00    0.00    0.00    0.00    0.00  100.00
03:03:43 AM   18    8.60    0.00   23.66    0.00    0.00    0.00    0.00    0.00    0.00   67.74
03:03:43 AM   19    8.33    0.00   19.79    0.00    0.00    0.00    0.00    0.00    0.00   71.88
03:03:43 AM   20    0.00    0.00    1.01    0.00    0.00    0.00    0.00    0.00    0.00   98.99
03:03:43 AM   21    1.01    0.00    0.00    0.00    0.00    0.00    0.00    0.00    0.00   98.99
03:03:43 AM   22    0.00    0.00    0.00    0.00    0.00    0.00    0.00    0.00    0.00  100.00
03:03:43 AM   23    0.98    0.00    1.96    0.00    0.00    0.00    0.00    0.00    0.00   97.06
03:03:43 AM   24    1.00    0.00    0.00    0.00    0.00    0.00    0.00    0.00    0.00   99.00
03:03:43 AM   25    0.00    0.00    0.00    0.00    0.00    0.00    0.00    0.00    0.00  100.00
03:03:43 AM   26    0.00    0.00    0.00    0.00    0.00    0.00    0.00    0.00    0.00  100.00
03:03:43 AM   27    0.00    0.00    0.00    0.00    0.00    0.00    0.00    0.00    0.00  100.00
03:03:43 AM   28    1.00    0.00    0.00    0.00    0.00    0.00    0.00    0.00    0.00   99.00
03:03:43 AM   29    2.00    0.00    0.00    0.00    0.00    0.00    0.00    0.00    0.00   98.00
03:03:43 AM   30    1.01    0.00    0.00    0.00    0.00    0.00    0.00    0.00    0.00   98.99
03:03:43 AM   31    2.02    0.00    1.01    0.00    0.00    0.00    0.00    0.00    0.00   96.97
03:03:43 AM   32    2.02    0.00    2.02    0.00    0.00    0.00    0.00    0.00    0.00   95.96
03:03:43 AM   33    2.00    0.00    2.00    0.00    0.00    0.00    0.00    0.00    0.00   96.00
03:03:43 AM   34    2.00    0.00    1.00    0.00    0.00    0.00    0.00    0.00    0.00   97.00
03:03:43 AM   35    2.04    0.00    0.00    0.00    0.00    0.00    0.00    0.00    0.00   97.96

03:03:43 AM  CPU    %usr   %nice    %sys %iowait    %irq   %soft  %steal  %guest  %gnice   %idle
03:03:44 AM  all    1.09    0.00    1.54    0.14    0.00    0.06    0.00    0.00    0.00   97.17
03:03:44 AM    0    1.02    0.00    0.00    0.00    0.00    1.02    0.00    0.00    0.00   97.96
03:03:44 AM    1    0.99    0.00    1.98    0.00    0.00    0.00    0.00    0.00    0.00   97.03
03:03:44 AM    2    1.00    0.00    1.00    1.00    0.00    0.00    0.00    0.00    0.00   97.00
03:03:44 AM    3    1.00    0.00    0.00    0.00    0.00    0.00    0.00    0.00    0.00   99.00
03:03:44 AM    4    0.00    0.00    0.00    0.00    0.00    0.00    0.00    0.00    0.00  100.00
03:03:44 AM    5    0.00    0.00    0.00    0.00    0.00    1.00    0.00    0.00    0.00   99.00
03:03:44 AM    6    1.00    0.00    0.00    0.00    0.00    0.00    0.00    0.00    0.00   99.00
03:03:44 AM    7    1.01    0.00    1.01    0.00    0.00    0.00    0.00    0.00    0.00   97.98
03:03:44 AM    8    1.00    0.00    0.00    0.00    0.00    0.00    0.00    0.00    0.00   99.00
03:03:44 AM    9    1.00    0.00    0.00    0.00    0.00    0.00    0.00    0.00    0.00   99.00
03:03:44 AM   10    0.00    0.00    0.00    0.00    0.00    0.00    0.00    0.00    0.00  100.00
03:03:44 AM   11    0.00    0.00    0.00    0.00    0.00    0.00    0.00    0.00    0.00  100.00
03:03:44 AM   12    2.00    0.00    0.00    0.00    0.00    0.00    0.00    0.00    0.00   98.00
03:03:44 AM   13    1.00    0.00    0.00    1.00    0.00    0.00    0.00    0.00    0.00   98.00
03:03:44 AM   14    0.00    0.00    0.00    0.00    0.00    0.00    0.00    0.00    0.00  100.00
03:03:44 AM   15    1.00    0.00    1.00    0.00    0.00    0.00    0.00    0.00    0.00   98.00
03:03:44 AM   16    1.01    0.00    0.00    0.00    0.00    0.00    0.00    0.00    0.00   98.99
03:03:44 AM   17    2.00    0.00    0.00    0.00    0.00    0.00    0.00    0.00    0.00   98.00
03:03:44 AM   18    6.45    0.00   25.81    0.00    0.00    0.00    0.00    0.00    0.00   67.74
03:03:44 AM   19    9.57    0.00   18.09    0.00    0.00    0.00    0.00    0.00    0.00   72.34
03:03:44 AM   20    1.01    0.00    0.00    0.00    0.00    0.00    0.00    0.00    0.00   98.99
03:03:44 AM   21    0.00    0.00    0.00    0.00    0.00    0.00    0.00    0.00    0.00  100.00
03:03:44 AM   22    0.00    0.00    1.01    0.00    0.00    0.00    0.00    0.00    0.00   98.99
03:03:44 AM   23    0.00    0.00    1.02    0.00    0.00    0.00    0.00    0.00    0.00   98.98
03:03:44 AM   24    0.00    0.00    1.01    0.00    0.00    0.00    0.00    0.00    0.00   98.99
03:03:44 AM   25    1.00    0.00    1.00    1.00    0.00    0.00    0.00    0.00    0.00   97.00
03:03:44 AM   26    1.00    0.00    0.00    0.00    0.00    0.00    0.00    0.00    0.00   99.00
03:03:44 AM   27    0.00    0.00    0.00    0.00    0.00    0.00    0.00    0.00    0.00  100.00
03:03:44 AM   28    0.99    0.00    0.99    0.00    0.00    0.00    0.00    0.00    0.00   98.02
03:03:44 AM   29    0.00    0.00    0.00    1.01    0.00    0.00    0.00    0.00    0.00   98.99
03:03:44 AM   30    0.00    0.00    0.00    0.00    0.00    0.00    0.00    0.00    0.00  100.00
03:03:44 AM   31    0.00    0.00    1.00    1.00    0.00    0.00    0.00    0.00    0.00   98.00
03:03:44 AM   32    1.00    0.00    1.00    0.00    0.00    0.00    0.00    0.00    0.00   98.00
03:03:44 AM   33    2.00    0.00    0.00    0.00    0.00    0.00    0.00    0.00    0.00   98.00
03:03:44 AM   34    1.00    0.00    1.00    0.00    0.00    0.00    0.00    0.00    0.00   98.00
03:03:44 AM   35    0.99    0.00    0.99    0.00    0.00    0.00    0.00    0.00    0.00   98.02

03:03:44 AM  CPU    %usr   %nice    %sys %iowait    %irq   %soft  %steal  %guest  %gnice   %idle
03:03:45 AM  all    0.92    0.06    1.68    0.06    0.00    0.03    0.00    0.00    0.00   97.26
03:03:45 AM    0    0.00    0.00    0.00    1.02    0.00    1.02    0.00    0.00    0.00   97.96
03:03:45 AM    1    1.00    0.00    0.00    0.00    0.00    0.00    0.00    0.00    0.00   99.00
03:03:45 AM    2    1.98    0.00    0.00    0.00    0.00    0.00    0.00    0.00    0.00   98.02
03:03:45 AM    3    0.99    0.00    0.99    0.00    0.00    0.00    0.00    0.00    0.00   98.02
03:03:45 AM    4    0.00    0.00    0.00    0.00    0.00    0.00    0.00    0.00    0.00  100.00
03:03:45 AM    5    0.00    0.00    0.00    1.02    0.00    0.00    0.00    0.00    0.00   98.98
03:03:45 AM    6    2.02    0.00    6.06    0.00    0.00    0.00    0.00    0.00    0.00   91.92
03:03:45 AM    7    0.00    0.00    0.00    0.00    0.00    0.00    0.00    0.00    0.00  100.00
03:03:45 AM    8    0.00    2.02    0.00    0.00    0.00    0.00    0.00    0.00    0.00   97.98
03:03:45 AM    9    0.00    0.00    0.00    0.00    0.00    0.00    0.00    0.00    0.00  100.00
03:03:45 AM   10    0.99    0.00    0.99    0.00    0.00    0.00    0.00    0.00    0.00   98.02
03:03:45 AM   11    0.00    0.00    0.00    0.00    0.00    0.00    0.00    0.00    0.00  100.00
03:03:45 AM   12    1.98    0.00    0.00    0.00    0.00    0.00    0.00    0.00    0.00   98.02
03:03:45 AM   13    0.00    0.00    1.00    0.00    0.00    0.00    0.00    0.00    0.00   99.00
03:03:45 AM   14    1.00    0.00    0.00    0.00    0.00    0.00    0.00    0.00    0.00   99.00
03:03:45 AM   15    0.00    0.00    0.00    0.00    0.00    0.00    0.00    0.00    0.00  100.00
03:03:45 AM   16    0.00    0.00    1.00    0.00    0.00    0.00    0.00    0.00    0.00   99.00
03:03:45 AM   17    0.00    0.00    1.00    0.00    0.00    0.00    0.00    0.00    0.00   99.00
03:03:45 AM   18    9.28    0.00   25.77    0.00    0.00    0.00    0.00    0.00    0.00   64.95
03:03:45 AM   19    8.16    0.00   21.43    0.00    0.00    0.00    0.00    0.00    0.00   70.41
03:03:45 AM   20    0.00    0.00    1.01    0.00    0.00    0.00    0.00    0.00    0.00   98.99
03:03:45 AM   21    0.00    0.00    0.00    0.00    0.00    0.00    0.00    0.00    0.00  100.00
03:03:45 AM   22    1.01    0.00    0.00    0.00    0.00    0.00    0.00    0.00    0.00   98.99
03:03:45 AM   23    0.00    0.00    1.01    0.00    0.00    0.00    0.00    0.00    0.00   98.99
03:03:45 AM   24    0.00    0.00    0.00    0.00    0.00    0.00    0.00    0.00    0.00  100.00
03:03:45 AM   25    1.01    0.00    0.00    0.00    0.00    0.00    0.00    0.00    0.00   98.99
03:03:45 AM   26    0.00    0.00    0.00    0.00    0.00    0.00    0.00    0.00    0.00  100.00
03:03:45 AM   27    0.99    0.00    0.99    0.00    0.00    0.00    0.00    0.00    0.00   98.02
03:03:45 AM   28    1.00    0.00    0.00    0.00    0.00    0.00    0.00    0.00    0.00   99.00
03:03:45 AM   29    0.00    0.00    0.00    0.00    0.00    0.00    0.00    0.00    0.00  100.00
03:03:45 AM   30    0.00    0.00    0.00    0.00    0.00    0.00    0.00    0.00    0.00  100.00
03:03:45 AM   31    0.00    0.00    0.00    0.00    0.00    0.00    0.00    0.00    0.00  100.00
03:03:45 AM   32    0.00    0.00    0.00    0.00    0.00    0.00    0.00    0.00    0.00  100.00
03:03:45 AM   33    0.00    0.00    0.00    0.00    0.00    0.00    0.00    0.00    0.00  100.00
03:03:45 AM   34    0.00    0.00    0.00    0.00    0.00    0.00    0.00    0.00    0.00  100.00
03:03:45 AM   35    2.02    0.00    0.00    0.00    0.00    0.00    0.00    0.00    0.00   97.98

03:03:45 AM  CPU    %usr   %nice    %sys %iowait    %irq   %soft  %steal  %guest  %gnice   %idle
03:03:46 AM  all    1.60    0.03    1.74    0.08    0.00    0.00    0.00    0.00    0.00   96.55
03:03:46 AM    0    0.00    0.00    0.00    0.00    0.00    0.00    0.00    0.00    0.00  100.00
03:03:46 AM    1    1.01    0.00    0.00    0.00    0.00    0.00    0.00    0.00    0.00   98.99
03:03:46 AM    2    2.00    0.00    0.00    0.00    0.00    0.00    0.00    0.00    0.00   98.00
03:03:46 AM    3    0.00    0.00    0.00    0.00    0.00    0.00    0.00    0.00    0.00  100.00
03:03:46 AM    4    1.01    0.00    0.00    0.00    0.00    0.00    0.00    0.00    0.00   98.99
03:03:46 AM    5    0.00    0.99    1.98    0.00    0.00    0.00    0.00    0.00    0.00   97.03
03:03:46 AM    6    1.01    0.00    6.06    1.01    0.00    0.00    0.00    0.00    0.00   91.92
03:03:46 AM    7    2.02    0.00    0.00    0.00    0.00    0.00    0.00    0.00    0.00   97.98
03:03:46 AM    8    1.01    0.00    0.00    0.00    0.00    0.00    0.00    0.00    0.00   98.99
03:03:46 AM    9    2.00    0.00    0.00    1.00    0.00    0.00    0.00    0.00    0.00   97.00
03:03:46 AM   10    1.01    0.00    0.00    0.00    0.00    0.00    0.00    0.00    0.00   98.99
03:03:46 AM   11    2.00    0.00    1.00    0.00    0.00    0.00    0.00    0.00    0.00   97.00
03:03:46 AM   12    2.00    0.00    1.00    0.00    0.00    0.00    0.00    0.00    0.00   97.00
03:03:46 AM   13    1.01    0.00    0.00    0.00    0.00    0.00    0.00    0.00    0.00   98.99
03:03:46 AM   14    0.00    0.00    1.01    0.00    0.00    0.00    0.00    0.00    0.00   98.99
03:03:46 AM   15    1.01    0.00    0.00    0.00    0.00    0.00    0.00    0.00    0.00   98.99
03:03:46 AM   16    2.00    0.00    1.00    0.00    0.00    0.00    0.00    0.00    0.00   97.00
03:03:46 AM   17    0.00    0.00    0.00    1.01    0.00    0.00    0.00    0.00    0.00   98.99
03:03:46 AM   18   12.37    0.00   22.68    0.00    0.00    0.00    0.00    0.00    0.00   64.95
03:03:46 AM   19    5.43    0.00   20.65    0.00    0.00    0.00    0.00    0.00    0.00   73.91
03:03:46 AM   20    5.00    0.00    2.00    0.00    0.00    0.00    0.00    0.00    0.00   93.00
03:03:46 AM   21    0.00    0.00    0.00    0.00    0.00    0.00    0.00    0.00    0.00  100.00
03:03:46 AM   22    1.00    0.00    1.00    0.00    0.00    0.00    0.00    0.00    0.00   98.00
03:03:46 AM   23    0.00    0.00    0.00    0.00    0.00    0.00    0.00    0.00    0.00  100.00
03:03:46 AM   24    1.01    0.00    0.00    0.00    0.00    0.00    0.00    0.00    0.00   98.99
03:03:46 AM   25    1.00    0.00    1.00    0.00    0.00    0.00    0.00    0.00    0.00   98.00
03:03:46 AM   26    1.01    0.00    0.00    0.00    0.00    0.00    0.00    0.00    0.00   98.99
03:03:46 AM   27    1.98    0.00    0.00    0.00    0.00    0.00    0.00    0.00    0.00   98.02
03:03:46 AM   28    2.00    0.00    0.00    0.00    0.00    0.00    0.00    0.00    0.00   98.00
03:03:46 AM   29    0.00    0.00    1.98    0.00    0.00    0.00    0.00    0.00    0.00   98.02
03:03:46 AM   30    2.02    0.00    1.01    0.00    0.00    0.00    0.00    0.00    0.00   96.97
03:03:46 AM   31    1.01    0.00    0.00    0.00    0.00    0.00    0.00    0.00    0.00   98.99
03:03:46 AM   32    2.97    0.00    0.99    0.00    0.00    0.00    0.00    0.00    0.00   96.04
03:03:46 AM   33    0.00    0.00    1.01    0.00    0.00    0.00    0.00    0.00    0.00   98.99
03:03:46 AM   34    0.00    0.00    0.00    0.00    0.00    0.00    0.00    0.00    0.00  100.00
03:03:46 AM   35    2.02    0.00    0.00    0.00    0.00    0.00    0.00    0.00    0.00   97.98

03:03:46 AM  CPU    %usr   %nice    %sys %iowait    %irq   %soft  %steal  %guest  %gnice   %idle
03:03:47 AM  all    1.04    0.00    1.04    0.00    0.00    0.08    0.00    0.00    0.00   97.84
03:03:47 AM    0    1.01    0.00    0.00    0.00    0.00    2.02    0.00    0.00    0.00   96.97
03:03:47 AM    1    6.06    0.00    0.00    0.00    0.00    0.00    0.00    0.00    0.00   93.94
03:03:47 AM    2    1.02    0.00    1.02    0.00    0.00    0.00    0.00    0.00    0.00   97.96
03:03:47 AM    3    1.01    0.00    0.00    0.00    0.00    0.00    0.00    0.00    0.00   98.99
03:03:47 AM    4    0.00    0.00    1.00    0.00    0.00    0.00    0.00    0.00    0.00   99.00
03:03:47 AM    5    1.01    0.00    0.00    0.00    0.00    0.00    0.00    0.00    0.00   98.99
03:03:47 AM    6    1.00    0.00    3.00    0.00    0.00    0.00    0.00    0.00    0.00   96.00
03:03:47 AM    7    2.02    0.00    0.00    0.00    0.00    0.00    0.00    0.00    0.00   97.98
03:03:47 AM    8    1.01    0.00    0.00    0.00    0.00    0.00    0.00    0.00    0.00   98.99
03:03:47 AM    9    1.00    0.00    0.00    0.00    0.00    1.00    0.00    0.00    0.00   98.00
03:03:47 AM   10    2.00    0.00    1.00    0.00    0.00    0.00    0.00    0.00    0.00   97.00
03:03:47 AM   11    1.00    0.00    1.00    0.00    0.00    0.00    0.00    0.00    0.00   98.00
03:03:47 AM   12    0.00    0.00    1.01    0.00    0.00    0.00    0.00    0.00    0.00   98.99
03:03:47 AM   13    0.00    0.00    0.00    0.00    0.00    0.00    0.00    0.00    0.00  100.00
03:03:47 AM   14    1.00    0.00    0.00    0.00    0.00    0.00    0.00    0.00    0.00   99.00
03:03:47 AM   15    0.00    0.00    0.00    0.00    0.00    0.00    0.00    0.00    0.00  100.00
03:03:47 AM   16    2.04    0.00    0.00    0.00    0.00    0.00    0.00    0.00    0.00   97.96
03:03:47 AM   17    0.00    0.00    1.01    0.00    0.00    0.00    0.00    0.00    0.00   98.99
03:03:47 AM   18    2.15    0.00   10.75    0.00    0.00    0.00    0.00    0.00    0.00   87.10
03:03:47 AM   19    2.08    0.00   11.46    0.00    0.00    0.00    0.00    0.00    0.00   86.46
03:03:47 AM   20    0.99    0.00    0.99    0.00    0.00    0.00    0.00    0.00    0.00   98.02
03:03:47 AM   21    0.00    0.00    0.00    0.00    0.00    0.00    0.00    0.00    0.00  100.00
03:03:47 AM   22    0.00    0.00    1.01    0.00    0.00    0.00    0.00    0.00    0.00   98.99
03:03:47 AM   23    1.01    0.00    0.00    0.00    0.00    0.00    0.00    0.00    0.00   98.99
03:03:47 AM   24    0.00    0.00    1.00    0.00    0.00    0.00    0.00    0.00    0.00   99.00
03:03:47 AM   25    1.00    0.00    0.00    0.00    0.00    0.00    0.00    0.00    0.00   99.00
03:03:47 AM   26    0.00    0.00    1.00    0.00    0.00    0.00    0.00    0.00    0.00   99.00
03:03:47 AM   27    1.00    0.00    0.00    0.00    0.00    0.00    0.00    0.00    0.00   99.00
03:03:47 AM   28    0.00    0.00    0.00    0.00    0.00    0.00    0.00    0.00    0.00  100.00
03:03:47 AM   29    1.01    0.00    1.01    0.00    0.00    0.00    0.00    0.00    0.00   97.98
03:03:47 AM   30    1.98    0.00    0.00    0.00    0.00    0.00    0.00    0.00    0.00   98.02
03:03:47 AM   31    1.00    0.00    1.00    0.00    0.00    0.00    0.00    0.00    0.00   98.00
03:03:47 AM   32    1.01    0.00    0.00    0.00    0.00    0.00    0.00    0.00    0.00   98.99
03:03:47 AM   33    1.00    0.00    0.00    0.00    0.00    0.00    0.00    0.00    0.00   99.00
03:03:47 AM   34    1.00    0.00    0.00    0.00    0.00    0.00    0.00    0.00    0.00   99.00
03:03:47 AM   35    0.99    0.00    0.99    0.00    0.00    0.00    0.00    0.00    0.00   98.02

Average:     CPU    %usr   %nice    %sys %iowait    %irq   %soft  %steal  %guest  %gnice   %idle
Average:     all    1.13    0.01    1.53    0.06    0.00    0.06    0.00    0.00    0.00   97.21
Average:       0    0.83    0.00    0.28    0.09    0.00    0.83    0.00    0.00    0.00   97.97
Average:       1    1.37    0.00    0.37    0.00    0.00    0.00    0.00    0.00    0.00   98.26
Average:       2    0.91    0.00    0.46    0.18    0.00    0.00    0.00    0.00    0.00   98.45
Average:       3    0.64    0.00    0.18    0.00    0.00    0.09    0.00    0.00    0.00   99.09
Average:       4    0.64    0.09    0.36    0.00    0.00    0.00    0.00    0.00    0.00   98.91
Average:       5    0.91    0.18    0.37    0.09    0.00    0.09    0.00    0.00    0.00   98.35
Average:       6    1.18    0.00    2.00    0.09    0.00    0.09    0.00    0.00    0.00   96.64
Average:       7    1.10    0.00    0.46    0.00    0.00    0.00    0.00    0.00    0.00   98.44
Average:       8    0.91    0.18    0.36    0.09    0.00    0.09    0.00    0.00    0.00   98.36
Average:       9    0.82    0.00    0.18    0.09    0.00    0.27    0.00    0.00    0.00   98.63
Average:      10    0.73    0.00    0.27    0.09    0.00    0.00    0.00    0.00    0.00   98.90
Average:      11    0.73    0.00    0.46    0.09    0.00    0.09    0.00    0.00    0.00   98.63
Average:      12    1.19    0.00    0.55    0.00    0.00    0.00    0.00    0.00    0.00   98.27
Average:      13    0.83    0.00    0.55    0.09    0.00    0.00    0.00    0.00    0.00   98.53
Average:      14    1.55    0.00    3.10    0.00    0.00    0.09    0.00    0.00    0.00   95.26
Average:      15    0.73    0.00    0.37    0.18    0.00    0.00    0.00    0.00    0.00   98.72
Average:      16    1.28    0.00    0.46    0.00    0.00    0.09    0.00    0.00    0.00   98.17
Average:      17    0.55    0.00    0.46    0.18    0.00    0.09    0.00    0.00    0.00   98.72
Average:      18    8.31    0.00   21.78    0.00    0.00    0.00    0.00    0.00    0.00   69.91
Average:      19    6.74    0.00   17.90    0.00    0.00    0.00    0.00    0.00    0.00   75.36
Average:      20    0.73    0.00    0.64    0.09    0.00    0.00    0.00    0.00    0.00   98.54
Average:      21    0.18    0.00    0.00    0.00    0.00    0.09    0.00    0.00    0.00   99.72
Average:      22    0.37    0.00    0.55    0.09    0.00    0.00    0.00    0.00    0.00   98.99
Average:      23    0.37    0.00    0.73    0.00    0.00    0.00    0.00    0.00    0.00   98.90
Average:      24    0.28    0.00    0.37    0.00    0.00    0.00    0.00    0.00    0.00   99.36
Average:      25    0.55    0.00    0.55    0.09    0.00    0.00    0.00    0.00    0.00   98.81
Average:      26    0.18    0.00    0.09    0.00    0.00    0.00    0.00    0.00    0.00   99.73
Average:      27    0.73    0.00    0.09    0.09    0.00    0.09    0.00    0.00    0.00   99.00
Average:      28    0.64    0.00    0.27    0.09    0.00    0.00    0.00    0.00    0.00   99.00
Average:      29    0.55    0.00    0.36    0.18    0.00    0.09    0.00    0.00    0.00   98.81
Average:      30    0.73    0.00    0.46    0.00    0.00    0.00    0.00    0.00    0.00   98.81
Average:      31    0.55    0.00    0.37    0.09    0.00    0.00    0.00    0.00    0.00   98.99
Average:      32    0.82    0.00    0.46    0.00    0.00    0.00    0.00    0.00    0.00   98.72
Average:      33    0.73    0.00    0.37    0.00    0.00    0.00    0.00    0.00    0.00   98.90
Average:      34    0.82    0.00    0.18    0.00    0.00    0.00    0.00    0.00    0.00   98.99
Average:      35    1.09    0.00    0.46    0.00    0.00    0.00    0.00    0.00    0.00   98.45
