Linux 5.15.0-186-generic (rapids4) 	07/28/2026 	_x86_64_	(36 CPU)

03:17:58 AM  CPU    %usr   %nice    %sys %iowait    %irq   %soft  %steal  %guest  %gnice   %idle
03:17:59 AM  all    1.08    0.03    2.86    0.14    0.00    2.33    0.00    0.00    0.00   93.56
03:17:59 AM    0    0.88    0.00    1.75    0.00    0.00   13.16    0.00    0.00    0.00   84.21
03:17:59 AM    1    1.00    0.00    0.00    0.00    0.00    2.00    0.00    0.00    0.00   97.00
03:17:59 AM    2    1.90    0.00    0.95    0.00    0.00    4.76    0.00    0.00    0.00   92.38
03:17:59 AM    3    2.00    0.00    0.00    0.00    0.00    0.00    0.00    0.00    0.00   98.00
03:17:59 AM    4    0.00    0.00    0.00    0.00    0.00    0.00    0.00    0.00    0.00  100.00
03:17:59 AM    5    0.00    0.00    1.02    0.00    0.00    0.00    0.00    0.00    0.00   98.98
03:17:59 AM    6    0.00    0.00    0.00    1.01    0.00    0.00    0.00    0.00    0.00   98.99
03:17:59 AM    7    3.00    0.00    0.00    1.00    0.00    0.00    0.00    0.00    0.00   96.00
03:17:59 AM    8    1.01    1.01    0.00    0.00    0.00    1.01    0.00    0.00    0.00   96.97
03:17:59 AM    9    1.00    0.00    1.00    0.00    0.00    0.00    0.00    0.00    0.00   98.00
03:17:59 AM   10    1.00    0.00    0.00    0.00    0.00    0.00    0.00    0.00    0.00   99.00
03:17:59 AM   11    2.00    0.00    0.00    0.00    0.00    0.00    0.00    0.00    0.00   98.00
03:17:59 AM   12    1.98    0.00    0.00    0.99    0.00    0.00    0.00    0.00    0.00   97.03
03:17:59 AM   13    1.00    0.00    0.00    0.00    0.00    0.00    0.00    0.00    0.00   99.00
03:17:59 AM   14    1.98    0.00    0.00    0.99    0.00    0.00    0.00    0.00    0.00   97.03
03:17:59 AM   15    1.01    0.00    0.00    0.00    0.00    0.00    0.00    0.00    0.00   98.99
03:17:59 AM   16    0.00    0.00    0.00    0.00    0.00    0.00    0.00    0.00    0.00  100.00
03:17:59 AM   17    2.02    0.00    0.00    0.00    0.00    0.00    0.00    0.00    0.00   97.98
03:17:59 AM   18    1.00    0.00    0.00    0.00    0.00    0.00    0.00    0.00    0.00   99.00
03:17:59 AM   19    1.00    0.00    0.00    0.00    0.00    0.00    0.00    0.00    0.00   99.00
03:17:59 AM   20    7.07    0.00   53.54    0.00    0.00   24.24    0.00    0.00    0.00   15.15
03:17:59 AM   21    2.00    0.00   42.00    0.00    0.00   37.00    0.00    0.00    0.00   19.00
03:17:59 AM   22    1.01    0.00    0.00    0.00    0.00    0.00    0.00    0.00    0.00   98.99
03:17:59 AM   23    1.01    0.00    0.00    1.01    0.00    0.00    0.00    0.00    0.00   97.98
03:17:59 AM   24    1.00    0.00    1.00    0.00    0.00    0.00    0.00    0.00    0.00   98.00
03:17:59 AM   25    0.00    0.00    0.00    0.00    0.00    0.00    0.00    0.00    0.00  100.00
03:17:59 AM   26    1.00    0.00    1.00    0.00    0.00    0.00    0.00    0.00    0.00   98.00
03:17:59 AM   27    0.00    0.00    0.00    0.00    0.00    0.00    0.00    0.00    0.00  100.00
03:17:59 AM   28    0.00    0.00    0.00    0.00    0.00    0.00    0.00    0.00    0.00  100.00
03:17:59 AM   29    0.00    0.00    0.00    0.00    0.00    0.00    0.00    0.00    0.00  100.00
03:17:59 AM   30    0.00    0.00    0.00    0.00    0.00    0.00    0.00    0.00    0.00  100.00
03:17:59 AM   31    0.99    0.00    0.99    0.00    0.00    0.00    0.00    0.00    0.00   98.02
03:17:59 AM   32    1.00    0.00    0.00    0.00    0.00    0.00    0.00    0.00    0.00   99.00
03:17:59 AM   33    0.00    0.00    0.00    0.00    0.00    0.00    0.00    0.00    0.00  100.00
03:17:59 AM   34    0.00    0.00    0.00    0.00    0.00    0.00    0.00    0.00    0.00  100.00
03:17:59 AM   35    0.00    0.00    0.00    0.00    0.00    0.00    0.00    0.00    0.00  100.00

03:17:59 AM  CPU    %usr   %nice    %sys %iowait    %irq   %soft  %steal  %guest  %gnice   %idle
03:18:00 AM  all    1.27    0.06    3.35    0.03    0.00    2.91    0.00    0.00    0.00   92.38
03:18:00 AM    0    0.84    0.84    0.84    0.00    0.00   16.81    0.00    0.00    0.00   80.67
03:18:00 AM    1    0.97    0.00    0.97    0.00    0.00    3.88    0.00    0.00    0.00   94.17
03:18:00 AM    2    0.00    0.00    0.00    0.00    0.00    0.00    0.00    0.00    0.00  100.00
03:18:00 AM    3    1.01    0.00    0.00    0.00    0.00    0.00    0.00    0.00    0.00   98.99
03:18:00 AM    4    2.00    0.00    1.00    0.00    0.00    0.00    0.00    0.00    0.00   97.00
03:18:00 AM    5    0.00    0.00    0.00    0.00    0.00    0.00    0.00    0.00    0.00  100.00
03:18:00 AM    6    1.01    0.00    0.00    0.00    0.00    0.00    0.00    0.00    0.00   98.99
03:18:00 AM    7    1.01    0.00    0.00    0.00    0.00    0.00    0.00    0.00    0.00   98.99
03:18:00 AM    8    0.98    0.98    0.98    0.00    0.00    0.00    0.00    0.00    0.00   97.06
03:18:00 AM    9    0.99    0.00    0.99    0.00    0.00    0.00    0.00    0.00    0.00   98.02
03:18:00 AM   10    2.00    0.00    0.00    0.00    0.00    0.00    0.00    0.00    0.00   98.00
03:18:00 AM   11    1.00    0.00    1.00    0.00    0.00    0.00    0.00    0.00    0.00   98.00
03:18:00 AM   12    0.00    0.00    0.00    0.00    0.00    0.00    0.00    0.00    0.00  100.00
03:18:00 AM   13    5.00    0.00    6.00    0.00    0.00    0.00    0.00    0.00    0.00   89.00
03:18:00 AM   14    0.00    0.00    0.00    0.00    0.00    0.00    0.00    0.00    0.00  100.00
03:18:00 AM   15    1.01    0.00    0.00    1.01    0.00    0.00    0.00    0.00    0.00   97.98
03:18:00 AM   16    1.00    0.00    1.00    0.00    0.00    0.00    0.00    0.00    0.00   98.00
03:18:00 AM   17    0.00    0.00    1.01    0.00    0.00    0.00    0.00    0.00    0.00   98.99
03:18:00 AM   18    0.00    0.00    0.00    0.00    0.00    0.00    0.00    0.00    0.00  100.00
03:18:00 AM   19    0.00    0.00    0.00    0.00    0.00    0.00    0.00    0.00    0.00  100.00
03:18:00 AM   20    8.91    0.00   53.47    0.00    0.00   37.62    0.00    0.00    0.00    0.00
03:18:00 AM   21    3.12    0.00   48.96    0.00    0.00   44.79    0.00    0.00    0.00    3.12
03:18:00 AM   22    1.00    0.00    0.00    0.00    0.00    0.00    0.00    0.00    0.00   99.00
03:18:00 AM   23    0.99    0.00    0.99    0.00    0.00    0.00    0.00    0.00    0.00   98.02
03:18:00 AM   24    0.00    0.00    0.00    0.00    0.00    0.00    0.00    0.00    0.00  100.00
03:18:00 AM   25    0.00    0.00    1.00    0.00    0.00    0.00    0.00    0.00    0.00   99.00
03:18:00 AM   26    0.00    0.00    0.00    0.00    0.00    0.00    0.00    0.00    0.00  100.00
03:18:00 AM   27    0.00    0.00    1.00    0.00    0.00    0.00    0.00    0.00    0.00   99.00
03:18:00 AM   28    1.98    0.00    0.00    0.00    0.00    0.00    0.00    0.00    0.00   98.02
03:18:00 AM   29    0.99    0.00    0.99    0.00    0.00    0.00    0.00    0.00    0.00   98.02
03:18:00 AM   30    2.00    0.00    1.00    0.00    0.00    0.00    0.00    0.00    0.00   97.00
03:18:00 AM   31    2.00    0.00    0.00    0.00    0.00    0.00    0.00    0.00    0.00   98.00
03:18:00 AM   32    1.01    0.00    0.00    0.00    0.00    0.00    0.00    0.00    0.00   98.99
03:18:00 AM   33    2.00    0.00    0.00    0.00    0.00    0.00    0.00    0.00    0.00   98.00
03:18:00 AM   34    1.96    0.00    0.98    0.00    0.00    0.00    0.00    0.00    0.00   97.06
03:18:00 AM   35    1.01    0.00    0.00    0.00    0.00    0.00    0.00    0.00    0.00   98.99

03:18:00 AM  CPU    %usr   %nice    %sys %iowait    %irq   %soft  %steal  %guest  %gnice   %idle
03:18:01 AM  all    1.14    0.00    3.64    0.14    0.00    2.73    0.00    0.00    0.00   92.35
03:18:01 AM    0    0.83    0.00    0.83    0.00    0.00   19.17    0.00    0.00    0.00   79.17
03:18:01 AM    1    0.00    0.00    1.00    0.00    0.00    1.00    0.00    0.00    0.00   98.00
03:18:01 AM    2    0.00    0.00    1.01    1.01    0.00    0.00    0.00    0.00    0.00   97.98
03:18:01 AM    3    1.00    0.00    1.00    0.00    0.00    0.00    0.00    0.00    0.00   98.00
03:18:01 AM    4    1.00    0.00    1.00    0.00    0.00    0.00    0.00    0.00    0.00   98.00
03:18:01 AM    5    1.00    0.00    1.00    0.00    0.00    0.00    0.00    0.00    0.00   98.00
03:18:01 AM    6    1.01    0.00    0.00    0.00    0.00    0.00    0.00    0.00    0.00   98.99
03:18:01 AM    7    0.00    0.00    0.00    0.00    0.00    0.00    0.00    0.00    0.00  100.00
03:18:01 AM    8    1.00    0.00    0.00    1.00    0.00    0.00    0.00    0.00    0.00   98.00
03:18:01 AM    9    1.02    0.00    0.00    0.00    0.00    0.00    0.00    0.00    0.00   98.98
03:18:01 AM   10    2.00    0.00    0.00    1.00    0.00    0.00    0.00    0.00    0.00   97.00
03:18:01 AM   11    1.01    0.00    0.00    0.00    0.00    0.00    0.00    0.00    0.00   98.99
03:18:01 AM   12    2.02    0.00    0.00    0.00    0.00    0.00    0.00    0.00    0.00   97.98
03:18:01 AM   13    4.04    0.00    6.06    0.00    0.00    0.00    0.00    0.00    0.00   89.90
03:18:01 AM   14    0.00    0.00    1.01    0.00    0.00    0.00    0.00    0.00    0.00   98.99
03:18:01 AM   15    2.00    0.00    0.00    0.00    0.00    0.00    0.00    0.00    0.00   98.00
03:18:01 AM   16    0.00    0.00    0.00    0.00    0.00    0.00    0.00    0.00    0.00  100.00
03:18:01 AM   17    1.00    0.00    1.00    0.00    0.00    0.00    0.00    0.00    0.00   98.00
03:18:01 AM   18    1.01    0.00    2.02    0.00    0.00    0.00    0.00    0.00    0.00   96.97
03:18:01 AM   19    1.00    0.00    1.00    0.00    0.00    0.00    0.00    0.00    0.00   98.00
03:18:01 AM   20   10.10    0.00   60.61    0.00    0.00   29.29    0.00    0.00    0.00    0.00
03:18:01 AM   21    3.00    0.00   49.00    0.00    0.00   45.00    0.00    0.00    0.00    3.00
03:18:01 AM   22    2.00    0.00    1.00    0.00    0.00    0.00    0.00    0.00    0.00   97.00
03:18:01 AM   23    1.00    0.00    1.00    1.00    0.00    0.00    0.00    0.00    0.00   97.00
03:18:01 AM   24    1.00    0.00    1.00    0.00    0.00    0.00    0.00    0.00    0.00   98.00
03:18:01 AM   25    0.00    0.00    0.00    0.00    0.00    0.00    0.00    0.00    0.00  100.00
03:18:01 AM   26    1.00    0.00    0.00    0.00    0.00    0.00    0.00    0.00    0.00   99.00
03:18:01 AM   27    1.01    0.00    0.00    0.00    0.00    0.00    0.00    0.00    0.00   98.99
03:18:01 AM   28    0.00    0.00    0.00    0.00    0.00    0.00    0.00    0.00    0.00  100.00
03:18:01 AM   29    0.00    0.00    0.00    0.00    0.00    0.00    0.00    0.00    0.00  100.00
03:18:01 AM   30    1.00    0.00    0.00    0.00    0.00    0.00    0.00    0.00    0.00   99.00
03:18:01 AM   31    0.00    0.00    0.00    1.02    0.00    0.00    0.00    0.00    0.00   98.98
03:18:01 AM   32    0.00    0.00    0.00    0.00    0.00    0.00    0.00    0.00    0.00  100.00
03:18:01 AM   33    0.00    0.00    2.00    0.00    0.00    0.00    0.00    0.00    0.00   98.00
03:18:01 AM   34    0.00    0.00    0.00    0.00    0.00    0.00    0.00    0.00    0.00  100.00
03:18:01 AM   35    0.00    0.00    0.00    0.00    0.00    0.00    0.00    0.00    0.00  100.00

03:18:01 AM  CPU    %usr   %nice    %sys %iowait    %irq   %soft  %steal  %guest  %gnice   %idle
03:18:02 AM  all    0.81    0.00    3.06    0.03    0.00    2.78    0.00    0.00    0.00   93.33
03:18:02 AM    0    0.88    0.00    0.00    0.00    0.00   14.16    0.00    0.00    0.00   84.96
03:18:02 AM    1    0.99    0.00    0.00    0.00    0.00    0.99    0.00    0.00    0.00   98.02
03:18:02 AM    2    0.00    0.00    1.00    0.00    0.00    0.00    0.00    0.00    0.00   99.00
03:18:02 AM    3    0.00    0.00    0.00    0.00    0.00    0.00    0.00    0.00    0.00  100.00
03:18:02 AM    4    0.00    0.00    0.00    0.00    0.00    0.00    0.00    0.00    0.00  100.00
03:18:02 AM    5    1.01    0.00    0.00    1.01    0.00    0.00    0.00    0.00    0.00   97.98
03:18:02 AM    6    0.98    0.00    0.98    0.00    0.00    0.00    0.00    0.00    0.00   98.04
03:18:02 AM    7    0.00    0.00    0.00    0.00    0.00    0.00    0.00    0.00    0.00  100.00
03:18:02 AM    8    0.00    0.00    0.00    0.00    0.00    0.00    0.00    0.00    0.00  100.00
03:18:02 AM    9    1.98    0.00    0.00    0.00    0.00    0.00    0.00    0.00    0.00   98.02
03:18:02 AM   10    0.00    0.00    1.00    0.00    0.00    0.00    0.00    0.00    0.00   99.00
03:18:02 AM   11    0.00    0.00    0.00    0.00    0.00    0.00    0.00    0.00    0.00  100.00
03:18:02 AM   12    1.01    0.00    1.01    0.00    0.00    0.00    0.00    0.00    0.00   97.98
03:18:02 AM   13    0.00    0.00    0.00    0.00    0.00    0.00    0.00    0.00    0.00  100.00
03:18:02 AM   14    1.00    0.00    0.00    0.00    0.00    0.00    0.00    0.00    0.00   99.00
03:18:02 AM   15    0.00    0.00    0.00    0.00    0.00    0.00    0.00    0.00    0.00  100.00
03:18:02 AM   16    1.00    0.00    0.00    0.00    0.00    0.00    0.00    0.00    0.00   99.00
03:18:02 AM   17    1.98    0.00    0.00    0.00    0.00    0.00    0.00    0.00    0.00   98.02
03:18:02 AM   18    1.00    0.00    0.00    0.00    0.00    0.00    0.00    0.00    0.00   99.00
03:18:02 AM   19    0.00    0.00    0.00    0.00    0.00    0.00    0.00    0.00    0.00  100.00
03:18:02 AM   20    6.00    0.00   58.00    0.00    0.00   36.00    0.00    0.00    0.00    0.00
03:18:02 AM   21    2.04    0.00   47.96    0.00    0.00   47.96    0.00    0.00    0.00    2.04
03:18:02 AM   22    0.00    0.00    0.00    0.00    0.00    0.00    0.00    0.00    0.00  100.00
03:18:02 AM   23    0.00    0.00    1.00    0.00    0.00    0.00    0.00    0.00    0.00   99.00
03:18:02 AM   24    0.00    0.00    0.00    0.00    0.00    0.00    0.00    0.00    0.00  100.00
03:18:02 AM   25    1.01    0.00    0.00    0.00    0.00    0.00    0.00    0.00    0.00   98.99
03:18:02 AM   26    1.00    0.00    0.00    0.00    0.00    0.00    0.00    0.00    0.00   99.00
03:18:02 AM   27    1.00    0.00    0.00    0.00    0.00    0.00    0.00    0.00    0.00   99.00
03:18:02 AM   28    0.00    0.00    0.00    0.00    0.00    0.00    0.00    0.00    0.00  100.00
03:18:02 AM   29    1.01    0.00    0.00    0.00    0.00    0.00    0.00    0.00    0.00   98.99
03:18:02 AM   30    0.00    0.00    0.00    0.00    0.00    0.00    0.00    0.00    0.00  100.00
03:18:02 AM   31    1.98    0.00    0.00    0.00    0.00    0.00    0.00    0.00    0.00   98.02
03:18:02 AM   32    0.00    0.00    0.00    0.00    0.00    0.00    0.00    0.00    0.00  100.00
03:18:02 AM   33    0.00    0.00    0.00    0.00    0.00    0.00    0.00    0.00    0.00  100.00
03:18:02 AM   34    1.00    0.00    0.00    0.00    0.00    0.00    0.00    0.00    0.00   99.00
03:18:02 AM   35    1.98    0.00    0.00    0.00    0.00    0.00    0.00    0.00    0.00   98.02

03:18:02 AM  CPU    %usr   %nice    %sys %iowait    %irq   %soft  %steal  %guest  %gnice   %idle
03:18:03 AM  all    1.17    0.03    3.41    0.06    0.00    2.97    0.00    0.00    0.00   92.37
03:18:03 AM    0    0.88    0.00    1.75    0.00    0.00   14.04    0.00    0.00    0.00   83.33
03:18:03 AM    1    0.00    0.00    1.94    0.00    0.00    2.91    0.00    0.00    0.00   95.15
03:18:03 AM    2    1.98    0.00    0.00    0.00    0.00    0.99    0.00    0.00    0.00   97.03
03:18:03 AM    3    2.00    0.00    2.00    0.00    0.00    0.00    0.00    0.00    0.00   96.00
03:18:03 AM    4    0.00    0.00    0.00    0.00    0.00    0.00    0.00    0.00    0.00  100.00
03:18:03 AM    5    0.00    0.00    1.00    1.00    0.00    1.00    0.00    0.00    0.00   97.00
03:18:03 AM    6    2.02    0.00    0.00    0.00    0.00    0.00    0.00    0.00    0.00   97.98
03:18:03 AM    7    3.00    0.00    0.00    0.00    0.00    0.00    0.00    0.00    0.00   97.00
03:18:03 AM    8    2.00    0.00    0.00    0.00    0.00    0.00    0.00    0.00    0.00   98.00
03:18:03 AM    9    1.01    0.00    1.01    0.00    0.00    0.00    0.00    0.00    0.00   97.98
03:18:03 AM   10    1.01    0.00    1.01    0.00    0.00    0.00    0.00    0.00    0.00   97.98
03:18:03 AM   11    1.98    0.99    0.00    0.00    0.00    0.00    0.00    0.00    0.00   97.03
03:18:03 AM   12    2.97    0.00    0.00    0.00    0.00    0.00    0.00    0.00    0.00   97.03
03:18:03 AM   13    6.93    0.00    4.95    0.00    0.00    0.99    0.00    0.00    0.00   87.13
03:18:03 AM   14    1.00    0.00    1.00    0.00    0.00    1.00    0.00    0.00    0.00   97.00
03:18:03 AM   15    1.00    0.00    0.00    0.00    0.00    0.00    0.00    0.00    0.00   99.00
03:18:03 AM   16    0.00    0.00    1.00    0.00    0.00    0.00    0.00    0.00    0.00   99.00
03:18:03 AM   17    1.01    0.00    0.00    0.00    0.00    0.00    0.00    0.00    0.00   98.99
03:18:03 AM   18    1.01    0.00    0.00    0.00    0.00    0.00    0.00    0.00    0.00   98.99
03:18:03 AM   19    0.98    0.00    0.00    0.98    0.00    0.98    0.00    0.00    0.00   97.06
03:18:03 AM   20    7.92    0.00   54.46    0.00    0.00   37.62    0.00    0.00    0.00    0.00
03:18:03 AM   21    2.02    0.00   50.51    0.00    0.00   45.45    0.00    0.00    0.00    2.02
03:18:03 AM   22    0.00    0.00    0.00    0.00    0.00    0.00    0.00    0.00    0.00  100.00
03:18:03 AM   23    0.00    0.00    0.00    0.00    0.00    0.00    0.00    0.00    0.00  100.00
03:18:03 AM   24    0.00    0.00    0.00    0.00    0.00    0.00    0.00    0.00    0.00  100.00
03:18:03 AM   25    0.00    0.00    0.00    0.00    0.00    0.00    0.00    0.00    0.00  100.00
03:18:03 AM   26    0.00    0.00    0.00    0.00    0.00    0.00    0.00    0.00    0.00  100.00
03:18:03 AM   27    0.00    0.00    0.00    0.00    0.00    0.00    0.00    0.00    0.00  100.00
03:18:03 AM   28    0.00    0.00    0.00    0.00    0.00    0.00    0.00    0.00    0.00  100.00
03:18:03 AM   29    0.00    0.00    0.00    0.00    0.00    0.00    0.00    0.00    0.00  100.00
03:18:03 AM   30    0.00    0.00    1.00    0.00    0.00    0.00    0.00    0.00    0.00   99.00
03:18:03 AM   31    0.00    0.00    0.00    0.00    0.00    0.00    0.00    0.00    0.00  100.00
03:18:03 AM   32    0.00    0.00    0.00    0.00    0.00    0.00    0.00    0.00    0.00  100.00
03:18:03 AM   33    0.00    0.00    0.00    0.00    0.00    0.00    0.00    0.00    0.00  100.00
03:18:03 AM   34    0.00    0.00    0.00    0.00    0.00    0.00    0.00    0.00    0.00  100.00
03:18:03 AM   35    0.99    0.00    0.99    0.00    0.00    0.00    0.00    0.00    0.00   98.02

03:18:03 AM  CPU    %usr   %nice    %sys %iowait    %irq   %soft  %steal  %guest  %gnice   %idle
03:18:04 AM  all    0.53    0.03    3.35    0.00    0.00    2.32    0.00    0.00    0.00   93.78
03:18:04 AM    0    0.00    0.00    0.00    0.00    0.00    5.00    0.00    0.00    0.00   95.00
03:18:04 AM    1    0.00    0.00    0.00    0.00    0.00    0.00    0.00    0.00    0.00  100.00
03:18:04 AM    2    0.00    0.00    0.00    0.00    0.00    0.00    0.00    0.00    0.00  100.00
03:18:04 AM    3    0.00    0.00    0.00    0.00    0.00    0.00    0.00    0.00    0.00  100.00
03:18:04 AM    4    0.00    0.99    0.99    0.00    0.00    0.00    0.00    0.00    0.00   98.02
03:18:04 AM    5    0.00    0.00    0.00    0.00    0.00    0.00    0.00    0.00    0.00  100.00
03:18:04 AM    6    0.00    0.00    0.00    0.00    0.00    0.00    0.00    0.00    0.00  100.00
03:18:04 AM    7    0.00    0.00    0.00    0.00    0.00    0.00    0.00    0.00    0.00  100.00
03:18:04 AM    8    1.01    0.00    0.00    0.00    0.00    0.00    0.00    0.00    0.00   98.99
03:18:04 AM    9    1.01    0.00    0.00    0.00    0.00    0.00    0.00    0.00    0.00   98.99
03:18:04 AM   10    0.99    0.00    0.99    0.00    0.00    0.00    0.00    0.00    0.00   98.02
03:18:04 AM   11    1.01    0.00    1.01    0.00    0.00    0.00    0.00    0.00    0.00   97.98
03:18:04 AM   12    0.00    0.00    0.00    0.00    0.00    0.00    0.00    0.00    0.00  100.00
03:18:04 AM   13    0.99    0.00    0.99    0.00    0.00    0.00    0.00    0.00    0.00   98.02
03:18:04 AM   14    0.00    0.00    0.00    0.00    0.00    0.00    0.00    0.00    0.00  100.00
03:18:04 AM   15    0.00    0.00    0.00    0.00    0.00    0.00    0.00    0.00    0.00  100.00
03:18:04 AM   16    0.00    0.00    1.01    0.00    0.00    0.00    0.00    0.00    0.00   98.99
03:18:04 AM   17    0.00    0.00    0.00    0.00    0.00    0.00    0.00    0.00    0.00  100.00
03:18:04 AM   18    0.00    0.00    0.00    0.00    0.00    0.00    0.00    0.00    0.00  100.00
03:18:04 AM   19    0.00    0.00    0.00    0.00    0.00    0.00    0.00    0.00    0.00  100.00
03:18:04 AM   20    5.00    0.00   62.00    0.00    0.00   33.00    0.00    0.00    0.00    0.00
03:18:04 AM   21    3.03    0.00   49.49    0.00    0.00   45.45    0.00    0.00    0.00    2.02
03:18:04 AM   22    0.00    0.00    1.00    0.00    0.00    0.00    0.00    0.00    0.00   99.00
03:18:04 AM   23    0.00    0.00    0.00    0.00    0.00    0.00    0.00    0.00    0.00  100.00
03:18:04 AM   24    1.00    0.00    0.00    0.00    0.00    0.00    0.00    0.00    0.00   99.00
03:18:04 AM   25    0.00    0.00    1.00    0.00    0.00    0.00    0.00    0.00    0.00   99.00
03:18:04 AM   26    0.00    0.00    0.00    0.00    0.00    0.00    0.00    0.00    0.00  100.00
03:18:04 AM   27    0.00    0.00    0.99    0.00    0.00    0.00    0.00    0.00    0.00   99.01
03:18:04 AM   28    0.99    0.00    0.00    0.00    0.00    0.00    0.00    0.00    0.00   99.01
03:18:04 AM   29    0.00    0.00    0.00    0.00    0.00    0.00    0.00    0.00    0.00  100.00
03:18:04 AM   30    1.00    0.00    0.00    0.00    0.00    0.00    0.00    0.00    0.00   99.00
03:18:04 AM   31    0.00    0.00    0.00    0.00    0.00    0.00    0.00    0.00    0.00  100.00
03:18:04 AM   32    0.99    0.00    0.99    0.00    0.00    0.00    0.00    0.00    0.00   98.02
03:18:04 AM   33    1.00    0.00    0.00    0.00    0.00    0.00    0.00    0.00    0.00   99.00
03:18:04 AM   34    1.00    0.00    0.00    0.00    0.00    0.00    0.00    0.00    0.00   99.00
03:18:04 AM   35    0.00    0.00    0.00    0.00    0.00    0.00    0.00    0.00    0.00  100.00

03:18:04 AM  CPU    %usr   %nice    %sys %iowait    %irq   %soft  %steal  %guest  %gnice   %idle
03:18:05 AM  all    0.89    0.00    3.66    0.06    0.00    2.69    0.00    0.00    0.00   92.70
03:18:05 AM    0    0.88    0.00    0.88    0.88    0.00   14.04    0.00    0.00    0.00   83.33
03:18:05 AM    1    0.00    0.00    0.00    0.00    0.00    1.00    0.00    0.00    0.00   99.00
03:18:05 AM    2    1.02    0.00    4.08    1.02    0.00    0.00    0.00    0.00    0.00   93.88
03:18:05 AM    3    1.00    0.00    0.00    0.00    0.00    0.00    0.00    0.00    0.00   99.00
03:18:05 AM    4    1.00    0.00    0.00    0.00    0.00    0.00    0.00    0.00    0.00   99.00
03:18:05 AM    5    0.00    0.00    0.00    0.00    0.00    0.00    0.00    0.00    0.00  100.00
03:18:05 AM    6    0.98    0.00    0.98    0.00    0.00    0.98    0.00    0.00    0.00   97.06
03:18:05 AM    7    1.94    0.00    1.94    0.00    0.00    0.00    0.00    0.00    0.00   96.12
03:18:05 AM    8    1.01    0.00    0.00    0.00    0.00    0.00    0.00    0.00    0.00   98.99
03:18:05 AM    9    0.00    0.00    1.00    0.00    0.00    0.00    0.00    0.00    0.00   99.00
03:18:05 AM   10    0.00    0.00    0.00    0.00    0.00    0.00    0.00    0.00    0.00  100.00
03:18:05 AM   11    1.01    0.00    0.00    0.00    0.00    0.00    0.00    0.00    0.00   98.99
03:18:05 AM   12    1.01    0.00    0.00    0.00    0.00    0.00    0.00    0.00    0.00   98.99
03:18:05 AM   13    2.00    0.00    7.00    0.00    0.00    0.00    0.00    0.00    0.00   91.00
03:18:05 AM   14    1.00    0.00    0.00    0.00    0.00    0.00    0.00    0.00    0.00   99.00
03:18:05 AM   15    0.00    0.00    0.00    0.00    0.00    0.00    0.00    0.00    0.00  100.00
03:18:05 AM   16    1.00    0.00    0.00    0.00    0.00    0.00    0.00    0.00    0.00   99.00
03:18:05 AM   17    0.99    0.00    0.99    0.00    0.00    0.00    0.00    0.00    0.00   98.02
03:18:05 AM   18    1.01    0.00    0.00    0.00    0.00    0.00    0.00    0.00    0.00   98.99
03:18:05 AM   19    0.00    0.00    0.99    0.00    0.00    0.00    0.00    0.00    0.00   99.01
03:18:05 AM   20    7.07    0.00   57.58    0.00    0.00   35.35    0.00    0.00    0.00    0.00
03:18:05 AM   21    1.01    0.00   52.53    0.00    0.00   44.44    0.00    0.00    0.00    2.02
03:18:05 AM   22    1.01    0.00    0.00    0.00    0.00    0.00    0.00    0.00    0.00   98.99
03:18:05 AM   23    1.98    0.00    0.99    0.00    0.00    0.00    0.00    0.00    0.00   97.03
03:18:05 AM   24    0.00    0.00    1.01    0.00    0.00    0.00    0.00    0.00    0.00   98.99
03:18:05 AM   25    1.98    0.00    0.99    0.00    0.00    0.00    0.00    0.00    0.00   97.03
03:18:05 AM   26    0.00    0.00    0.00    0.00    0.00    0.00    0.00    0.00    0.00  100.00
03:18:05 AM   27    0.00    0.00    0.00    0.00    0.00    0.00    0.00    0.00    0.00  100.00
03:18:05 AM   28    0.00    0.00    0.00    0.00    0.00    0.00    0.00    0.00    0.00  100.00
03:18:05 AM   29    0.00    0.00    1.00    0.00    0.00    0.00    0.00    0.00    0.00   99.00
03:18:05 AM   30    0.00    0.00    0.00    0.00    0.00    0.00    0.00    0.00    0.00  100.00
03:18:05 AM   31    1.00    0.00    1.00    0.00    0.00    0.00    0.00    0.00    0.00   98.00
03:18:05 AM   32    0.00    0.00    0.00    0.00    0.00    0.00    0.00    0.00    0.00  100.00
03:18:05 AM   33    0.00    0.00    0.00    0.00    0.00    0.00    0.00    0.00    0.00  100.00
03:18:05 AM   34    0.00    0.00    0.00    0.00    0.00    0.00    0.00    0.00    0.00  100.00
03:18:05 AM   35    1.98    0.00    0.00    0.00    0.00    0.00    0.00    0.00    0.00   98.02

03:18:05 AM  CPU    %usr   %nice    %sys %iowait    %irq   %soft  %steal  %guest  %gnice   %idle
03:18:06 AM  all    0.89    0.00    3.61    0.00    0.00    2.58    0.00    0.00    0.00   92.91
03:18:06 AM    0    0.83    0.00    0.83    0.00    0.00   18.33    0.00    0.00    0.00   80.00
03:18:06 AM    1    1.00    0.00    1.00    0.00    0.00    1.00    0.00    0.00    0.00   97.00
03:18:06 AM    2    0.99    0.00    1.98    0.00    0.00    0.00    0.00    0.00    0.00   97.03
03:18:06 AM    3    0.00    0.00    0.00    0.00    0.00    0.00    0.00    0.00    0.00  100.00
03:18:06 AM    4    0.00    0.00    0.00    0.00    0.00    0.00    0.00    0.00    0.00  100.00
03:18:06 AM    5    0.00    0.00    1.01    0.00    0.00    0.00    0.00    0.00    0.00   98.99
03:18:06 AM    6    0.00    0.00    0.00    0.00    0.00    0.00    0.00    0.00    0.00  100.00
03:18:06 AM    7    0.00    0.00    0.00    0.00    0.00    0.00    0.00    0.00    0.00  100.00
03:18:06 AM    8    1.00    0.00    2.00    0.00    0.00    0.00    0.00    0.00    0.00   97.00
03:18:06 AM    9    1.01    0.00    0.00    0.00    0.00    0.00    0.00    0.00    0.00   98.99
03:18:06 AM   10    1.00    0.00    0.00    0.00    0.00    0.00    0.00    0.00    0.00   99.00
03:18:06 AM   11    2.00    0.00    0.00    0.00    0.00    0.00    0.00    0.00    0.00   98.00
03:18:06 AM   12    1.01    0.00    0.00    0.00    0.00    0.00    0.00    0.00    0.00   98.99
03:18:06 AM   13    1.02    0.00    7.14    0.00    0.00    0.00    0.00    0.00    0.00   91.84
03:18:06 AM   14    1.01    0.00    0.00    0.00    0.00    0.00    0.00    0.00    0.00   98.99
03:18:06 AM   15    1.98    0.00    0.00    0.00    0.00    0.00    0.00    0.00    0.00   98.02
03:18:06 AM   16    1.01    0.00    0.00    0.00    0.00    0.00    0.00    0.00    0.00   98.99
03:18:06 AM   17    0.00    0.00    1.01    0.00    0.00    0.00    0.00    0.00    0.00   98.99
03:18:06 AM   18    0.00    0.00    0.00    0.00    0.00    0.00    0.00    0.00    0.00  100.00
03:18:06 AM   19    0.00    0.00    0.00    0.00    0.00    0.00    0.00    0.00    0.00  100.00
03:18:06 AM   20    6.93    0.00   65.35    0.00    0.00   27.72    0.00    0.00    0.00    0.00
03:18:06 AM   21    4.04    0.00   48.48    0.00    0.00   42.42    0.00    0.00    0.00    5.05
03:18:06 AM   22    0.00    0.00    0.00    0.00    0.00    0.00    0.00    0.00    0.00  100.00
03:18:06 AM   23    0.00    0.00    0.00    0.00    0.00    0.00    0.00    0.00    0.00  100.00
03:18:06 AM   24    0.00    0.00    1.01    0.00    0.00    0.00    0.00    0.00    0.00   98.99
03:18:06 AM   25    0.00    0.00    0.00    0.00    0.00    0.00    0.00    0.00    0.00  100.00
03:18:06 AM   26    1.00    0.00    0.00    0.00    0.00    0.00    0.00    0.00    0.00   99.00
03:18:06 AM   27    1.00    0.00    0.00    0.00    0.00    0.00    0.00    0.00    0.00   99.00
03:18:06 AM   28    0.00    0.00    0.00    0.00    0.00    0.00    0.00    0.00    0.00  100.00
03:18:06 AM   29    1.98    0.00    0.00    0.00    0.00    0.00    0.00    0.00    0.00   98.02
03:18:06 AM   30    0.00    0.00    0.00    0.00    0.00    0.00    0.00    0.00    0.00  100.00
03:18:06 AM   31    1.98    0.00    0.00    0.00    0.00    0.00    0.00    0.00    0.00   98.02
03:18:06 AM   32    0.00    0.00    0.00    0.00    0.00    0.00    0.00    0.00    0.00  100.00
03:18:06 AM   33    0.99    0.00    0.00    0.00    0.00    0.00    0.00    0.00    0.00   99.01
03:18:06 AM   34    0.00    0.00    0.00    0.00    0.00    0.00    0.00    0.00    0.00  100.00
03:18:06 AM   35    0.00    0.00    0.00    0.00    0.00    0.00    0.00    0.00    0.00  100.00

03:18:06 AM  CPU    %usr   %nice    %sys %iowait    %irq   %soft  %steal  %guest  %gnice   %idle
03:18:07 AM  all    0.75    0.00    3.24    0.11    0.00    2.85    0.00    0.00    0.00   93.05
03:18:07 AM    0    0.85    0.00    0.00    0.00    0.00   17.80    0.00    0.00    0.00   81.36
03:18:07 AM    1    0.00    0.00    0.00    0.00    0.00    1.00    0.00    0.00    0.00   99.00
03:18:07 AM    2    0.00    0.00    1.00    1.00    0.00    0.00    0.00    0.00    0.00   98.00
03:18:07 AM    3    1.00    0.00    0.00    0.00    0.00    0.00    0.00    0.00    0.00   99.00
03:18:07 AM    4    1.01    0.00    0.00    0.00    0.00    0.00    0.00    0.00    0.00   98.99
03:18:07 AM    5    1.00    0.00    0.00    0.00    0.00    0.00    0.00    0.00    0.00   99.00
03:18:07 AM    6    1.00    0.00    0.00    0.00    0.00    0.00    0.00    0.00    0.00   99.00
03:18:07 AM    7    0.00    0.00    0.00    1.00    0.00    0.00    0.00    0.00    0.00   99.00
03:18:07 AM    8    0.00    0.00    0.00    0.00    0.00    0.00    0.00    0.00    0.00  100.00
03:18:07 AM    9    0.99    0.00    0.99    0.00    0.00    0.00    0.00    0.00    0.00   98.02
03:18:07 AM   10    1.00    0.00    1.00    0.00    0.00    0.00    0.00    0.00    0.00   98.00
03:18:07 AM   11    1.01    0.00    1.01    0.00    0.00    0.00    0.00    0.00    0.00   97.98
03:18:07 AM   12    1.00    0.00    0.00    0.00    0.00    0.00    0.00    0.00    0.00   99.00
03:18:07 AM   13    0.00    0.00    0.99    0.00    0.00    0.00    0.00    0.00    0.00   99.01
03:18:07 AM   14    1.00    0.00    0.00    0.00    0.00    0.00    0.00    0.00    0.00   99.00
03:18:07 AM   15    1.00    0.00    0.00    0.00    0.00    0.00    0.00    0.00    0.00   99.00
03:18:07 AM   16    0.99    0.00    1.98    0.99    0.00    0.00    0.00    0.00    0.00   96.04
03:18:07 AM   17    1.00    0.00    0.00    0.00    0.00    0.00    0.00    0.00    0.00   99.00
03:18:07 AM   18    0.00    0.00    0.98    0.00    0.00    0.98    0.00    0.00    0.00   98.04
03:18:07 AM   19    0.00    0.00    0.99    0.00    0.00    0.00    0.00    0.00    0.00   99.01
03:18:07 AM   20    8.00    0.00   55.00    0.00    0.00   37.00    0.00    0.00    0.00    0.00
03:18:07 AM   21    2.02    0.00   49.49    0.00    0.00   43.43    0.00    0.00    0.00    5.05
03:18:07 AM   22    0.00    0.00    1.00    0.00    0.00    0.00    0.00    0.00    0.00   99.00
03:18:07 AM   23    0.00    0.00    0.00    1.01    0.00    0.00    0.00    0.00    0.00   98.99
03:18:07 AM   24    0.00    0.00    0.00    0.00    0.00    0.00    0.00    0.00    0.00  100.00
03:18:07 AM   25    0.00    0.00    0.00    0.00    0.00    0.00    0.00    0.00    0.00  100.00
03:18:07 AM   26    0.00    0.00    0.00    0.00    0.00    0.00    0.00    0.00    0.00  100.00
03:18:07 AM   27    1.00    0.00    0.00    0.00    0.00    0.00    0.00    0.00    0.00   99.00
03:18:07 AM   28    0.99    0.00    0.00    0.00    0.00    0.00    0.00    0.00    0.00   99.01
03:18:07 AM   29    0.00    0.00    0.00    0.00    0.00    0.00    0.00    0.00    0.00  100.00
03:18:07 AM   30    0.00    0.00    1.00    0.00    0.00    0.00    0.00    0.00    0.00   99.00
03:18:07 AM   31    0.99    0.00    0.99    0.00    0.00    0.00    0.00    0.00    0.00   98.02
03:18:07 AM   32    0.00    0.00    1.00    0.00    0.00    0.00    0.00    0.00    0.00   99.00
03:18:07 AM   33    0.00    0.00    0.00    0.00    0.00    0.00    0.00    0.00    0.00  100.00
03:18:07 AM   34    0.00    0.00    0.00    0.00    0.00    0.00    0.00    0.00    0.00  100.00
03:18:07 AM   35    1.00    0.00    0.00    0.00    0.00    0.00    0.00    0.00    0.00   99.00

03:18:07 AM  CPU    %usr   %nice    %sys %iowait    %irq   %soft  %steal  %guest  %gnice   %idle
03:18:08 AM  all    1.36    0.00    3.46    0.03    0.00    2.66    0.00    0.00    0.00   92.49
03:18:08 AM    0    1.77    0.00    0.88    0.00    0.00   13.27    0.00    0.00    0.00   84.07
03:18:08 AM    1    1.96    0.00    0.00    0.00    0.00    2.94    0.00    0.00    0.00   95.10
03:18:08 AM    2    1.01    0.00    0.00    0.00    0.00    0.00    0.00    0.00    0.00   98.99
03:18:08 AM    3    1.00    0.00    1.00    0.00    0.00    0.00    0.00    0.00    0.00   98.00
03:18:08 AM    4    1.00    0.00    1.00    0.00    0.00    0.00    0.00    0.00    0.00   98.00
03:18:08 AM    5    1.01    0.00    0.00    0.00    0.00    0.00    0.00    0.00    0.00   98.99
03:18:08 AM    6    0.00    0.00    0.00    0.00    0.00    0.00    0.00    0.00    0.00  100.00
03:18:08 AM    7    1.00    0.00    0.00    0.00    0.00    0.00    0.00    0.00    0.00   99.00
03:18:08 AM    8    1.01    0.00    0.00    0.00    0.00    0.00    0.00    0.00    0.00   98.99
03:18:08 AM    9    1.98    0.00    0.99    0.00    0.00    0.00    0.00    0.00    0.00   97.03
03:18:08 AM   10    2.00    0.00    0.00    0.00    0.00    0.00    0.00    0.00    0.00   98.00
03:18:08 AM   11    2.00    0.00    0.00    0.00    0.00    0.00    0.00    0.00    0.00   98.00
03:18:08 AM   12    1.00    0.00    1.00    0.00    0.00    0.00    0.00    0.00    0.00   98.00
03:18:08 AM   13    2.02    0.00    7.07    0.00    0.00    0.00    0.00    0.00    0.00   90.91
03:18:08 AM   14    1.00    0.00    1.00    0.00    0.00    0.00    0.00    0.00    0.00   98.00
03:18:08 AM   15    1.00    0.00    1.00    0.00    0.00    0.00    0.00    0.00    0.00   98.00
03:18:08 AM   16    2.02    0.00    0.00    1.01    0.00    0.00    0.00    0.00    0.00   96.97
03:18:08 AM   17    1.98    0.00    0.99    0.00    0.00    0.00    0.00    0.00    0.00   97.03
03:18:08 AM   18    1.00    0.00    0.00    0.00    0.00    0.00    0.00    0.00    0.00   99.00
03:18:08 AM   19    0.99    0.00    0.99    0.00    0.00    0.00    0.00    0.00    0.00   98.02
03:18:08 AM   20    8.00    0.00   56.00    0.00    0.00   36.00    0.00    0.00    0.00    0.00
03:18:08 AM   21    2.06    0.00   49.48    0.00    0.00   43.30    0.00    0.00    0.00    5.15
03:18:08 AM   22    1.01    0.00    0.00    0.00    0.00    0.00    0.00    0.00    0.00   98.99
03:18:08 AM   23    1.01    0.00    0.00    0.00    0.00    0.00    0.00    0.00    0.00   98.99
03:18:08 AM   24    0.99    0.00    0.99    0.00    0.00    0.00    0.00    0.00    0.00   98.02
03:18:08 AM   25    1.00    0.00    0.00    0.00    0.00    0.00    0.00    0.00    0.00   99.00
03:18:08 AM   26    1.00    0.00    0.00    0.00    0.00    0.00    0.00    0.00    0.00   99.00
03:18:08 AM   27    1.00    0.00    0.00    0.00    0.00    0.00    0.00    0.00    0.00   99.00
03:18:08 AM   28    1.00    0.00    0.00    0.00    0.00    0.00    0.00    0.00    0.00   99.00
03:18:08 AM   29    0.00    0.00    0.00    0.00    0.00    0.00    0.00    0.00    0.00  100.00
03:18:08 AM   30    0.98    0.00    0.98    0.00    0.00    0.00    0.00    0.00    0.00   98.04
03:18:08 AM   31    1.01    0.00    0.00    0.00    0.00    0.00    0.00    0.00    0.00   98.99
03:18:08 AM   32    2.00    0.00    0.00    0.00    0.00    0.00    0.00    0.00    0.00   98.00
03:18:08 AM   33    0.99    0.00    0.99    0.00    0.00    0.00    0.00    0.00    0.00   98.02
03:18:08 AM   34    0.00    0.00    1.00    0.00    0.00    0.00    0.00    0.00    0.00   99.00
03:18:08 AM   35    0.00    0.00    1.00    0.00    0.00    0.00    0.00    0.00    0.00   99.00

Average:     CPU    %usr   %nice    %sys %iowait    %irq   %soft  %steal  %guest  %gnice   %idle
Average:     all    0.99    0.01    3.37    0.06    0.00    2.68    0.00    0.00    0.00   92.89
Average:       0    0.87    0.09    0.79    0.09    0.00   14.76    0.00    0.00    0.00   83.41
Average:       1    0.60    0.00    0.50    0.00    0.00    1.69    0.00    0.00    0.00   97.22
Average:       2    0.70    0.00    1.00    0.30    0.00    0.60    0.00    0.00    0.00   97.40
Average:       3    0.90    0.00    0.40    0.00    0.00    0.00    0.00    0.00    0.00   98.69
Average:       4    0.60    0.10    0.40    0.00    0.00    0.00    0.00    0.00    0.00   98.89
Average:       5    0.40    0.00    0.40    0.20    0.00    0.10    0.00    0.00    0.00   98.89
Average:       6    0.70    0.00    0.20    0.10    0.00    0.10    0.00    0.00    0.00   98.90
Average:       7    1.00    0.00    0.20    0.20    0.00    0.00    0.00    0.00    0.00   98.59
Average:       8    0.90    0.20    0.30    0.10    0.00    0.10    0.00    0.00    0.00   98.39
Average:       9    1.10    0.00    0.60    0.00    0.00    0.00    0.00    0.00    0.00   98.30
Average:      10    1.10    0.00    0.40    0.10    0.00    0.00    0.00    0.00    0.00   98.40
Average:      11    1.31    0.10    0.30    0.00    0.00    0.00    0.00    0.00    0.00   98.29
Average:      12    1.21    0.00    0.20    0.10    0.00    0.00    0.00    0.00    0.00   98.49
Average:      13    2.30    0.00    4.00    0.00    0.00    0.10    0.00    0.00    0.00   93.59
Average:      14    0.80    0.00    0.30    0.10    0.00    0.10    0.00    0.00    0.00   98.70
Average:      15    0.90    0.00    0.10    0.10    0.00    0.00    0.00    0.00    0.00   98.89
Average:      16    0.70    0.00    0.50    0.20    0.00    0.00    0.00    0.00    0.00   98.59
Average:      17    1.00    0.00    0.50    0.00    0.00    0.00    0.00    0.00    0.00   98.50
Average:      18    0.60    0.00    0.30    0.00    0.00    0.10    0.00    0.00    0.00   99.00
Average:      19    0.40    0.00    0.40    0.10    0.00    0.10    0.00    0.00    0.00   99.00
Average:      20    7.50    0.00   57.60    0.00    0.00   33.40    0.00    0.00    0.00    1.50
Average:      21    2.43    0.00   48.78    0.00    0.00   43.91    0.00    0.00    0.00    4.87
Average:      22    0.60    0.00    0.30    0.00    0.00    0.00    0.00    0.00    0.00   99.09
Average:      23    0.60    0.00    0.40    0.30    0.00    0.00    0.00    0.00    0.00   98.69
Average:      24    0.40    0.00    0.50    0.00    0.00    0.00    0.00    0.00    0.00   99.10
Average:      25    0.40    0.00    0.30    0.00    0.00    0.00    0.00    0.00    0.00   99.30
Average:      26    0.50    0.00    0.10    0.00    0.00    0.00    0.00    0.00    0.00   99.40
Average:      27    0.50    0.00    0.20    0.00    0.00    0.00    0.00    0.00    0.00   99.30
Average:      28    0.50    0.00    0.00    0.00    0.00    0.00    0.00    0.00    0.00   99.50
Average:      29    0.40    0.00    0.20    0.00    0.00    0.00    0.00    0.00    0.00   99.40
Average:      30    0.50    0.00    0.40    0.00    0.00    0.00    0.00    0.00    0.00   99.10
Average:      31    1.00    0.00    0.30    0.10    0.00    0.00    0.00    0.00    0.00   98.60
Average:      32    0.50    0.00    0.20    0.00    0.00    0.00    0.00    0.00    0.00   99.30
Average:      33    0.50    0.00    0.30    0.00    0.00    0.00    0.00    0.00    0.00   99.20
Average:      34    0.40    0.00    0.20    0.00    0.00    0.00    0.00    0.00    0.00   99.40
Average:      35    0.70    0.00    0.20    0.00    0.00    0.00    0.00    0.00    0.00   99.10
