Linux 5.15.0-186-generic (rapids4) 	07/28/2026 	_x86_64_	(36 CPU)

03:20:44 AM  CPU    %usr   %nice    %sys %iowait    %irq   %soft  %steal  %guest  %gnice   %idle
03:20:45 AM  all    1.51    0.00    2.37    0.03    0.00    0.06    0.00    0.00    0.00   96.04
03:20:45 AM    0    1.02    0.00    0.00    0.00    0.00    1.02    0.00    0.00    0.00   97.96
03:20:45 AM    1    2.02    0.00    8.08    0.00    0.00    0.00    0.00    0.00    0.00   89.90
03:20:45 AM    2    1.00    0.00    0.00    0.00    0.00    1.00    0.00    0.00    0.00   98.00
03:20:45 AM    3    1.00    0.00    1.00    0.00    0.00    0.00    0.00    0.00    0.00   98.00
03:20:45 AM    4    1.00    0.00    1.00    0.00    0.00    0.00    0.00    0.00    0.00   98.00
03:20:45 AM    5    1.01    0.00    0.00    0.00    0.00    0.00    0.00    0.00    0.00   98.99
03:20:45 AM    6    0.00    0.00    0.00    0.00    0.00    0.00    0.00    0.00    0.00  100.00
03:20:45 AM    7    1.01    0.00    1.01    0.00    0.00    0.00    0.00    0.00    0.00   97.98
03:20:45 AM    8    1.02    0.00    0.00    0.00    0.00    0.00    0.00    0.00    0.00   98.98
03:20:45 AM    9    1.01    0.00    0.00    0.00    0.00    0.00    0.00    0.00    0.00   98.99
03:20:45 AM   10    1.00    0.00    1.00    0.00    0.00    0.00    0.00    0.00    0.00   98.00
03:20:45 AM   11    1.01    0.00    0.00    0.00    0.00    0.00    0.00    0.00    0.00   98.99
03:20:45 AM   12    0.99    0.00    1.98    0.00    0.00    0.00    0.00    0.00    0.00   97.03
03:20:45 AM   13    1.00    0.00    0.00    0.00    0.00    0.00    0.00    0.00    0.00   99.00
03:20:45 AM   14    0.99    0.00    0.99    0.00    0.00    0.00    0.00    0.00    0.00   98.02
03:20:45 AM   15    5.00    0.00    2.00    0.00    0.00    0.00    0.00    0.00    0.00   93.00
03:20:45 AM   16    1.01    0.00    0.00    0.00    0.00    0.00    0.00    0.00    0.00   98.99
03:20:45 AM   17    1.00    0.00    0.00    1.00    0.00    0.00    0.00    0.00    0.00   98.00
03:20:45 AM   18   11.70    0.00   24.47    0.00    0.00    0.00    0.00    0.00    0.00   63.83
03:20:45 AM   19   10.20    0.00   33.67    0.00    0.00    0.00    0.00    0.00    0.00   56.12
03:20:45 AM   20    0.00    0.00    1.00    0.00    0.00    0.00    0.00    0.00    0.00   99.00
03:20:45 AM   21    0.00    0.00    1.00    0.00    0.00    0.00    0.00    0.00    0.00   99.00
03:20:45 AM   22    0.99    0.00    1.98    0.00    0.00    0.00    0.00    0.00    0.00   97.03
03:20:45 AM   23    0.00    0.00    0.00    0.00    0.00    0.00    0.00    0.00    0.00  100.00
03:20:45 AM   24    1.00    0.00    1.00    0.00    0.00    0.00    0.00    0.00    0.00   98.00
03:20:45 AM   25    1.00    0.00    1.00    0.00    0.00    0.00    0.00    0.00    0.00   98.00
03:20:45 AM   26    0.99    0.00    0.99    0.00    0.00    0.00    0.00    0.00    0.00   98.02
03:20:45 AM   27    0.00    0.00    1.00    0.00    0.00    0.00    0.00    0.00    0.00   99.00
03:20:45 AM   28    1.98    0.00    0.00    0.00    0.00    0.00    0.00    0.00    0.00   98.02
03:20:45 AM   29    1.00    0.00    0.00    0.00    0.00    0.00    0.00    0.00    0.00   99.00
03:20:45 AM   30    0.99    0.00    0.99    0.00    0.00    0.00    0.00    0.00    0.00   98.02
03:20:45 AM   31    0.00    0.00    0.00    0.00    0.00    0.00    0.00    0.00    0.00  100.00
03:20:45 AM   32    1.01    0.00    0.00    0.00    0.00    0.00    0.00    0.00    0.00   98.99
03:20:45 AM   33    0.00    0.00    2.00    0.00    0.00    0.00    0.00    0.00    0.00   98.00
03:20:45 AM   34    1.00    0.00    1.00    0.00    0.00    0.00    0.00    0.00    0.00   98.00
03:20:45 AM   35    1.01    0.00    0.00    0.00    0.00    0.00    0.00    0.00    0.00   98.99

03:20:45 AM  CPU    %usr   %nice    %sys %iowait    %irq   %soft  %steal  %guest  %gnice   %idle
03:20:46 AM  all    2.10    0.00    4.39    0.11    0.00    0.06    0.00    0.00    0.00   93.34
03:20:46 AM    0    1.01    0.00    1.01    0.00    0.00    1.01    0.00    0.00    0.00   96.97
03:20:46 AM    1    0.99    0.00    0.99    0.00    0.00    0.00    0.00    0.00    0.00   98.02
03:20:46 AM    2    1.01    0.00    0.00    0.00    0.00    0.00    0.00    0.00    0.00   98.99
03:20:46 AM    3    0.00    0.00    0.00    0.00    0.00    0.00    0.00    0.00    0.00  100.00
03:20:46 AM    4    1.00    0.00    1.00    0.00    0.00    0.00    0.00    0.00    0.00   98.00
03:20:46 AM    5    1.01    0.00    0.00    0.00    0.00    0.00    0.00    0.00    0.00   98.99
03:20:46 AM    6    1.01    0.00    0.00    0.00    0.00    0.00    0.00    0.00    0.00   98.99
03:20:46 AM    7    1.01    0.00    0.00    0.00    0.00    0.00    0.00    0.00    0.00   98.99
03:20:46 AM    8    2.97    0.00    1.98    0.00    0.00    0.00    0.00    0.00    0.00   95.05
03:20:46 AM    9    2.02    0.00    0.00    0.00    0.00    0.00    0.00    0.00    0.00   97.98
03:20:46 AM   10    1.00    0.00    1.00    0.00    0.00    0.00    0.00    0.00    0.00   98.00
03:20:46 AM   11    2.00    0.00    1.00    0.00    0.00    0.00    0.00    0.00    0.00   97.00
03:20:46 AM   12    0.00    0.00    1.00    1.00    0.00    0.00    0.00    0.00    0.00   98.00
03:20:46 AM   13    4.00    0.00    4.00    0.00    0.00    0.00    0.00    0.00    0.00   92.00
03:20:46 AM   14    1.01    0.00    0.00    1.01    0.00    0.00    0.00    0.00    0.00   97.98
03:20:46 AM   15    1.00    0.00    0.00    0.00    0.00    0.00    0.00    0.00    0.00   99.00
03:20:46 AM   16    2.00    0.00    1.00    0.00    0.00    0.00    0.00    0.00    0.00   97.00
03:20:46 AM   17    1.00    0.00    1.00    0.00    0.00    1.00    0.00    0.00    0.00   97.00
03:20:46 AM   18   24.73    0.00   64.52    0.00    0.00    0.00    0.00    0.00    0.00   10.75
03:20:46 AM   19   23.00    0.00   76.00    0.00    0.00    0.00    0.00    0.00    0.00    1.00
03:20:46 AM   20    1.00    0.00    0.00    0.00    0.00    0.00    0.00    0.00    0.00   99.00
03:20:46 AM   21    0.00    0.00    0.00    0.00    0.00    0.00    0.00    0.00    0.00  100.00
03:20:46 AM   22    0.00    0.00    0.00    0.00    0.00    0.00    0.00    0.00    0.00  100.00
03:20:46 AM   23    0.00    0.00    2.00    0.00    0.00    0.00    0.00    0.00    0.00   98.00
03:20:46 AM   24    0.00    0.00    1.02    0.00    0.00    0.00    0.00    0.00    0.00   98.98
03:20:46 AM   25    0.00    0.00    1.01    0.00    0.00    0.00    0.00    0.00    0.00   98.99
03:20:46 AM   26    0.00    0.00    0.00    0.00    0.00    0.00    0.00    0.00    0.00  100.00
03:20:46 AM   27    1.01    0.00    0.00    0.00    0.00    0.00    0.00    0.00    0.00   98.99
03:20:46 AM   28    0.00    0.00    1.01    0.00    0.00    0.00    0.00    0.00    0.00   98.99
03:20:46 AM   29    1.00    0.00    1.00    0.00    0.00    0.00    0.00    0.00    0.00   98.00
03:20:46 AM   30    0.00    0.00    0.00    0.00    0.00    0.00    0.00    0.00    0.00  100.00
03:20:46 AM   31    0.00    0.00    1.00    0.00    0.00    0.00    0.00    0.00    0.00   99.00
03:20:46 AM   32    1.01    0.00    0.00    1.01    0.00    0.00    0.00    0.00    0.00   97.98
03:20:46 AM   33    1.00    0.00    0.00    0.00    0.00    0.00    0.00    0.00    0.00   99.00
03:20:46 AM   34    0.00    0.00    0.00    1.01    0.00    0.00    0.00    0.00    0.00   98.99
03:20:46 AM   35    0.00    0.00    0.00    0.00    0.00    0.00    0.00    0.00    0.00  100.00

03:20:46 AM  CPU    %usr   %nice    %sys %iowait    %irq   %soft  %steal  %guest  %gnice   %idle
03:20:47 AM  all    1.82    0.00    4.26    0.08    0.00    0.08    0.00    0.00    0.00   93.74
03:20:47 AM    0    1.01    0.00    2.02    1.01    0.00    1.01    0.00    0.00    0.00   94.95
03:20:47 AM    1    3.96    0.00    4.95    0.00    0.00    0.99    0.00    0.00    0.00   90.10
03:20:47 AM    2    0.00    0.00    1.01    0.00    0.00    0.00    0.00    0.00    0.00   98.99
03:20:47 AM    3    0.00    0.00    0.00    0.00    0.00    0.00    0.00    0.00    0.00  100.00
03:20:47 AM    4    0.00    0.00    0.00    0.00    0.00    0.00    0.00    0.00    0.00  100.00
03:20:47 AM    5    0.00    0.00    0.00    0.00    0.00    0.00    0.00    0.00    0.00  100.00
03:20:47 AM    6    2.00    0.00    0.00    0.00    0.00    0.00    0.00    0.00    0.00   98.00
03:20:47 AM    7    0.00    0.00    1.98    0.00    0.00    0.00    0.00    0.00    0.00   98.02
03:20:47 AM    8    2.00    0.00    1.00    0.00    0.00    0.00    0.00    0.00    0.00   97.00
03:20:47 AM    9    1.01    0.00    0.00    0.00    0.00    0.00    0.00    0.00    0.00   98.99
03:20:47 AM   10    1.01    0.00    0.00    0.00    0.00    0.00    0.00    0.00    0.00   98.99
03:20:47 AM   11    0.00    0.00    0.00    1.01    0.00    0.00    0.00    0.00    0.00   98.99
03:20:47 AM   12    1.00    0.00    0.00    0.00    0.00    0.00    0.00    0.00    0.00   99.00
03:20:47 AM   13    0.00    0.00    1.00    0.00    0.00    0.00    0.00    0.00    0.00   99.00
03:20:47 AM   14    0.00    0.00    0.00    0.00    0.00    0.00    0.00    0.00    0.00  100.00
03:20:47 AM   15    0.00    0.00    0.00    0.00    0.00    0.00    0.00    0.00    0.00  100.00
03:20:47 AM   16    1.98    0.00    0.00    0.00    0.00    0.99    0.00    0.00    0.00   97.03
03:20:47 AM   17    1.01    0.00    0.00    0.00    0.00    0.00    0.00    0.00    0.00   98.99
03:20:47 AM   18   25.56    0.00   63.33    0.00    0.00    0.00    0.00    0.00    0.00   11.11
03:20:47 AM   19   19.00    0.00   81.00    0.00    0.00    0.00    0.00    0.00    0.00    0.00
03:20:47 AM   20    0.00    0.00    0.00    0.00    0.00    0.00    0.00    0.00    0.00  100.00
03:20:47 AM   21    1.00    0.00    0.00    0.00    0.00    0.00    0.00    0.00    0.00   99.00
03:20:47 AM   22    1.01    0.00    0.00    0.00    0.00    0.00    0.00    0.00    0.00   98.99
03:20:47 AM   23    0.00    0.00    0.00    0.00    0.00    0.00    0.00    0.00    0.00  100.00
03:20:47 AM   24    0.00    0.00    0.00    0.00    0.00    0.00    0.00    0.00    0.00  100.00
03:20:47 AM   25    0.00    0.00    0.00    0.00    0.00    0.00    0.00    0.00    0.00  100.00
03:20:47 AM   26    1.00    0.00    0.00    0.00    0.00    0.00    0.00    0.00    0.00   99.00
03:20:47 AM   27    1.00    0.00    0.00    0.00    0.00    0.00    0.00    0.00    0.00   99.00
03:20:47 AM   28    0.00    0.00    1.00    0.00    0.00    0.00    0.00    0.00    0.00   99.00
03:20:47 AM   29    0.00    0.00    0.00    0.00    0.00    0.00    0.00    0.00    0.00  100.00
03:20:47 AM   30    1.01    0.00    0.00    0.00    0.00    0.00    0.00    0.00    0.00   98.99
03:20:47 AM   31    0.00    0.00    0.00    0.00    0.00    0.00    0.00    0.00    0.00  100.00
03:20:47 AM   32    0.99    0.00    0.99    0.00    0.00    0.00    0.00    0.00    0.00   98.02
03:20:47 AM   33    1.01    0.00    0.00    0.00    0.00    0.00    0.00    0.00    0.00   98.99
03:20:47 AM   34    0.00    0.00    0.00    0.00    0.00    0.00    0.00    0.00    0.00  100.00
03:20:47 AM   35    1.00    0.00    0.00    1.00    0.00    0.00    0.00    0.00    0.00   98.00

03:20:47 AM  CPU    %usr   %nice    %sys %iowait    %irq   %soft  %steal  %guest  %gnice   %idle
03:20:48 AM  all    1.71    0.00    4.29    0.03    0.00    0.08    0.00    0.00    0.00   93.89
03:20:48 AM    0    0.99    0.00    0.00    0.00    0.00    2.97    0.00    0.00    0.00   96.04
03:20:48 AM    1    0.00    0.00    0.00    0.00    0.00    0.00    0.00    0.00    0.00  100.00
03:20:48 AM    2    0.00    0.00    0.00    0.00    0.00    0.00    0.00    0.00    0.00  100.00
03:20:48 AM    3    1.01    0.00    0.00    0.00    0.00    0.00    0.00    0.00    0.00   98.99
03:20:48 AM    4    0.00    0.00    0.00    0.00    0.00    0.00    0.00    0.00    0.00  100.00
03:20:48 AM    5    0.00    0.00    1.01    0.00    0.00    0.00    0.00    0.00    0.00   98.99
03:20:48 AM    6    1.00    0.00    0.00    0.00    0.00    0.00    0.00    0.00    0.00   99.00
03:20:48 AM    7    2.00    0.00    0.00    0.00    0.00    0.00    0.00    0.00    0.00   98.00
03:20:48 AM    8    1.01    0.00    0.00    0.00    0.00    0.00    0.00    0.00    0.00   98.99
03:20:48 AM    9    1.01    0.00    0.00    0.00    0.00    0.00    0.00    0.00    0.00   98.99
03:20:48 AM   10    0.00    0.00    1.01    0.00    0.00    0.00    0.00    0.00    0.00   98.99
03:20:48 AM   11    3.00    0.00    0.00    0.00    0.00    0.00    0.00    0.00    0.00   97.00
03:20:48 AM   12    0.00    0.00    6.12    0.00    0.00    0.00    0.00    0.00    0.00   93.88
03:20:48 AM   13    1.00    0.00    0.00    0.00    0.00    0.00    0.00    0.00    0.00   99.00
03:20:48 AM   14    2.00    0.00    0.00    0.00    0.00    0.00    0.00    0.00    0.00   98.00
03:20:48 AM   15    0.00    0.00    1.00    0.00    0.00    0.00    0.00    0.00    0.00   99.00
03:20:48 AM   16    0.00    0.00    0.00    0.00    0.00    0.00    0.00    0.00    0.00  100.00
03:20:48 AM   17    0.00    0.00    0.00    0.00    0.00    0.00    0.00    0.00    0.00  100.00
03:20:48 AM   18   23.66    0.00   64.52    0.00    0.00    0.00    0.00    0.00    0.00   11.83
03:20:48 AM   19   19.00    0.00   81.00    0.00    0.00    0.00    0.00    0.00    0.00    0.00
03:20:48 AM   20    0.00    0.00    0.00    0.00    0.00    0.00    0.00    0.00    0.00  100.00
03:20:48 AM   21    1.00    0.00    0.00    0.00    0.00    0.00    0.00    0.00    0.00   99.00
03:20:48 AM   22    0.00    0.00    1.01    0.00    0.00    0.00    0.00    0.00    0.00   98.99
03:20:48 AM   23    0.00    0.00    0.00    0.00    0.00    0.00    0.00    0.00    0.00  100.00
03:20:48 AM   24    1.01    0.00    0.00    0.00    0.00    0.00    0.00    0.00    0.00   98.99
03:20:48 AM   25    0.00    0.00    1.01    1.01    0.00    0.00    0.00    0.00    0.00   97.98
03:20:48 AM   26    1.98    0.00    0.99    0.00    0.00    0.00    0.00    0.00    0.00   97.03
03:20:48 AM   27    0.00    0.00    0.00    0.00    0.00    0.00    0.00    0.00    0.00  100.00
03:20:48 AM   28    0.00    0.00    0.00    0.00    0.00    0.00    0.00    0.00    0.00  100.00
03:20:48 AM   29    1.00    0.00    0.00    0.00    0.00    0.00    0.00    0.00    0.00   99.00
03:20:48 AM   30    1.01    0.00    0.00    0.00    0.00    0.00    0.00    0.00    0.00   98.99
03:20:48 AM   31    0.00    0.00    0.00    0.00    0.00    0.00    0.00    0.00    0.00  100.00
03:20:48 AM   32    0.00    0.00    0.00    0.00    0.00    0.00    0.00    0.00    0.00  100.00
03:20:48 AM   33    0.00    0.00    0.00    0.00    0.00    0.00    0.00    0.00    0.00  100.00
03:20:48 AM   34    1.00    0.00    0.00    0.00    0.00    0.00    0.00    0.00    0.00   99.00
03:20:48 AM   35    0.00    0.00    0.00    0.00    0.00    0.00    0.00    0.00    0.00  100.00

03:20:48 AM  CPU    %usr   %nice    %sys %iowait    %irq   %soft  %steal  %guest  %gnice   %idle
03:20:49 AM  all    1.82    0.28    4.28    0.06    0.00    0.08    0.00    0.00    0.00   93.49
03:20:49 AM    0    1.02    0.00    0.00    0.00    0.00    2.04    0.00    0.00    0.00   96.94
03:20:49 AM    1    0.00    0.00    0.00    0.00    0.00    0.00    0.00    0.00    0.00  100.00
03:20:49 AM    2    0.00    0.00    0.00    0.00    0.00    0.00    0.00    0.00    0.00  100.00
03:20:49 AM    3    1.00    2.00    0.00    0.00    0.00    0.00    0.00    0.00    0.00   97.00
03:20:49 AM    4    1.98    0.99    0.99    0.00    0.00    0.00    0.00    0.00    0.00   96.04
03:20:49 AM    5    0.00    1.02    0.00    0.00    0.00    0.00    0.00    0.00    0.00   98.98
03:20:49 AM    6    1.01    0.00    0.00    0.00    0.00    0.00    0.00    0.00    0.00   98.99
03:20:49 AM    7    0.00    1.01    0.00    0.00    0.00    0.00    0.00    0.00    0.00   98.99
03:20:49 AM    8    0.99    0.99    1.98    0.00    0.00    0.00    0.00    0.00    0.00   96.04
03:20:49 AM    9    0.00    0.00    0.00    0.00    0.00    0.00    0.00    0.00    0.00  100.00
03:20:49 AM   10    1.00    0.00    0.00    0.00    0.00    0.00    0.00    0.00    0.00   99.00
03:20:49 AM   11    1.00    1.00    1.00    0.00    0.00    0.00    0.00    0.00    0.00   97.00
03:20:49 AM   12    2.00    0.00    0.00    0.00    0.00    1.00    0.00    0.00    0.00   97.00
03:20:49 AM   13    0.00    0.00    0.00    0.00    0.00    0.00    0.00    0.00    0.00  100.00
03:20:49 AM   14    0.00    1.02    0.00    0.00    0.00    0.00    0.00    0.00    0.00   98.98
03:20:49 AM   15    0.00    1.02    0.00    0.00    0.00    0.00    0.00    0.00    0.00   98.98
03:20:49 AM   16    1.00    1.00    1.00    0.00    0.00    0.00    0.00    0.00    0.00   97.00
03:20:49 AM   17    0.00    0.00    1.00    0.00    0.00    0.00    0.00    0.00    0.00   99.00
03:20:49 AM   18   22.58    0.00   66.67    0.00    0.00    0.00    0.00    0.00    0.00   10.75
03:20:49 AM   19   24.00    0.00   76.00    0.00    0.00    0.00    0.00    0.00    0.00    0.00
03:20:49 AM   20    0.00    0.00    1.01    0.00    0.00    0.00    0.00    0.00    0.00   98.99
03:20:49 AM   21    1.00    0.00    1.00    0.00    0.00    0.00    0.00    0.00    0.00   98.00
03:20:49 AM   22    1.01    0.00    0.00    0.00    0.00    0.00    0.00    0.00    0.00   98.99
03:20:49 AM   23    1.00    0.00    0.00    1.00    0.00    0.00    0.00    0.00    0.00   98.00
03:20:49 AM   24    0.00    0.00    1.00    0.00    0.00    0.00    0.00    0.00    0.00   99.00
03:20:49 AM   25    1.00    0.00    0.00    0.00    0.00    0.00    0.00    0.00    0.00   99.00
03:20:49 AM   26    1.00    0.00    1.00    0.00    0.00    0.00    0.00    0.00    0.00   98.00
03:20:49 AM   27    0.00    0.00    1.00    0.00    0.00    0.00    0.00    0.00    0.00   99.00
03:20:49 AM   28    0.00    0.00    0.00    0.00    0.00    0.00    0.00    0.00    0.00  100.00
03:20:49 AM   29    1.00    0.00    0.00    0.00    0.00    0.00    0.00    0.00    0.00   99.00
03:20:49 AM   30    0.00    0.00    0.00    0.00    0.00    0.00    0.00    0.00    0.00  100.00
03:20:49 AM   31    0.00    0.00    0.00    1.00    0.00    0.00    0.00    0.00    0.00   99.00
03:20:49 AM   32    1.96    0.00    0.98    0.00    0.00    0.00    0.00    0.00    0.00   97.06
03:20:49 AM   33    0.00    0.00    1.01    0.00    0.00    0.00    0.00    0.00    0.00   98.99
03:20:49 AM   34    0.00    0.00    1.00    0.00    0.00    0.00    0.00    0.00    0.00   99.00
03:20:49 AM   35    0.99    0.00    0.99    0.00    0.00    0.00    0.00    0.00    0.00   98.02

03:20:49 AM  CPU    %usr   %nice    %sys %iowait    %irq   %soft  %steal  %guest  %gnice   %idle
03:20:50 AM  all    1.74    0.03    4.44    0.06    0.00    0.03    0.00    0.00    0.00   93.70
03:20:50 AM    0    1.03    0.00    0.00    0.00    0.00    1.03    0.00    0.00    0.00   97.94
03:20:50 AM    1    1.01    0.00    0.00    0.00    0.00    0.00    0.00    0.00    0.00   98.99
03:20:50 AM    2    0.00    0.00    0.00    0.00    0.00    0.00    0.00    0.00    0.00  100.00
03:20:50 AM    3    0.00    0.00    1.01    0.00    0.00    0.00    0.00    0.00    0.00   98.99
03:20:50 AM    4    1.01    0.00    0.00    1.01    0.00    0.00    0.00    0.00    0.00   97.98
03:20:50 AM    5    0.00    0.00    0.00    0.00    0.00    0.00    0.00    0.00    0.00  100.00
03:20:50 AM    6    0.00    0.00    1.00    1.00    0.00    0.00    0.00    0.00    0.00   98.00
03:20:50 AM    7    1.00    0.00    1.00    0.00    0.00    0.00    0.00    0.00    0.00   98.00
03:20:50 AM    8    1.01    0.00    0.00    0.00    0.00    0.00    0.00    0.00    0.00   98.99
03:20:50 AM    9    0.00    0.00    1.01    0.00    0.00    0.00    0.00    0.00    0.00   98.99
03:20:50 AM   10    1.01    0.00    0.00    0.00    0.00    0.00    0.00    0.00    0.00   98.99
03:20:50 AM   11    1.01    0.00    0.00    0.00    0.00    0.00    0.00    0.00    0.00   98.99
03:20:50 AM   12    2.02    0.00    6.06    0.00    0.00    0.00    0.00    0.00    0.00   91.92
03:20:50 AM   13    1.00    0.00    0.00    0.00    0.00    0.00    0.00    0.00    0.00   99.00
03:20:50 AM   14    0.00    0.00    0.00    0.00    0.00    0.00    0.00    0.00    0.00  100.00
03:20:50 AM   15    0.00    0.00    0.00    0.00    0.00    0.00    0.00    0.00    0.00  100.00
03:20:50 AM   16    0.00    0.00    0.00    0.00    0.00    0.00    0.00    0.00    0.00  100.00
03:20:50 AM   17    0.00    1.00    1.00    0.00    0.00    0.00    0.00    0.00    0.00   98.00
03:20:50 AM   18   23.40    0.00   65.96    0.00    0.00    0.00    0.00    0.00    0.00   10.64
03:20:50 AM   19   20.79    0.00   79.21    0.00    0.00    0.00    0.00    0.00    0.00    0.00
03:20:50 AM   20    0.00    0.00    0.00    0.00    0.00    0.00    0.00    0.00    0.00  100.00
03:20:50 AM   21    2.97    0.00    0.00    0.00    0.00    0.00    0.00    0.00    0.00   97.03
03:20:50 AM   22    1.01    0.00    1.01    0.00    0.00    0.00    0.00    0.00    0.00   97.98
03:20:50 AM   23    0.99    0.00    1.98    0.00    0.00    0.00    0.00    0.00    0.00   97.03
03:20:50 AM   24    0.00    0.00    0.00    0.00    0.00    0.00    0.00    0.00    0.00  100.00
03:20:50 AM   25    0.00    0.00    0.00    0.00    0.00    0.00    0.00    0.00    0.00  100.00
03:20:50 AM   26    0.00    0.00    0.00    0.00    0.00    0.00    0.00    0.00    0.00  100.00
03:20:50 AM   27    0.00    0.00    0.00    0.00    0.00    0.00    0.00    0.00    0.00  100.00
03:20:50 AM   28    0.99    0.00    0.99    0.00    0.00    0.00    0.00    0.00    0.00   98.02
03:20:50 AM   29    0.00    0.00    0.00    0.00    0.00    0.00    0.00    0.00    0.00  100.00
03:20:50 AM   30    2.04    0.00    0.00    0.00    0.00    0.00    0.00    0.00    0.00   97.96
03:20:50 AM   31    1.02    0.00    0.00    0.00    0.00    0.00    0.00    0.00    0.00   98.98
03:20:50 AM   32    0.00    0.00    0.00    0.00    0.00    0.00    0.00    0.00    0.00  100.00
03:20:50 AM   33    0.00    0.00    1.01    0.00    0.00    0.00    0.00    0.00    0.00   98.99
03:20:50 AM   34    0.00    0.00    0.00    0.00    0.00    0.00    0.00    0.00    0.00  100.00
03:20:50 AM   35    0.00    0.00    0.00    0.00    0.00    0.00    0.00    0.00    0.00  100.00

03:20:50 AM  CPU    %usr   %nice    %sys %iowait    %irq   %soft  %steal  %guest  %gnice   %idle
03:20:51 AM  all    1.87    0.00    4.00    0.03    0.00    0.06    0.00    0.00    0.00   94.04
03:20:51 AM    0    1.02    0.00    0.00    0.00    0.00    1.02    0.00    0.00    0.00   97.96
03:20:51 AM    1    1.00    0.00    1.00    0.00    0.00    0.00    0.00    0.00    0.00   98.00
03:20:51 AM    2    1.96    0.00    0.98    0.00    0.00    0.00    0.00    0.00    0.00   97.06
03:20:51 AM    3    1.01    0.00    0.00    0.00    0.00    0.00    0.00    0.00    0.00   98.99
03:20:51 AM    4    1.00    0.00    0.00    0.00    0.00    0.00    0.00    0.00    0.00   99.00
03:20:51 AM    5    0.00    0.00    0.00    0.00    0.00    0.00    0.00    0.00    0.00  100.00
03:20:51 AM    6    1.01    0.00    0.00    0.00    0.00    0.00    0.00    0.00    0.00   98.99
03:20:51 AM    7    1.00    0.00    0.00    0.00    0.00    0.00    0.00    0.00    0.00   99.00
03:20:51 AM    8    1.00    0.00    1.00    0.00    0.00    0.00    0.00    0.00    0.00   98.00
03:20:51 AM    9    0.00    0.00    0.00    0.00    0.00    0.00    0.00    0.00    0.00  100.00
03:20:51 AM   10    0.00    0.00    0.00    1.01    0.00    0.00    0.00    0.00    0.00   98.99
03:20:51 AM   11    2.00    0.00    1.00    0.00    0.00    0.00    0.00    0.00    0.00   97.00
03:20:51 AM   12    0.00    0.00    0.00    0.00    0.00    0.00    0.00    0.00    0.00  100.00
03:20:51 AM   13    0.00    0.00    0.00    0.00    0.00    0.00    0.00    0.00    0.00  100.00
03:20:51 AM   14    2.00    0.00    0.00    0.00    0.00    0.00    0.00    0.00    0.00   98.00
03:20:51 AM   15    1.01    0.00    1.01    0.00    0.00    0.00    0.00    0.00    0.00   97.98
03:20:51 AM   16    0.00    0.00    0.00    0.00    0.00    0.00    0.00    0.00    0.00  100.00
03:20:51 AM   17    0.00    0.00    0.00    0.00    0.00    0.00    0.00    0.00    0.00  100.00
03:20:51 AM   18   25.81    0.00   62.37    0.00    0.00    0.00    0.00    0.00    0.00   11.83
03:20:51 AM   19   22.45    0.00   77.55    0.00    0.00    0.00    0.00    0.00    0.00    0.00
03:20:51 AM   20    0.00    0.00    0.00    0.00    0.00    0.00    0.00    0.00    0.00  100.00
03:20:51 AM   21    0.00    0.00    0.00    0.00    0.00    0.00    0.00    0.00    0.00  100.00
03:20:51 AM   22    0.00    0.00    1.00    0.00    0.00    0.00    0.00    0.00    0.00   99.00
03:20:51 AM   23    0.00    0.00    0.00    0.00    0.00    0.00    0.00    0.00    0.00  100.00
03:20:51 AM   24    1.00    0.00    1.00    0.00    0.00    0.00    0.00    0.00    0.00   98.00
03:20:51 AM   25    1.01    0.00    0.00    0.00    0.00    0.00    0.00    0.00    0.00   98.99
03:20:51 AM   26    1.00    0.00    0.00    0.00    0.00    0.00    0.00    0.00    0.00   99.00
03:20:51 AM   27    0.99    0.00    0.00    0.00    0.00    0.99    0.00    0.00    0.00   98.02
03:20:51 AM   28    0.00    0.00    0.00    0.00    0.00    0.00    0.00    0.00    0.00  100.00
03:20:51 AM   29    0.00    0.00    0.00    0.00    0.00    0.00    0.00    0.00    0.00  100.00
03:20:51 AM   30    0.99    0.00    0.00    0.00    0.00    0.00    0.00    0.00    0.00   99.01
03:20:51 AM   31    0.00    0.00    0.00    0.00    0.00    0.00    0.00    0.00    0.00  100.00
03:20:51 AM   32    0.99    0.00    0.99    0.00    0.00    0.00    0.00    0.00    0.00   98.02
03:20:51 AM   33    1.00    0.00    1.00    0.00    0.00    0.00    0.00    0.00    0.00   98.00
03:20:51 AM   34    0.00    0.00    0.00    0.00    0.00    0.00    0.00    0.00    0.00  100.00
03:20:51 AM   35    0.00    0.00    0.00    0.00    0.00    0.00    0.00    0.00    0.00  100.00

03:20:51 AM  CPU    %usr   %nice    %sys %iowait    %irq   %soft  %steal  %guest  %gnice   %idle
03:20:52 AM  all    1.65    0.03    4.64    0.06    0.00    0.20    0.00    0.00    0.00   93.42
03:20:52 AM    0    0.99    0.00    0.00    0.00    0.00    4.95    0.00    0.00    0.00   94.06
03:20:52 AM    1    1.00    0.00    0.00    0.00    0.00    1.00    0.00    0.00    0.00   98.00
03:20:52 AM    2    1.01    0.00    0.00    0.00    0.00    0.00    0.00    0.00    0.00   98.99
03:20:52 AM    3    1.00    0.00    1.00    0.00    0.00    0.00    0.00    0.00    0.00   98.00
03:20:52 AM    4    0.00    0.00    0.00    0.00    0.00    0.00    0.00    0.00    0.00  100.00
03:20:52 AM    5    0.00    0.00    0.00    0.00    0.00    1.01    0.00    0.00    0.00   98.99
03:20:52 AM    6    1.00    0.00    1.00    0.00    0.00    0.00    0.00    0.00    0.00   98.00
03:20:52 AM    7    1.00    0.00    1.00    0.00    0.00    0.00    0.00    0.00    0.00   98.00
03:20:52 AM    8    1.01    0.00    1.01    0.00    0.00    0.00    0.00    0.00    0.00   97.98
03:20:52 AM    9    1.01    0.00    0.00    0.00    0.00    0.00    0.00    0.00    0.00   98.99
03:20:52 AM   10    1.00    0.00    1.00    0.00    0.00    0.00    0.00    0.00    0.00   98.00
03:20:52 AM   11    1.02    0.00    1.02    0.00    0.00    0.00    0.00    0.00    0.00   97.96
03:20:52 AM   12    2.00    0.00    7.00    0.00    0.00    0.00    0.00    0.00    0.00   91.00
03:20:52 AM   13    1.00    0.00    2.00    0.00    0.00    0.00    0.00    0.00    0.00   97.00
03:20:52 AM   14    0.00    0.00    1.01    0.00    0.00    0.00    0.00    0.00    0.00   98.99
03:20:52 AM   15    0.00    0.00    1.00    0.00    0.00    0.00    0.00    0.00    0.00   99.00
03:20:52 AM   16    1.01    0.00    0.00    1.01    0.00    0.00    0.00    0.00    0.00   97.98
03:20:52 AM   17    0.99    0.99    1.98    0.00    0.00    0.00    0.00    0.00    0.00   96.04
03:20:52 AM   18   23.40    0.00   67.02    0.00    0.00    0.00    0.00    0.00    0.00    9.57
03:20:52 AM   19   18.00    0.00   82.00    0.00    0.00    0.00    0.00    0.00    0.00    0.00
03:20:52 AM   20    0.00    0.00    0.00    0.00    0.00    0.00    0.00    0.00    0.00  100.00
03:20:52 AM   21    1.00    0.00    0.00    0.00    0.00    0.00    0.00    0.00    0.00   99.00
03:20:52 AM   22    1.00    0.00    1.00    0.00    0.00    0.00    0.00    0.00    0.00   98.00
03:20:52 AM   23    0.00    0.00    0.00    0.00    0.00    0.00    0.00    0.00    0.00  100.00
03:20:52 AM   24    0.00    0.00    0.00    0.00    0.00    0.00    0.00    0.00    0.00  100.00
03:20:52 AM   25    0.00    0.00    0.00    0.00    0.00    0.00    0.00    0.00    0.00  100.00
03:20:52 AM   26    0.00    0.00    0.00    0.00    0.00    0.00    0.00    0.00    0.00  100.00
03:20:52 AM   27    0.00    0.00    0.00    0.00    0.00    0.00    0.00    0.00    0.00  100.00
03:20:52 AM   28    0.00    0.00    0.00    0.00    0.00    0.00    0.00    0.00    0.00  100.00
03:20:52 AM   29    0.00    0.00    0.00    0.00    0.00    0.00    0.00    0.00    0.00  100.00
03:20:52 AM   30    0.00    0.00    0.00    0.00    0.00    0.00    0.00    0.00    0.00  100.00
03:20:52 AM   31    1.01    0.00    0.00    1.01    0.00    0.00    0.00    0.00    0.00   97.98
03:20:52 AM   32    1.00    0.00    0.00    0.00    0.00    0.00    0.00    0.00    0.00   99.00
03:20:52 AM   33    0.00    0.00    1.00    0.00    0.00    0.00    0.00    0.00    0.00   99.00
03:20:52 AM   34    0.00    0.00    0.00    0.00    0.00    0.00    0.00    0.00    0.00  100.00
03:20:52 AM   35    0.00    0.00    0.00    0.00    0.00    0.00    0.00    0.00    0.00  100.00

03:20:52 AM  CPU    %usr   %nice    %sys %iowait    %irq   %soft  %steal  %guest  %gnice   %idle
03:20:53 AM  all    2.86    0.00    4.32    0.06    0.00    0.06    0.00    0.00    0.00   92.70
03:20:53 AM    0    3.06    0.00    1.02    1.02    0.00    1.02    0.00    0.00    0.00   93.88
03:20:53 AM    1    2.02    0.00    1.01    0.00    0.00    0.00    0.00    0.00    0.00   96.97
03:20:53 AM    2    3.06    0.00    0.00    0.00    0.00    0.00    0.00    0.00    0.00   96.94
03:20:53 AM    3    3.03    0.00    0.00    0.00    0.00    0.00    0.00    0.00    0.00   96.97
03:20:53 AM    4    1.01    0.00    1.01    0.00    0.00    0.00    0.00    0.00    0.00   97.98
03:20:53 AM    5    2.04    0.00    0.00    0.00    0.00    0.00    0.00    0.00    0.00   97.96
03:20:53 AM    6    2.00    0.00    0.00    0.00    0.00    0.00    0.00    0.00    0.00   98.00
03:20:53 AM    7    2.02    0.00    0.00    0.00    0.00    0.00    0.00    0.00    0.00   97.98
03:20:53 AM    8    0.00    0.00    0.00    0.00    0.00    0.00    0.00    0.00    0.00  100.00
03:20:53 AM    9    1.02    0.00    1.02    0.00    0.00    0.00    0.00    0.00    0.00   97.96
03:20:53 AM   10    4.90    0.00    0.98    0.00    0.00    0.00    0.00    0.00    0.00   94.12
03:20:53 AM   11    2.04    0.00    0.00    0.00    0.00    0.00    0.00    0.00    0.00   97.96
03:20:53 AM   12    1.02    0.00    8.16    0.00    0.00    0.00    0.00    0.00    0.00   90.82
03:20:53 AM   13    2.02    0.00    0.00    0.00    0.00    0.00    0.00    0.00    0.00   97.98
03:20:53 AM   14    1.02    0.00    0.00    0.00    0.00    0.00    0.00    0.00    0.00   98.98
03:20:53 AM   15    4.00    0.00    0.00    0.00    0.00    1.00    0.00    0.00    0.00   95.00
03:20:53 AM   16    4.00    0.00    1.00    0.00    0.00    0.00    0.00    0.00    0.00   95.00
03:20:53 AM   17    2.97    0.00    1.98    0.00    0.00    0.00    0.00    0.00    0.00   95.05
03:20:53 AM   18   24.72    0.00   64.04    0.00    0.00    0.00    0.00    0.00    0.00   11.24
03:20:53 AM   19   27.72    0.00   72.28    0.00    0.00    0.00    0.00    0.00    0.00    0.00
03:20:53 AM   20    0.00    0.00    0.00    0.00    0.00    0.00    0.00    0.00    0.00  100.00
03:20:53 AM   21    0.00    0.00    0.00    0.00    0.00    0.00    0.00    0.00    0.00  100.00
03:20:53 AM   22    1.01    0.00    0.00    0.00    0.00    0.00    0.00    0.00    0.00   98.99
03:20:53 AM   23    0.00    0.00    0.00    0.00    0.00    0.00    0.00    0.00    0.00  100.00
03:20:53 AM   24    0.00    0.00    2.00    0.00    0.00    0.00    0.00    0.00    0.00   98.00
03:20:53 AM   25    1.98    0.00    0.99    0.00    0.00    0.00    0.00    0.00    0.00   97.03
03:20:53 AM   26    1.01    0.00    0.00    1.01    0.00    0.00    0.00    0.00    0.00   97.98
03:20:53 AM   27    0.00    0.00    1.00    0.00    0.00    0.00    0.00    0.00    0.00   99.00
03:20:53 AM   28    0.00    0.00    0.00    0.00    0.00    0.00    0.00    0.00    0.00  100.00
03:20:53 AM   29    1.00    0.00    0.00    0.00    0.00    0.00    0.00    0.00    0.00   99.00
03:20:53 AM   30    0.00    0.00    0.00    0.00    0.00    0.00    0.00    0.00    0.00  100.00
03:20:53 AM   31    0.00    0.00    1.01    0.00    0.00    0.00    0.00    0.00    0.00   98.99
03:20:53 AM   32    1.00    0.00    1.00    0.00    0.00    0.00    0.00    0.00    0.00   98.00
03:20:53 AM   33    2.00    0.00    2.00    0.00    0.00    0.00    0.00    0.00    0.00   96.00
03:20:53 AM   34    1.98    0.00    0.00    0.00    0.00    0.00    0.00    0.00    0.00   98.02
03:20:53 AM   35    1.00    0.00    0.00    0.00    0.00    0.00    0.00    0.00    0.00   99.00

03:20:53 AM  CPU    %usr   %nice    %sys %iowait    %irq   %soft  %steal  %guest  %gnice   %idle
03:20:54 AM  all    2.38    0.00    4.19    0.06    0.00    0.17    0.00    0.00    0.00   93.20
03:20:54 AM    0    1.96    0.00    0.98    0.98    0.00    4.90    0.00    0.00    0.00   91.18
03:20:54 AM    1    1.00    0.00    1.00    1.00    0.00    0.00    0.00    0.00    0.00   97.00
03:20:54 AM    2    2.00    0.00    1.00    0.00    0.00    0.00    0.00    0.00    0.00   97.00
03:20:54 AM    3    2.00    0.00    1.00    0.00    0.00    0.00    0.00    0.00    0.00   97.00
03:20:54 AM    4    1.00    0.00    0.00    0.00    0.00    1.00    0.00    0.00    0.00   98.00
03:20:54 AM    5    2.02    0.00    1.01    0.00    0.00    0.00    0.00    0.00    0.00   96.97
03:20:54 AM    6    3.03    0.00    0.00    0.00    0.00    0.00    0.00    0.00    0.00   96.97
03:20:54 AM    7    1.01    0.00    1.01    0.00    0.00    0.00    0.00    0.00    0.00   97.98
03:20:54 AM    8    2.02    0.00    0.00    0.00    0.00    0.00    0.00    0.00    0.00   97.98
03:20:54 AM    9    3.00    0.00    0.00    0.00    0.00    0.00    0.00    0.00    0.00   97.00
03:20:54 AM   10    2.02    0.00    0.00    0.00    0.00    0.00    0.00    0.00    0.00   97.98
03:20:54 AM   11    2.02    0.00    1.01    0.00    0.00    0.00    0.00    0.00    0.00   96.97
03:20:54 AM   12    1.01    0.00    0.00    0.00    0.00    0.00    0.00    0.00    0.00   98.99
03:20:54 AM   13    2.00    0.00    1.00    0.00    0.00    0.00    0.00    0.00    0.00   97.00
03:20:54 AM   14    1.98    0.00    0.99    0.00    0.00    0.00    0.00    0.00    0.00   97.03
03:20:54 AM   15    1.98    0.00    0.99    0.00    0.00    0.00    0.00    0.00    0.00   97.03
03:20:54 AM   16    2.00    0.00    1.00    0.00    0.00    0.00    0.00    0.00    0.00   97.00
03:20:54 AM   17    1.02    0.00    0.00    0.00    0.00    0.00    0.00    0.00    0.00   98.98
03:20:54 AM   18   25.00    0.00   63.64    0.00    0.00    0.00    0.00    0.00    0.00   11.36
03:20:54 AM   19   19.00    0.00   81.00    0.00    0.00    0.00    0.00    0.00    0.00    0.00
03:20:54 AM   20    0.00    0.00    0.00    0.00    0.00    0.00    0.00    0.00    0.00  100.00
03:20:54 AM   21    0.00    0.00    1.00    0.00    0.00    0.00    0.00    0.00    0.00   99.00
03:20:54 AM   22    1.01    0.00    0.00    0.00    0.00    0.00    0.00    0.00    0.00   98.99
03:20:54 AM   23    1.00    0.00    0.00    0.00    0.00    0.00    0.00    0.00    0.00   99.00
03:20:54 AM   24    1.00    0.00    0.00    0.00    0.00    0.00    0.00    0.00    0.00   99.00
03:20:54 AM   25    0.00    0.00    0.00    0.00    0.00    0.00    0.00    0.00    0.00  100.00
03:20:54 AM   26    1.96    0.00    0.98    0.00    0.00    0.00    0.00    0.00    0.00   97.06
03:20:54 AM   27    1.01    0.00    0.00    0.00    0.00    0.00    0.00    0.00    0.00   98.99
03:20:54 AM   28    1.00    0.00    0.00    0.00    0.00    0.00    0.00    0.00    0.00   99.00
03:20:54 AM   29    1.00    0.00    0.00    0.00    0.00    0.00    0.00    0.00    0.00   99.00
03:20:54 AM   30    1.00    0.00    0.00    0.00    0.00    0.00    0.00    0.00    0.00   99.00
03:20:54 AM   31    0.00    0.00    0.00    0.00    0.00    0.00    0.00    0.00    0.00  100.00
03:20:54 AM   32    0.00    0.00    0.00    0.00    0.00    0.00    0.00    0.00    0.00  100.00
03:20:54 AM   33    0.00    0.00    0.00    0.00    0.00    0.00    0.00    0.00    0.00  100.00
03:20:54 AM   34    2.00    0.00    0.00    0.00    0.00    0.00    0.00    0.00    0.00   98.00
03:20:54 AM   35    0.00    0.00    0.00    0.00    0.00    0.00    0.00    0.00    0.00  100.00

03:20:54 AM  CPU    %usr   %nice    %sys %iowait    %irq   %soft  %steal  %guest  %gnice   %idle
03:20:55 AM  all    1.51    0.00    2.49    0.00    0.00    0.08    0.00    0.00    0.00   95.92
03:20:55 AM    0    0.99    0.00    0.00    0.00    0.00    2.97    0.00    0.00    0.00   96.04
03:20:55 AM    1    4.00    0.00    6.00    0.00    0.00    0.00    0.00    0.00    0.00   90.00
03:20:55 AM    2    0.00    0.00    0.00    0.00    0.00    0.00    0.00    0.00    0.00  100.00
03:20:55 AM    3    1.00    0.00    1.00    0.00    0.00    0.00    0.00    0.00    0.00   98.00
03:20:55 AM    4    0.00    0.00    1.01    0.00    0.00    0.00    0.00    0.00    0.00   98.99
03:20:55 AM    5    1.00    0.00    1.00    0.00    0.00    0.00    0.00    0.00    0.00   98.00
03:20:55 AM    6    0.00    0.00    0.00    0.00    0.00    0.00    0.00    0.00    0.00  100.00
03:20:55 AM    7    2.00    0.00    0.00    0.00    0.00    0.00    0.00    0.00    0.00   98.00
03:20:55 AM    8    0.00    0.00    1.00    0.00    0.00    0.00    0.00    0.00    0.00   99.00
03:20:55 AM    9    0.00    0.00    0.00    0.00    0.00    0.00    0.00    0.00    0.00  100.00
03:20:55 AM   10    1.98    0.00    1.98    0.00    0.00    0.00    0.00    0.00    0.00   96.04
03:20:55 AM   11    1.98    0.00    0.99    0.00    0.00    0.00    0.00    0.00    0.00   97.03
03:20:55 AM   12    1.00    0.00    0.00    0.00    0.00    0.00    0.00    0.00    0.00   99.00
03:20:55 AM   13    2.97    0.00    0.99    0.00    0.00    0.00    0.00    0.00    0.00   96.04
03:20:55 AM   14    1.01    0.00    0.00    0.00    0.00    0.00    0.00    0.00    0.00   98.99
03:20:55 AM   15    0.00    0.00    0.00    0.00    0.00    0.00    0.00    0.00    0.00  100.00
03:20:55 AM   16    0.00    0.00    0.00    0.00    0.00    0.00    0.00    0.00    0.00  100.00
03:20:55 AM   17    0.00    0.00    1.01    0.00    0.00    0.00    0.00    0.00    0.00   98.99
03:20:55 AM   18   15.62    0.00   29.17    0.00    0.00    0.00    0.00    0.00    0.00   55.21
03:20:55 AM   19   11.00    0.00   41.00    0.00    0.00    0.00    0.00    0.00    0.00   48.00
03:20:55 AM   20    2.00    0.00    0.00    0.00    0.00    0.00    0.00    0.00    0.00   98.00
03:20:55 AM   21    2.00    0.00    0.00    0.00    0.00    0.00    0.00    0.00    0.00   98.00
03:20:55 AM   22    0.00    0.00    0.00    0.00    0.00    0.00    0.00    0.00    0.00  100.00
03:20:55 AM   23    0.00    0.00    1.01    0.00    0.00    0.00    0.00    0.00    0.00   98.99
03:20:55 AM   24    1.01    0.00    0.00    0.00    0.00    0.00    0.00    0.00    0.00   98.99
03:20:55 AM   25    0.00    0.00    1.01    0.00    0.00    0.00    0.00    0.00    0.00   98.99
03:20:55 AM   26    0.00    0.00    0.00    0.00    0.00    0.00    0.00    0.00    0.00  100.00
03:20:55 AM   27    1.01    0.00    0.00    0.00    0.00    0.00    0.00    0.00    0.00   98.99
03:20:55 AM   28    0.00    0.00    0.00    0.00    0.00    0.00    0.00    0.00    0.00  100.00
03:20:55 AM   29    0.00    0.00    1.00    0.00    0.00    0.00    0.00    0.00    0.00   99.00
03:20:55 AM   30    0.00    0.00    1.01    0.00    0.00    0.00    0.00    0.00    0.00   98.99
03:20:55 AM   31    0.00    0.00    0.00    0.00    0.00    0.00    0.00    0.00    0.00  100.00
03:20:55 AM   32    0.00    0.00    0.00    0.00    0.00    0.00    0.00    0.00    0.00  100.00
03:20:55 AM   33    2.00    0.00    0.00    0.00    0.00    0.00    0.00    0.00    0.00   98.00
03:20:55 AM   34    0.00    0.00    1.00    0.00    0.00    0.00    0.00    0.00    0.00   99.00
03:20:55 AM   35    2.00    0.00    0.00    0.00    0.00    0.00    0.00    0.00    0.00   98.00

Average:     CPU    %usr   %nice    %sys %iowait    %irq   %soft  %steal  %guest  %gnice   %idle
Average:     all    1.91    0.03    3.97    0.05    0.00    0.09    0.00    0.00    0.00   93.95
Average:       0    1.28    0.00    0.46    0.27    0.00    2.20    0.00    0.00    0.00   95.79
Average:       1    1.55    0.00    2.10    0.09    0.00    0.18    0.00    0.00    0.00   96.08
Average:       2    0.92    0.00    0.27    0.00    0.00    0.09    0.00    0.00    0.00   98.72
Average:       3    1.01    0.18    0.46    0.00    0.00    0.00    0.00    0.00    0.00   98.35
Average:       4    0.73    0.09    0.46    0.09    0.00    0.09    0.00    0.00    0.00   98.54
Average:       5    0.64    0.09    0.28    0.00    0.00    0.09    0.00    0.00    0.00   98.90
Average:       6    1.10    0.00    0.18    0.09    0.00    0.00    0.00    0.00    0.00   98.63
Average:       7    1.09    0.09    0.55    0.00    0.00    0.00    0.00    0.00    0.00   98.27
Average:       8    1.19    0.09    0.73    0.00    0.00    0.00    0.00    0.00    0.00   97.99
Average:       9    0.92    0.00    0.18    0.00    0.00    0.00    0.00    0.00    0.00   98.90
Average:      10    1.37    0.00    0.64    0.09    0.00    0.00    0.00    0.00    0.00   97.91
Average:      11    1.56    0.09    0.55    0.09    0.00    0.00    0.00    0.00    0.00   97.71
Average:      12    1.01    0.00    2.74    0.09    0.00    0.09    0.00    0.00    0.00   96.07
Average:      13    1.37    0.00    0.82    0.00    0.00    0.00    0.00    0.00    0.00   97.81
Average:      14    0.92    0.09    0.27    0.09    0.00    0.00    0.00    0.00    0.00   98.63
Average:      15    1.19    0.09    0.55    0.00    0.00    0.09    0.00    0.00    0.00   98.08
Average:      16    1.19    0.09    0.37    0.09    0.00    0.09    0.00    0.00    0.00   98.17
Average:      17    0.73    0.18    0.73    0.09    0.00    0.09    0.00    0.00    0.00   98.17
Average:      18   22.32    0.00   57.62    0.00    0.00    0.00    0.00    0.00    0.00   20.06
Average:      19   19.49    0.00   71.04    0.00    0.00    0.00    0.00    0.00    0.00    9.47
Average:      20    0.27    0.00    0.18    0.00    0.00    0.00    0.00    0.00    0.00   99.54
Average:      21    0.82    0.00    0.27    0.00    0.00    0.00    0.00    0.00    0.00   98.91
Average:      22    0.64    0.00    0.55    0.00    0.00    0.00    0.00    0.00    0.00   98.81
Average:      23    0.27    0.00    0.46    0.09    0.00    0.00    0.00    0.00    0.00   99.18
Average:      24    0.46    0.00    0.55    0.00    0.00    0.00    0.00    0.00    0.00   98.99
Average:      25    0.46    0.00    0.46    0.09    0.00    0.00    0.00    0.00    0.00   98.99
Average:      26    0.82    0.00    0.36    0.09    0.00    0.00    0.00    0.00    0.00   98.73
Average:      27    0.46    0.00    0.27    0.00    0.00    0.09    0.00    0.00    0.00   99.18
Average:      28    0.37    0.00    0.27    0.00    0.00    0.00    0.00    0.00    0.00   99.36
Average:      29    0.55    0.00    0.18    0.00    0.00    0.00    0.00    0.00    0.00   99.27
Average:      30    0.64    0.00    0.18    0.00    0.00    0.00    0.00    0.00    0.00   99.18
Average:      31    0.18    0.00    0.18    0.18    0.00    0.00    0.00    0.00    0.00   99.45
Average:      32    0.73    0.00    0.37    0.09    0.00    0.00    0.00    0.00    0.00   98.81
Average:      33    0.64    0.00    0.73    0.00    0.00    0.00    0.00    0.00    0.00   98.63
Average:      34    0.55    0.00    0.27    0.09    0.00    0.00    0.00    0.00    0.00   99.09
Average:      35    0.55    0.00    0.09    0.09    0.00    0.00    0.00    0.00    0.00   99.27
