Linux 5.15.0-186-generic (rapids4) 	07/28/2026 	_x86_64_	(36 CPU)

03:05:17 AM  CPU    %usr   %nice    %sys %iowait    %irq   %soft  %steal  %guest  %gnice   %idle
03:05:18 AM  all    1.92    0.00    2.15    0.14    0.00    0.81    0.00    0.00    0.00   94.98
03:05:18 AM    0    1.02    0.00    1.02    0.00    0.00    1.02    0.00    0.00    0.00   96.94
03:05:18 AM    1    1.01    0.00    1.01    0.00    0.00    0.00    0.00    0.00    0.00   97.98
03:05:18 AM    2    1.01    0.00    1.01    0.00    0.00    0.00    0.00    0.00    0.00   97.98
03:05:18 AM    3    4.95    0.00    0.99    1.98    0.00    0.00    0.00    0.00    0.00   92.08
03:05:18 AM    4    1.01    0.00    1.01    0.00    0.00    0.00    0.00    0.00    0.00   97.98
03:05:18 AM    5    3.00    0.00    0.00    0.00    0.00    0.00    0.00    0.00    0.00   97.00
03:05:18 AM    6    2.02    0.00    0.00    0.00    0.00    0.00    0.00    0.00    0.00   97.98
03:05:18 AM    7    1.02    0.00    0.00    0.00    0.00    0.00    0.00    0.00    0.00   98.98
03:05:18 AM    8    2.02    0.00    0.00    1.01    0.00    0.00    0.00    0.00    0.00   96.97
03:05:18 AM    9    1.96    0.00    1.96    0.00    0.00    0.98    0.00    0.00    0.00   95.10
03:05:18 AM   10    1.98    0.00    0.99    0.00    0.00    0.00    0.00    0.00    0.00   97.03
03:05:18 AM   11    0.00    0.00    1.01    0.00    0.00    0.00    0.00    0.00    0.00   98.99
03:05:18 AM   12    3.96    0.00    0.00    0.00    0.00    0.00    0.00    0.00    0.00   96.04
03:05:18 AM   13    1.02    0.00    0.00    0.00    0.00    0.00    0.00    0.00    0.00   98.98
03:05:18 AM   14    2.00    0.00    0.00    0.00    0.00    0.00    0.00    0.00    0.00   98.00
03:05:18 AM   15    1.98    0.00    0.00    0.00    0.00    0.00    0.00    0.00    0.00   98.02
03:05:18 AM   16    1.96    0.00    1.96    0.00    0.00    0.00    0.00    0.00    0.00   96.08
03:05:18 AM   17    1.00    0.00    2.00    0.00    0.00    0.00    0.00    0.00    0.00   97.00
03:05:18 AM   18    0.00    0.00    1.00    0.00    0.00    0.00    0.00    0.00    0.00   99.00
03:05:18 AM   19    1.98    0.00    0.00    0.00    0.00    0.00    0.00    0.00    0.00   98.02
03:05:18 AM   20    2.00    0.00    0.00    0.00    0.00    0.00    0.00    0.00    0.00   98.00
03:05:18 AM   21    0.99    0.00    0.99    0.00    0.00    0.00    0.00    0.00    0.00   98.02
03:05:18 AM   22   12.37    0.00   32.99    0.00    0.00   14.43    0.00    0.00    0.00   40.21
03:05:18 AM   23    8.16    0.00   25.51    0.00    0.00   13.27    0.00    0.00    0.00   53.06
03:05:18 AM   24    1.01    0.00    0.00    0.00    0.00    0.00    0.00    0.00    0.00   98.99
03:05:18 AM   25    0.00    0.00    1.01    0.00    0.00    0.00    0.00    0.00    0.00   98.99
03:05:18 AM   26    1.00    0.00    1.00    0.00    0.00    0.00    0.00    0.00    0.00   98.00
03:05:18 AM   27    0.00    0.00    0.00    0.00    0.00    0.00    0.00    0.00    0.00  100.00
03:05:18 AM   28    1.00    0.00    1.00    1.00    0.00    0.00    0.00    0.00    0.00   97.00
03:05:18 AM   29    2.00    0.00    0.00    0.00    0.00    0.00    0.00    0.00    0.00   98.00
03:05:18 AM   30    1.00    0.00    1.00    1.00    0.00    0.00    0.00    0.00    0.00   97.00
03:05:18 AM   31    2.00    0.00    0.00    0.00    0.00    0.00    0.00    0.00    0.00   98.00
03:05:18 AM   32    1.00    0.00    1.00    0.00    0.00    0.00    0.00    0.00    0.00   98.00
03:05:18 AM   33    2.00    0.00    0.00    0.00    0.00    0.00    0.00    0.00    0.00   98.00
03:05:18 AM   34    0.00    0.00    0.00    0.00    0.00    0.00    0.00    0.00    0.00  100.00
03:05:18 AM   35    0.00    0.00    0.00    0.00    0.00    0.00    0.00    0.00    0.00  100.00

03:05:18 AM  CPU    %usr   %nice    %sys %iowait    %irq   %soft  %steal  %guest  %gnice   %idle
03:05:19 AM  all    1.31    0.03    2.15    0.06    0.00    1.06    0.00    0.00    0.00   95.39
03:05:19 AM    0    0.00    0.00    1.02    0.00    0.00    1.02    0.00    0.00    0.00   97.96
03:05:19 AM    1    1.01    0.00    0.00    0.00    0.00    0.00    0.00    0.00    0.00   98.99
03:05:19 AM    2    2.00    0.00    0.00    0.00    0.00    0.00    0.00    0.00    0.00   98.00
03:05:19 AM    3    1.00    0.00    1.00    0.00    0.00    0.00    0.00    0.00    0.00   98.00
03:05:19 AM    4    0.00    0.00    0.00    0.00    0.00    0.00    0.00    0.00    0.00  100.00
03:05:19 AM    5    0.00    1.00    0.00    0.00    0.00    0.00    0.00    0.00    0.00   99.00
03:05:19 AM    6    1.00    0.00    1.00    0.00    0.00    0.00    0.00    0.00    0.00   98.00
03:05:19 AM    7    0.00    0.00    2.00    0.00    0.00    0.00    0.00    0.00    0.00   98.00
03:05:19 AM    8    1.00    0.00    0.00    0.00    0.00    0.00    0.00    0.00    0.00   99.00
03:05:19 AM    9    0.00    0.00    0.00    0.00    0.00    0.00    0.00    0.00    0.00  100.00
03:05:19 AM   10    1.00    0.00    1.00    0.00    0.00    0.00    0.00    0.00    0.00   98.00
03:05:19 AM   11    0.00    0.00    1.00    0.00    0.00    0.00    0.00    0.00    0.00   99.00
03:05:19 AM   12    0.00    0.00    0.00    0.00    0.00    0.00    0.00    0.00    0.00  100.00
03:05:19 AM   13    1.00    0.00    0.00    0.00    0.00    0.00    0.00    0.00    0.00   99.00
03:05:19 AM   14    1.02    0.00    7.14    0.00    0.00    0.00    0.00    0.00    0.00   91.84
03:05:19 AM   15    0.00    0.00    1.01    1.01    0.00    0.00    0.00    0.00    0.00   97.98
03:05:19 AM   16    0.00    0.00    0.00    0.00    0.00    0.00    0.00    0.00    0.00  100.00
03:05:19 AM   17    0.00    0.00    0.00    0.00    0.00    0.00    0.00    0.00    0.00  100.00
03:05:19 AM   18    0.00    0.00    0.00    0.00    0.00    0.00    0.00    0.00    0.00  100.00
03:05:19 AM   19    0.00    0.00    0.00    0.00    0.00    0.00    0.00    0.00    0.00  100.00
03:05:19 AM   20    1.00    0.00    0.00    0.00    0.00    0.00    0.00    0.00    0.00   99.00
03:05:19 AM   21    0.00    0.00    0.00    0.00    0.00    0.00    0.00    0.00    0.00  100.00
03:05:19 AM   22   17.20    0.00   34.41    0.00    0.00   20.43    0.00    0.00    0.00   27.96
03:05:19 AM   23   12.62    0.00   28.16    0.00    0.00   17.48    0.00    0.00    0.00   41.75
03:05:19 AM   24    0.00    0.00    0.00    0.00    0.00    0.00    0.00    0.00    0.00  100.00
03:05:19 AM   25    0.00    0.00    0.00    0.00    0.00    0.00    0.00    0.00    0.00  100.00
03:05:19 AM   26    0.00    0.00    0.00    0.00    0.00    0.00    0.00    0.00    0.00  100.00
03:05:19 AM   27    1.00    0.00    0.00    0.00    0.00    0.00    0.00    0.00    0.00   99.00
03:05:19 AM   28    1.00    0.00    0.00    0.00    0.00    0.00    0.00    0.00    0.00   99.00
03:05:19 AM   29    0.00    0.00    0.00    1.01    0.00    0.00    0.00    0.00    0.00   98.99
03:05:19 AM   30    1.00    0.00    0.00    0.00    0.00    0.00    0.00    0.00    0.00   99.00
03:05:19 AM   31    1.98    0.00    0.00    0.00    0.00    0.00    0.00    0.00    0.00   98.02
03:05:19 AM   32    0.99    0.00    0.99    0.00    0.00    0.00    0.00    0.00    0.00   98.02
03:05:19 AM   33    0.00    0.00    0.00    0.00    0.00    0.00    0.00    0.00    0.00  100.00
03:05:19 AM   34    1.00    0.00    0.00    0.00    0.00    0.00    0.00    0.00    0.00   99.00
03:05:19 AM   35    1.01    0.00    0.00    0.00    0.00    0.00    0.00    0.00    0.00   98.99

03:05:19 AM  CPU    %usr   %nice    %sys %iowait    %irq   %soft  %steal  %guest  %gnice   %idle
03:05:20 AM  all    1.43    0.06    2.18    0.06    0.00    1.06    0.00    0.00    0.00   95.21
03:05:20 AM    0    1.02    0.00    0.00    0.00    0.00    1.02    0.00    0.00    0.00   97.96
03:05:20 AM    1    0.00    2.00    1.00    0.00    0.00    0.00    0.00    0.00    0.00   97.00
03:05:20 AM    2    1.02    0.00    0.00    0.00    0.00    0.00    0.00    0.00    0.00   98.98
03:05:20 AM    3    1.98    0.00    0.00    0.00    0.00    0.00    0.00    0.00    0.00   98.02
03:05:20 AM    4    0.00    0.00    0.00    0.00    0.00    0.00    0.00    0.00    0.00  100.00
03:05:20 AM    5    1.00    0.00    0.00    0.00    0.00    0.00    0.00    0.00    0.00   99.00
03:05:20 AM    6    0.00    0.00    0.00    0.00    0.00    0.00    0.00    0.00    0.00  100.00
03:05:20 AM    7    0.00    0.00    0.00    0.00    0.00    0.00    0.00    0.00    0.00  100.00
03:05:20 AM    8    0.00    0.00    0.00    0.00    0.00    0.00    0.00    0.00    0.00  100.00
03:05:20 AM    9    0.00    0.00    0.00    0.00    0.00    0.00    0.00    0.00    0.00  100.00
03:05:20 AM   10    2.00    0.00    0.00    0.00    0.00    0.00    0.00    0.00    0.00   98.00
03:05:20 AM   11    1.01    0.00    0.00    0.00    0.00    0.00    0.00    0.00    0.00   98.99
03:05:20 AM   12    1.00    0.00    0.00    0.00    0.00    0.00    0.00    0.00    0.00   99.00
03:05:20 AM   13    2.04    0.00    6.12    0.00    0.00    0.00    0.00    0.00    0.00   91.84
03:05:20 AM   14    1.00    0.00    0.00    0.00    0.00    0.00    0.00    0.00    0.00   99.00
03:05:20 AM   15    0.99    0.00    0.99    0.00    0.00    0.00    0.00    0.00    0.00   98.02
03:05:20 AM   16    2.02    0.00    1.01    0.00    0.00    0.00    0.00    0.00    0.00   96.97
03:05:20 AM   17    0.00    0.00    0.00    1.01    0.00    0.00    0.00    0.00    0.00   98.99
03:05:20 AM   18    2.00    0.00    0.00    0.00    0.00    0.00    0.00    0.00    0.00   98.00
03:05:20 AM   19    0.00    0.00    1.01    0.00    0.00    0.00    0.00    0.00    0.00   98.99
03:05:20 AM   20    0.00    0.00    0.00    0.00    0.00    0.00    0.00    0.00    0.00  100.00
03:05:20 AM   21    1.96    0.00    0.98    0.98    0.00    0.00    0.00    0.00    0.00   96.08
03:05:20 AM   22   15.62    0.00   36.46    0.00    0.00   20.83    0.00    0.00    0.00   27.08
03:05:20 AM   23   11.76    0.00   29.41    0.00    0.00   16.67    0.00    0.00    0.00   42.16
03:05:20 AM   24    0.00    0.00    1.01    0.00    0.00    0.00    0.00    0.00    0.00   98.99
03:05:20 AM   25    0.00    0.00    0.00    0.00    0.00    0.00    0.00    0.00    0.00  100.00
03:05:20 AM   26    1.01    0.00    0.00    0.00    0.00    0.00    0.00    0.00    0.00   98.99
03:05:20 AM   27    0.00    0.00    0.00    0.00    0.00    0.00    0.00    0.00    0.00  100.00
03:05:20 AM   28    1.01    0.00    0.00    0.00    0.00    0.00    0.00    0.00    0.00   98.99
03:05:20 AM   29    1.01    0.00    0.00    0.00    0.00    0.00    0.00    0.00    0.00   98.99
03:05:20 AM   30    0.00    0.00    0.00    0.00    0.00    0.00    0.00    0.00    0.00  100.00
03:05:20 AM   31    0.00    0.00    0.00    0.00    0.00    0.00    0.00    0.00    0.00  100.00
03:05:20 AM   32    0.00    0.00    0.00    0.00    0.00    0.00    0.00    0.00    0.00  100.00
03:05:20 AM   33    1.01    0.00    0.00    0.00    0.00    0.00    0.00    0.00    0.00   98.99
03:05:20 AM   34    1.02    0.00    0.00    0.00    0.00    0.00    0.00    0.00    0.00   98.98
03:05:20 AM   35    0.00    0.00    1.01    0.00    0.00    0.00    0.00    0.00    0.00   98.99

03:05:20 AM  CPU    %usr   %nice    %sys %iowait    %irq   %soft  %steal  %guest  %gnice   %idle
03:05:21 AM  all    1.29    0.03    1.99    0.00    0.00    0.87    0.00    0.00    0.00   95.83
03:05:21 AM    0    1.01    1.01    0.00    0.00    0.00    1.01    0.00    0.00    0.00   96.97
03:05:21 AM    1    0.00    0.00    0.00    0.00    0.00    0.00    0.00    0.00    0.00  100.00
03:05:21 AM    2    1.00    0.00    0.00    0.00    0.00    0.00    0.00    0.00    0.00   99.00
03:05:21 AM    3    0.00    0.00    1.00    0.00    0.00    0.00    0.00    0.00    0.00   99.00
03:05:21 AM    4    1.01    0.00    0.00    0.00    0.00    0.00    0.00    0.00    0.00   98.99
03:05:21 AM    5    0.00    0.00    0.00    0.00    0.00    0.00    0.00    0.00    0.00  100.00
03:05:21 AM    6    0.00    0.00    0.00    0.00    0.00    0.00    0.00    0.00    0.00  100.00
03:05:21 AM    7    0.00    0.00    0.00    0.00    0.00    0.00    0.00    0.00    0.00  100.00
03:05:21 AM    8    0.00    0.00    0.00    0.00    0.00    0.00    0.00    0.00    0.00  100.00
03:05:21 AM    9    0.00    0.00    0.00    0.00    0.00    0.00    0.00    0.00    0.00  100.00
03:05:21 AM   10    0.00    0.00    0.00    0.00    0.00    0.00    0.00    0.00    0.00  100.00
03:05:21 AM   11    0.99    0.00    0.99    0.00    0.00    0.00    0.00    0.00    0.00   98.02
03:05:21 AM   12    0.00    0.00    0.00    0.00    0.00    0.00    0.00    0.00    0.00  100.00
03:05:21 AM   13    0.00    0.00    0.00    0.00    0.00    0.00    0.00    0.00    0.00  100.00
03:05:21 AM   14    0.00    0.00    0.00    0.00    0.00    0.00    0.00    0.00    0.00  100.00
03:05:21 AM   15    1.00    0.00    0.00    0.00    0.00    0.00    0.00    0.00    0.00   99.00
03:05:21 AM   16    1.01    0.00    0.00    0.00    0.00    0.00    0.00    0.00    0.00   98.99
03:05:21 AM   17    1.00    0.00    0.00    0.00    0.00    0.00    0.00    0.00    0.00   99.00
03:05:21 AM   18    0.00    0.00    0.00    0.00    0.00    0.00    0.00    0.00    0.00  100.00
03:05:21 AM   19    0.00    0.00    0.00    0.00    0.00    0.00    0.00    0.00    0.00  100.00
03:05:21 AM   20    1.01    0.00    0.00    0.00    0.00    0.00    0.00    0.00    0.00   98.99
03:05:21 AM   21    0.00    0.00    0.00    0.00    0.00    0.00    0.00    0.00    0.00  100.00
03:05:21 AM   22   16.84    0.00   37.89    0.00    0.00   16.84    0.00    0.00    0.00   28.42
03:05:21 AM   23   11.76    0.00   32.35    0.00    0.00   13.73    0.00    0.00    0.00   42.16
03:05:21 AM   24    1.01    0.00    0.00    0.00    0.00    0.00    0.00    0.00    0.00   98.99
03:05:21 AM   25    1.00    0.00    0.00    0.00    0.00    0.00    0.00    0.00    0.00   99.00
03:05:21 AM   26    0.00    0.00    0.00    0.00    0.00    0.00    0.00    0.00    0.00  100.00
03:05:21 AM   27    0.00    0.00    0.00    0.00    0.00    0.00    0.00    0.00    0.00  100.00
03:05:21 AM   28    0.00    0.00    0.00    0.00    0.00    0.00    0.00    0.00    0.00  100.00
03:05:21 AM   29    1.01    0.00    0.00    0.00    0.00    0.00    0.00    0.00    0.00   98.99
03:05:21 AM   30    1.00    0.00    0.00    0.00    0.00    0.00    0.00    0.00    0.00   99.00
03:05:21 AM   31    0.00    0.00    0.00    0.00    0.00    0.00    0.00    0.00    0.00  100.00
03:05:21 AM   32    0.00    0.00    0.00    0.00    0.00    0.00    0.00    0.00    0.00  100.00
03:05:21 AM   33    2.00    0.00    0.00    0.00    0.00    0.00    0.00    0.00    0.00   98.00
03:05:21 AM   34    1.98    0.00    0.00    0.00    0.00    0.00    0.00    0.00    0.00   98.02
03:05:21 AM   35    1.98    0.00    0.00    0.00    0.00    0.00    0.00    0.00    0.00   98.02

03:05:21 AM  CPU    %usr   %nice    %sys %iowait    %irq   %soft  %steal  %guest  %gnice   %idle
03:05:22 AM  all    1.12    0.00    2.27    0.14    0.00    1.09    0.00    0.00    0.00   95.38
03:05:22 AM    0    0.00    0.00    1.03    0.00    0.00    0.00    0.00    0.00    0.00   98.97
03:05:22 AM    1    0.00    0.00    0.00    0.00    0.00    0.00    0.00    0.00    0.00  100.00
03:05:22 AM    2    0.00    0.00    1.00    2.00    0.00    0.00    0.00    0.00    0.00   97.00
03:05:22 AM    3    1.01    0.00    0.00    0.00    0.00    0.00    0.00    0.00    0.00   98.99
03:05:22 AM    4    1.00    0.00    0.00    0.00    0.00    0.00    0.00    0.00    0.00   99.00
03:05:22 AM    5    0.99    0.00    0.99    0.00    0.00    0.99    0.00    0.00    0.00   97.03
03:05:22 AM    6    1.00    0.00    0.00    0.00    0.00    0.00    0.00    0.00    0.00   99.00
03:05:22 AM    7    1.00    0.00    1.00    0.00    0.00    0.00    0.00    0.00    0.00   98.00
03:05:22 AM    8    0.00    0.00    0.00    0.00    0.00    0.00    0.00    0.00    0.00  100.00
03:05:22 AM    9    0.00    0.00    0.00    0.00    0.00    0.00    0.00    0.00    0.00  100.00
03:05:22 AM   10    1.00    0.00    0.00    0.00    0.00    0.00    0.00    0.00    0.00   99.00
03:05:22 AM   11    0.00    0.00    0.00    0.00    0.00    0.00    0.00    0.00    0.00  100.00
03:05:22 AM   12    1.00    0.00    1.00    0.00    0.00    0.00    0.00    0.00    0.00   98.00
03:05:22 AM   13    0.00    0.00    0.00    0.00    0.00    0.00    0.00    0.00    0.00  100.00
03:05:22 AM   14    2.00    0.00    7.00    1.00    0.00    0.00    0.00    0.00    0.00   90.00
03:05:22 AM   15    0.00    0.00    0.00    0.00    0.00    0.00    0.00    0.00    0.00  100.00
03:05:22 AM   16    0.99    0.00    0.99    0.00    0.00    0.00    0.00    0.00    0.00   98.02
03:05:22 AM   17    0.00    0.00    1.00    1.00    0.00    0.00    0.00    0.00    0.00   98.00
03:05:22 AM   18    1.00    0.00    1.00    0.00    0.00    0.00    0.00    0.00    0.00   98.00
03:05:22 AM   19    1.00    0.00    0.00    0.00    0.00    0.00    0.00    0.00    0.00   99.00
03:05:22 AM   20    0.00    0.00    0.00    0.00    0.00    0.00    0.00    0.00    0.00  100.00
03:05:22 AM   21    0.00    0.00    0.00    0.00    0.00    0.00    0.00    0.00    0.00  100.00
03:05:22 AM   22   15.96    0.00   34.04    0.00    0.00   22.34    0.00    0.00    0.00   27.66
03:05:22 AM   23    8.16    0.00   31.63    0.00    0.00   16.33    0.00    0.00    0.00   43.88
03:05:22 AM   24    1.01    0.00    0.00    0.00    0.00    0.00    0.00    0.00    0.00   98.99
03:05:22 AM   25    0.00    0.00    0.00    0.00    0.00    1.01    0.00    0.00    0.00   98.99
03:05:22 AM   26    1.00    0.00    0.00    0.00    0.00    0.00    0.00    0.00    0.00   99.00
03:05:22 AM   27    0.00    0.00    0.00    0.00    0.00    0.00    0.00    0.00    0.00  100.00
03:05:22 AM   28    1.00    0.00    0.00    0.00    0.00    0.00    0.00    0.00    0.00   99.00
03:05:22 AM   29    0.00    0.00    1.00    0.00    0.00    0.00    0.00    0.00    0.00   99.00
03:05:22 AM   30    0.00    0.00    0.00    0.00    0.00    0.00    0.00    0.00    0.00  100.00
03:05:22 AM   31    0.00    0.00    0.00    0.00    0.00    0.00    0.00    0.00    0.00  100.00
03:05:22 AM   32    1.00    0.00    1.00    0.00    0.00    0.00    0.00    0.00    0.00   98.00
03:05:22 AM   33    0.00    0.00    1.00    0.00    0.00    0.00    0.00    0.00    0.00   99.00
03:05:22 AM   34    0.00    0.00    0.00    1.01    0.00    0.00    0.00    0.00    0.00   98.99
03:05:22 AM   35    1.00    0.00    0.00    0.00    0.00    0.00    0.00    0.00    0.00   99.00

03:05:22 AM  CPU    %usr   %nice    %sys %iowait    %irq   %soft  %steal  %guest  %gnice   %idle
03:05:23 AM  all    1.82    0.00    2.32    0.03    0.00    1.06    0.00    0.00    0.00   94.76
03:05:23 AM    0    1.03    0.00    0.00    0.00    0.00    2.06    0.00    0.00    0.00   96.91
03:05:23 AM    1    2.02    0.00    0.00    0.00    0.00    1.01    0.00    0.00    0.00   96.97
03:05:23 AM    2    1.01    0.00    1.01    0.00    0.00    0.00    0.00    0.00    0.00   97.98
03:05:23 AM    3    3.00    0.00    1.00    0.00    0.00    0.00    0.00    0.00    0.00   96.00
03:05:23 AM    4    1.98    0.00    0.99    0.00    0.00    0.00    0.00    0.00    0.00   97.03
03:05:23 AM    5    2.04    0.00    1.02    0.00    0.00    0.00    0.00    0.00    0.00   96.94
03:05:23 AM    6    3.00    0.00    1.00    1.00    0.00    0.00    0.00    0.00    0.00   95.00
03:05:23 AM    7    2.04    0.00    0.00    0.00    0.00    0.00    0.00    0.00    0.00   97.96
03:05:23 AM    8    1.00    0.00    1.00    0.00    0.00    0.00    0.00    0.00    0.00   98.00
03:05:23 AM    9    0.00    0.00    1.01    0.00    0.00    0.00    0.00    0.00    0.00   98.99
03:05:23 AM   10    0.00    0.00    0.00    0.00    0.00    0.00    0.00    0.00    0.00  100.00
03:05:23 AM   11    0.00    0.00    0.00    0.00    0.00    0.00    0.00    0.00    0.00  100.00
03:05:23 AM   12    3.03    0.00    0.00    0.00    0.00    0.00    0.00    0.00    0.00   96.97
03:05:23 AM   13    0.99    0.00    0.99    0.00    0.00    0.99    0.00    0.00    0.00   97.03
03:05:23 AM   14    3.00    0.00    0.00    0.00    0.00    0.00    0.00    0.00    0.00   97.00
03:05:23 AM   15    3.03    0.00    0.00    0.00    0.00    0.00    0.00    0.00    0.00   96.97
03:05:23 AM   16    1.03    0.00    0.00    0.00    0.00    0.00    0.00    0.00    0.00   98.97
03:05:23 AM   17    3.00    0.00    5.00    0.00    0.00    0.00    0.00    0.00    0.00   92.00
03:05:23 AM   18    0.00    0.00    0.00    0.00    0.00    0.00    0.00    0.00    0.00  100.00
03:05:23 AM   19    0.00    0.00    0.00    0.00    0.00    0.00    0.00    0.00    0.00  100.00
03:05:23 AM   20    0.00    0.00    0.00    0.00    0.00    0.00    0.00    0.00    0.00  100.00
03:05:23 AM   21    1.00    0.00    0.00    0.00    0.00    0.00    0.00    0.00    0.00   99.00
03:05:23 AM   22   14.58    0.00   34.38    0.00    0.00   22.92    0.00    0.00    0.00   28.12
03:05:23 AM   23   13.59    0.00   33.98    0.00    0.00   11.65    0.00    0.00    0.00   40.78
03:05:23 AM   24    1.01    0.00    0.00    0.00    0.00    0.00    0.00    0.00    0.00   98.99
03:05:23 AM   25    0.00    0.00    1.00    0.00    0.00    0.00    0.00    0.00    0.00   99.00
03:05:23 AM   26    0.00    0.00    0.00    0.00    0.00    0.00    0.00    0.00    0.00  100.00
03:05:23 AM   27    1.00    0.00    0.00    0.00    0.00    0.00    0.00    0.00    0.00   99.00
03:05:23 AM   28    0.00    0.00    0.00    0.00    0.00    0.00    0.00    0.00    0.00  100.00
03:05:23 AM   29    1.00    0.00    0.00    0.00    0.00    0.00    0.00    0.00    0.00   99.00
03:05:23 AM   30    0.00    0.00    0.00    0.00    0.00    0.00    0.00    0.00    0.00  100.00
03:05:23 AM   31    0.00    0.00    0.00    0.00    0.00    0.00    0.00    0.00    0.00  100.00
03:05:23 AM   32    0.00    0.00    1.01    0.00    0.00    0.00    0.00    0.00    0.00   98.99
03:05:23 AM   33    0.00    0.00    0.00    0.00    0.00    0.00    0.00    0.00    0.00  100.00
03:05:23 AM   34    1.00    0.00    0.00    0.00    0.00    0.00    0.00    0.00    0.00   99.00
03:05:23 AM   35    1.00    0.00    0.00    0.00    0.00    0.00    0.00    0.00    0.00   99.00

03:05:23 AM  CPU    %usr   %nice    %sys %iowait    %irq   %soft  %steal  %guest  %gnice   %idle
03:05:24 AM  all    1.43    0.00    2.04    0.06    0.00    1.09    0.00    0.00    0.00   95.38
03:05:24 AM    0    2.00    0.00    2.00    0.00    0.00    0.00    0.00    0.00    0.00   96.00
03:05:24 AM    1    2.00    0.00    0.00    0.00    0.00    0.00    0.00    0.00    0.00   98.00
03:05:24 AM    2    1.02    0.00    0.00    0.00    0.00    0.00    0.00    0.00    0.00   98.98
03:05:24 AM    3    0.00    0.00    2.00    1.00    0.00    0.00    0.00    0.00    0.00   97.00
03:05:24 AM    4    1.00    0.00    1.00    0.00    0.00    0.00    0.00    0.00    0.00   98.00
03:05:24 AM    5    1.00    0.00    0.00    0.00    0.00    0.00    0.00    0.00    0.00   99.00
03:05:24 AM    6    1.01    0.00    0.00    0.00    0.00    0.00    0.00    0.00    0.00   98.99
03:05:24 AM    7    0.00    0.00    0.00    0.00    0.00    0.00    0.00    0.00    0.00  100.00
03:05:24 AM    8    0.00    0.00    0.00    0.00    0.00    0.00    0.00    0.00    0.00  100.00
03:05:24 AM    9    2.00    0.00    0.00    0.00    0.00    0.00    0.00    0.00    0.00   98.00
03:05:24 AM   10    0.00    0.00    0.00    0.00    0.00    0.00    0.00    0.00    0.00  100.00
03:05:24 AM   11    0.00    0.00    0.00    0.00    0.00    0.00    0.00    0.00    0.00  100.00
03:05:24 AM   12    0.99    0.00    1.98    0.99    0.00    0.00    0.00    0.00    0.00   96.04
03:05:24 AM   13    1.01    0.00    0.00    0.00    0.00    0.00    0.00    0.00    0.00   98.99
03:05:24 AM   14    0.00    0.00    0.00    0.00    0.00    0.00    0.00    0.00    0.00  100.00
03:05:24 AM   15    1.00    0.00    1.00    0.00    0.00    0.00    0.00    0.00    0.00   98.00
03:05:24 AM   16    1.01    0.00    0.00    0.00    0.00    0.00    0.00    0.00    0.00   98.99
03:05:24 AM   17    2.00    0.00    3.00    0.00    0.00    0.00    0.00    0.00    0.00   95.00
03:05:24 AM   18    0.00    0.00    1.00    0.00    0.00    0.00    0.00    0.00    0.00   99.00
03:05:24 AM   19    1.00    0.00    0.00    0.00    0.00    0.00    0.00    0.00    0.00   99.00
03:05:24 AM   20    0.00    0.00    0.00    0.00    0.00    0.00    0.00    0.00    0.00  100.00
03:05:24 AM   21    0.00    0.00    0.00    0.00    0.00    0.00    0.00    0.00    0.00  100.00
03:05:24 AM   22   18.37    0.00   33.67    0.00    0.00   20.41    0.00    0.00    0.00   27.55
03:05:24 AM   23   12.00    0.00   26.00    0.00    0.00   19.00    0.00    0.00    0.00   43.00
03:05:24 AM   24    0.00    0.00    0.00    0.00    0.00    0.00    0.00    0.00    0.00  100.00
03:05:24 AM   25    1.01    0.00    0.00    0.00    0.00    0.00    0.00    0.00    0.00   98.99
03:05:24 AM   26    0.00    0.00    0.00    0.00    0.00    0.00    0.00    0.00    0.00  100.00
03:05:24 AM   27    0.00    0.00    1.00    0.00    0.00    0.00    0.00    0.00    0.00   99.00
03:05:24 AM   28    0.00    0.00    0.00    0.00    0.00    0.00    0.00    0.00    0.00  100.00
03:05:24 AM   29    0.00    0.00    0.00    0.00    0.00    0.00    0.00    0.00    0.00  100.00
03:05:24 AM   30    1.00    0.00    0.00    0.00    0.00    0.00    0.00    0.00    0.00   99.00
03:05:24 AM   31    0.00    0.00    0.00    0.00    0.00    0.00    0.00    0.00    0.00  100.00
03:05:24 AM   32    1.00    0.00    0.00    0.00    0.00    0.00    0.00    0.00    0.00   99.00
03:05:24 AM   33    0.99    0.00    0.99    0.00    0.00    0.00    0.00    0.00    0.00   98.02
03:05:24 AM   34    0.00    0.00    0.00    0.00    0.00    0.00    0.00    0.00    0.00  100.00
03:05:24 AM   35    0.00    0.00    0.00    0.00    0.00    0.00    0.00    0.00    0.00  100.00

03:05:24 AM  CPU    %usr   %nice    %sys %iowait    %irq   %soft  %steal  %guest  %gnice   %idle
03:05:25 AM  all    1.85    0.08    2.57    0.00    0.00    0.98    0.00    0.00    0.00   94.52
03:05:25 AM    0    1.02    0.00    0.00    0.00    0.00    2.04    0.00    0.00    0.00   96.94
03:05:25 AM    1    1.00    1.00    2.00    0.00    0.00    0.00    0.00    0.00    0.00   96.00
03:05:25 AM    2    1.96    0.98    2.94    0.00    0.00    0.00    0.00    0.00    0.00   94.12
03:05:25 AM    3    2.02    0.00    0.00    0.00    0.00    0.00    0.00    0.00    0.00   97.98
03:05:25 AM    4    1.01    0.00    0.00    0.00    0.00    0.00    0.00    0.00    0.00   98.99
03:05:25 AM    5    1.01    0.00    1.01    0.00    0.00    0.00    0.00    0.00    0.00   97.98
03:05:25 AM    6    0.99    0.00    1.98    0.00    0.00    0.00    0.00    0.00    0.00   97.03
03:05:25 AM    7    0.00    0.00    1.01    0.00    0.00    0.00    0.00    0.00    0.00   98.99
03:05:25 AM    8    1.00    0.00    1.00    0.00    0.00    0.00    0.00    0.00    0.00   98.00
03:05:25 AM    9    1.02    0.00    0.00    0.00    0.00    0.00    0.00    0.00    0.00   98.98
03:05:25 AM   10    1.01    0.00    0.00    0.00    0.00    0.00    0.00    0.00    0.00   98.99
03:05:25 AM   11    0.00    0.00    0.00    0.00    0.00    0.00    0.00    0.00    0.00  100.00
03:05:25 AM   12    0.99    0.99    0.99    0.00    0.00    0.00    0.00    0.00    0.00   97.03
03:05:25 AM   13    0.00    0.00    0.00    0.00    0.00    0.00    0.00    0.00    0.00  100.00
03:05:25 AM   14    1.01    0.00    2.02    0.00    0.00    0.00    0.00    0.00    0.00   96.97
03:05:25 AM   15    1.02    0.00    0.00    0.00    0.00    0.00    0.00    0.00    0.00   98.98
03:05:25 AM   16    2.00    0.00    1.00    0.00    0.00    0.00    0.00    0.00    0.00   97.00
03:05:25 AM   17    3.03    0.00    6.06    0.00    0.00    0.00    0.00    0.00    0.00   90.91
03:05:25 AM   18    1.01    0.00    0.00    0.00    0.00    0.00    0.00    0.00    0.00   98.99
03:05:25 AM   19    0.00    0.00    0.00    0.00    0.00    0.00    0.00    0.00    0.00  100.00
03:05:25 AM   20    0.00    0.00    0.00    0.00    0.00    0.00    0.00    0.00    0.00  100.00
03:05:25 AM   21    0.00    0.00    1.01    0.00    0.00    0.00    0.00    0.00    0.00   98.99
03:05:25 AM   22   20.20    0.00   34.34    0.00    0.00   18.18    0.00    0.00    0.00   27.27
03:05:25 AM   23   10.78    0.00   32.35    0.00    0.00   14.71    0.00    0.00    0.00   42.16
03:05:25 AM   24    1.01    0.00    0.00    0.00    0.00    0.00    0.00    0.00    0.00   98.99
03:05:25 AM   25    1.00    0.00    1.00    0.00    0.00    0.00    0.00    0.00    0.00   98.00
03:05:25 AM   26    1.01    0.00    0.00    0.00    0.00    0.00    0.00    0.00    0.00   98.99
03:05:25 AM   27    2.00    0.00    0.00    0.00    0.00    0.00    0.00    0.00    0.00   98.00
03:05:25 AM   28    1.01    0.00    1.01    0.00    0.00    0.00    0.00    0.00    0.00   97.98
03:05:25 AM   29    1.00    0.00    0.00    0.00    0.00    0.00    0.00    0.00    0.00   99.00
03:05:25 AM   30    1.00    0.00    1.00    0.00    0.00    0.00    0.00    0.00    0.00   98.00
03:05:25 AM   31    1.98    0.00    0.00    0.00    0.00    0.00    0.00    0.00    0.00   98.02
03:05:25 AM   32    2.00    0.00    0.00    0.00    0.00    0.00    0.00    0.00    0.00   98.00
03:05:25 AM   33    1.00    0.00    0.00    0.00    0.00    0.00    0.00    0.00    0.00   99.00
03:05:25 AM   34    0.00    0.00    1.02    0.00    0.00    0.00    0.00    0.00    0.00   98.98
03:05:25 AM   35    1.01    0.00    0.00    0.00    0.00    0.00    0.00    0.00    0.00   98.99

03:05:25 AM  CPU    %usr   %nice    %sys %iowait    %irq   %soft  %steal  %guest  %gnice   %idle
03:05:26 AM  all    1.62    0.06    2.01    0.03    0.00    1.18    0.00    0.00    0.00   95.10
03:05:26 AM    0    1.03    0.00    0.00    0.00    0.00    0.00    0.00    0.00    0.00   98.97
03:05:26 AM    1    1.98    0.00    0.00    0.00    0.00    0.99    0.00    0.00    0.00   97.03
03:05:26 AM    2    0.00    0.00    1.02    0.00    0.00    0.00    0.00    0.00    0.00   98.98
03:05:26 AM    3    1.01    0.00    0.00    0.00    0.00    0.00    0.00    0.00    0.00   98.99
03:05:26 AM    4    3.00    0.00    0.00    0.00    0.00    0.00    0.00    0.00    0.00   97.00
03:05:26 AM    5    1.00    0.00    1.00    0.00    0.00    0.00    0.00    0.00    0.00   98.00
03:05:26 AM    6    1.00    2.00    0.00    0.00    0.00    0.00    0.00    0.00    0.00   97.00
03:05:26 AM    7    2.97    0.00    0.00    0.99    0.00    0.00    0.00    0.00    0.00   96.04
03:05:26 AM    8    1.01    0.00    0.00    0.00    0.00    0.00    0.00    0.00    0.00   98.99
03:05:26 AM    9    0.00    0.00    0.00    0.00    0.00    0.00    0.00    0.00    0.00  100.00
03:05:26 AM   10    0.00    0.00    1.01    0.00    0.00    0.00    0.00    0.00    0.00   98.99
03:05:26 AM   11    1.00    0.00    0.00    0.00    0.00    0.00    0.00    0.00    0.00   99.00
03:05:26 AM   12    0.00    0.00    0.00    0.00    0.00    0.00    0.00    0.00    0.00  100.00
03:05:26 AM   13    1.98    0.00    0.99    0.00    0.00    0.00    0.00    0.00    0.00   97.03
03:05:26 AM   14    1.01    0.00    0.00    0.00    0.00    0.00    0.00    0.00    0.00   98.99
03:05:26 AM   15    2.02    0.00    1.01    0.00    0.00    0.00    0.00    0.00    0.00   96.97
03:05:26 AM   16    0.00    0.00    0.00    0.00    0.00    0.00    0.00    0.00    0.00  100.00
03:05:26 AM   17    1.00    0.00    0.00    0.00    0.00    0.00    0.00    0.00    0.00   99.00
03:05:26 AM   18    2.02    0.00    3.03    0.00    0.00    0.00    0.00    0.00    0.00   94.95
03:05:26 AM   19    0.00    0.00    0.00    0.00    0.00    0.00    0.00    0.00    0.00  100.00
03:05:26 AM   20    0.98    0.00    0.98    0.00    0.00    0.00    0.00    0.00    0.00   98.04
03:05:26 AM   21    1.00    0.00    0.00    0.00    0.00    0.00    0.00    0.00    0.00   99.00
03:05:26 AM   22   16.30    0.00   34.78    0.00    0.00   20.65    0.00    0.00    0.00   28.26
03:05:26 AM   23   11.00    0.00   24.00    0.00    0.00   22.00    0.00    0.00    0.00   43.00
03:05:26 AM   24    1.00    0.00    1.00    0.00    0.00    0.00    0.00    0.00    0.00   98.00
03:05:26 AM   25    1.00    0.00    0.00    0.00    0.00    0.00    0.00    0.00    0.00   99.00
03:05:26 AM   26    1.00    0.00    1.00    0.00    0.00    0.00    0.00    0.00    0.00   98.00
03:05:26 AM   27    0.00    0.00    1.00    0.00    0.00    0.00    0.00    0.00    0.00   99.00
03:05:26 AM   28    1.00    0.00    1.00    0.00    0.00    0.00    0.00    0.00    0.00   98.00
03:05:26 AM   29    0.00    0.00    1.02    0.00    0.00    0.00    0.00    0.00    0.00   98.98
03:05:26 AM   30    1.01    0.00    0.00    0.00    0.00    0.00    0.00    0.00    0.00   98.99
03:05:26 AM   31    2.00    0.00    0.00    0.00    0.00    0.00    0.00    0.00    0.00   98.00
03:05:26 AM   32    0.00    0.00    0.00    0.00    0.00    0.00    0.00    0.00    0.00  100.00
03:05:26 AM   33    0.00    0.00    1.01    0.00    0.00    0.00    0.00    0.00    0.00   98.99
03:05:26 AM   34    1.01    0.00    0.00    0.00    0.00    0.00    0.00    0.00    0.00   98.99
03:05:26 AM   35    0.00    0.00    1.01    0.00    0.00    0.00    0.00    0.00    0.00   98.99

03:05:26 AM  CPU    %usr   %nice    %sys %iowait    %irq   %soft  %steal  %guest  %gnice   %idle
03:05:27 AM  all    1.81    0.06    2.46    0.03    0.00    0.81    0.00    0.00    0.00   94.84
03:05:27 AM    0    3.03    0.00    0.00    1.01    0.00    0.00    0.00    0.00    0.00   95.96
03:05:27 AM    1    1.02    0.00    0.00    0.00    0.00    0.00    0.00    0.00    0.00   98.98
03:05:27 AM    2    1.02    0.00    1.02    0.00    0.00    0.00    0.00    0.00    0.00   97.96
03:05:27 AM    3    1.98    0.99    0.00    0.00    0.00    0.00    0.00    0.00    0.00   97.03
03:05:27 AM    4    1.01    0.00    1.01    0.00    0.00    0.00    0.00    0.00    0.00   97.98
03:05:27 AM    5    1.98    0.00    0.99    0.00    0.00    0.99    0.00    0.00    0.00   96.04
03:05:27 AM    6    2.00    0.00    1.00    0.00    0.00    0.00    0.00    0.00    0.00   97.00
03:05:27 AM    7    2.00    0.00    0.00    0.00    0.00    0.00    0.00    0.00    0.00   98.00
03:05:27 AM    8    1.01    0.00    1.01    0.00    0.00    0.00    0.00    0.00    0.00   97.98
03:05:27 AM    9    1.98    0.99    0.00    0.00    0.00    0.00    0.00    0.00    0.00   97.03
03:05:27 AM   10    1.01    0.00    0.00    0.00    0.00    0.00    0.00    0.00    0.00   98.99
03:05:27 AM   11    1.02    0.00    0.00    0.00    0.00    0.00    0.00    0.00    0.00   98.98
03:05:27 AM   12    2.97    0.00    0.99    0.00    0.00    0.00    0.00    0.00    0.00   96.04
03:05:27 AM   13    0.00    0.00    0.00    0.00    0.00    0.00    0.00    0.00    0.00  100.00
03:05:27 AM   14    3.00    0.00    7.00    0.00    0.00    0.00    0.00    0.00    0.00   90.00
03:05:27 AM   15    0.00    0.00    0.00    0.00    0.00    0.00    0.00    0.00    0.00  100.00
03:05:27 AM   16    2.00    0.00    0.00    0.00    0.00    0.00    0.00    0.00    0.00   98.00
03:05:27 AM   17    1.01    0.00    0.00    0.00    0.00    0.00    0.00    0.00    0.00   98.99
03:05:27 AM   18    1.00    0.00    0.00    0.00    0.00    0.00    0.00    0.00    0.00   99.00
03:05:27 AM   19    1.00    0.00    0.00    0.00    0.00    0.00    0.00    0.00    0.00   99.00
03:05:27 AM   20    0.00    0.00    0.00    0.00    0.00    0.00    0.00    0.00    0.00  100.00
03:05:27 AM   21    1.00    0.00    0.00    0.00    0.00    0.00    0.00    0.00    0.00   99.00
03:05:27 AM   22   17.89    0.00   36.84    0.00    0.00   17.89    0.00    0.00    0.00   27.37
03:05:27 AM   23    9.52    0.00   38.10    0.00    0.00   10.48    0.00    0.00    0.00   41.90
03:05:27 AM   24    1.00    0.00    0.00    0.00    0.00    0.00    0.00    0.00    0.00   99.00
03:05:27 AM   25    0.00    0.00    0.00    0.00    0.00    0.00    0.00    0.00    0.00  100.00
03:05:27 AM   26    0.00    0.00    0.00    0.00    0.00    0.00    0.00    0.00    0.00  100.00
03:05:27 AM   27    0.00    0.00    0.00    0.00    0.00    0.00    0.00    0.00    0.00  100.00
03:05:27 AM   28    0.00    0.00    0.00    0.00    0.00    0.00    0.00    0.00    0.00  100.00
03:05:27 AM   29    0.00    0.00    0.00    0.00    0.00    0.00    0.00    0.00    0.00  100.00
03:05:27 AM   30    0.00    0.00    0.00    0.00    0.00    0.00    0.00    0.00    0.00  100.00
03:05:27 AM   31    1.00    0.00    0.00    0.00    0.00    0.00    0.00    0.00    0.00   99.00
03:05:27 AM   32    1.98    0.00    0.00    0.00    0.00    0.00    0.00    0.00    0.00   98.02
03:05:27 AM   33    1.00    0.00    0.00    0.00    0.00    0.00    0.00    0.00    0.00   99.00
03:05:27 AM   34    1.00    0.00    0.00    0.00    0.00    0.00    0.00    0.00    0.00   99.00
03:05:27 AM   35    1.00    0.00    0.00    0.00    0.00    0.00    0.00    0.00    0.00   99.00

Average:     CPU    %usr   %nice    %sys %iowait    %irq   %soft  %steal  %guest  %gnice   %idle
Average:     all    1.56    0.03    2.22    0.05    0.00    1.00    0.00    0.00    0.00   95.14
Average:       0    1.12    0.10    0.51    0.10    0.00    0.82    0.00    0.00    0.00   97.35
Average:       1    1.01    0.30    0.40    0.00    0.00    0.20    0.00    0.00    0.00   98.09
Average:       2    1.01    0.10    0.81    0.20    0.00    0.00    0.00    0.00    0.00   97.88
Average:       3    1.70    0.10    0.60    0.30    0.00    0.00    0.00    0.00    0.00   97.30
Average:       4    1.10    0.00    0.40    0.00    0.00    0.00    0.00    0.00    0.00   98.49
Average:       5    1.20    0.10    0.50    0.00    0.00    0.20    0.00    0.00    0.00   97.99
Average:       6    1.20    0.20    0.50    0.10    0.00    0.00    0.00    0.00    0.00   97.99
Average:       7    0.91    0.00    0.40    0.10    0.00    0.00    0.00    0.00    0.00   98.59
Average:       8    0.71    0.00    0.30    0.10    0.00    0.00    0.00    0.00    0.00   98.89
Average:       9    0.70    0.10    0.30    0.00    0.00    0.10    0.00    0.00    0.00   98.79
Average:      10    0.81    0.00    0.30    0.00    0.00    0.00    0.00    0.00    0.00   98.89
Average:      11    0.40    0.00    0.30    0.00    0.00    0.00    0.00    0.00    0.00   99.29
Average:      12    1.40    0.10    0.50    0.10    0.00    0.00    0.00    0.00    0.00   97.90
Average:      13    0.81    0.00    0.81    0.00    0.00    0.10    0.00    0.00    0.00   98.29
Average:      14    1.41    0.00    2.31    0.10    0.00    0.00    0.00    0.00    0.00   96.18
Average:      15    1.11    0.00    0.40    0.10    0.00    0.00    0.00    0.00    0.00   98.39
Average:      16    1.21    0.00    0.50    0.00    0.00    0.00    0.00    0.00    0.00   98.29
Average:      17    1.20    0.00    1.71    0.20    0.00    0.00    0.00    0.00    0.00   96.89
Average:      18    0.71    0.00    0.60    0.00    0.00    0.00    0.00    0.00    0.00   98.69
Average:      19    0.50    0.00    0.10    0.00    0.00    0.00    0.00    0.00    0.00   99.40
Average:      20    0.50    0.00    0.10    0.00    0.00    0.00    0.00    0.00    0.00   99.40
Average:      21    0.60    0.00    0.30    0.10    0.00    0.00    0.00    0.00    0.00   99.00
Average:      22   16.54    0.00   34.97    0.00    0.00   19.48    0.00    0.00    0.00   29.01
Average:      23   10.96    0.00   30.21    0.00    0.00   15.50    0.00    0.00    0.00   43.34
Average:      24    0.71    0.00    0.20    0.00    0.00    0.00    0.00    0.00    0.00   99.09
Average:      25    0.40    0.00    0.30    0.00    0.00    0.10    0.00    0.00    0.00   99.19
Average:      26    0.50    0.00    0.20    0.00    0.00    0.00    0.00    0.00    0.00   99.30
Average:      27    0.40    0.00    0.20    0.00    0.00    0.00    0.00    0.00    0.00   99.40
Average:      28    0.60    0.00    0.30    0.10    0.00    0.00    0.00    0.00    0.00   98.99
Average:      29    0.60    0.00    0.20    0.10    0.00    0.00    0.00    0.00    0.00   99.09
Average:      30    0.60    0.00    0.20    0.10    0.00    0.00    0.00    0.00    0.00   99.09
Average:      31    0.91    0.00    0.00    0.00    0.00    0.00    0.00    0.00    0.00   99.09
Average:      32    0.80    0.00    0.40    0.00    0.00    0.00    0.00    0.00    0.00   98.80
Average:      33    0.80    0.00    0.30    0.00    0.00    0.00    0.00    0.00    0.00   98.90
Average:      34    0.71    0.00    0.10    0.10    0.00    0.00    0.00    0.00    0.00   99.09
Average:      35    0.70    0.00    0.20    0.00    0.00    0.00    0.00    0.00    0.00   99.09
