Linux 5.15.0-186-generic (rapids4) 	07/28/2026 	_x86_64_	(36 CPU)

02:48:32 AM  CPU    %usr   %nice    %sys %iowait    %irq   %soft  %steal  %guest  %gnice   %idle
02:48:33 AM  all    3.19    0.06    2.71    0.06    0.00    1.45    0.00    0.00    0.00   92.53
02:48:33 AM    0    3.96    0.00    0.99    0.00    0.00    2.97    0.00    0.00    0.00   92.08
02:48:33 AM    1    4.00    0.00    1.00    0.00    0.00    0.00    0.00    0.00    0.00   95.00
02:48:33 AM    2    1.98    0.00    0.99    0.99    0.00    0.99    0.00    0.00    0.00   95.05
02:48:33 AM    3    1.02    2.04    0.00    0.00    0.00    0.00    0.00    0.00    0.00   96.94
02:48:33 AM    4    4.90    0.00    0.98    0.00    0.00    0.00    0.00    0.00    0.00   94.12
02:48:33 AM    5    4.04    0.00    7.07    0.00    0.00    0.00    0.00    0.00    0.00   88.89
02:48:33 AM    6    2.04    0.00    0.00    0.00    0.00    0.00    0.00    0.00    0.00   97.96
02:48:33 AM    7    3.96    0.00    0.99    0.00    0.00    0.00    0.00    0.00    0.00   95.05
02:48:33 AM    8    2.02    0.00    0.00    0.00    0.00    0.00    0.00    0.00    0.00   97.98
02:48:33 AM    9    2.04    0.00    1.02    0.00    0.00    0.00    0.00    0.00    0.00   96.94
02:48:33 AM   10    1.01    0.00    0.00    0.00    0.00    1.01    0.00    0.00    0.00   97.98
02:48:33 AM   11    2.02    0.00    0.00    0.00    0.00    0.00    0.00    0.00    0.00   97.98
02:48:33 AM   12    2.04    0.00    0.00    0.00    0.00    0.00    0.00    0.00    0.00   97.96
02:48:33 AM   13    6.06    0.00    0.00    0.00    0.00    0.00    0.00    0.00    0.00   93.94
02:48:33 AM   14    2.02    0.00    1.01    0.00    0.00    0.00    0.00    0.00    0.00   96.97
02:48:33 AM   15    3.00    0.00    1.00    0.00    0.00    1.00    0.00    0.00    0.00   95.00
02:48:33 AM   16    2.06    0.00    0.00    0.00    0.00    0.00    0.00    0.00    0.00   97.94
02:48:33 AM   17    3.96    0.00    0.00    0.00    0.00    0.99    0.00    0.00    0.00   95.05
02:48:33 AM   18    1.01    0.00    1.01    1.01    0.00    0.00    0.00    0.00    0.00   96.97
02:48:33 AM   19    1.00    0.00    1.00    0.00    0.00    0.00    0.00    0.00    0.00   98.00
02:48:33 AM   20    1.01    0.00    0.00    0.00    0.00    0.00    0.00    0.00    0.00   98.99
02:48:33 AM   21    0.00    0.00    0.00    0.00    0.00    0.00    0.00    0.00    0.00  100.00
02:48:33 AM   22    1.00    0.00    2.00    0.00    0.00    0.00    0.00    0.00    0.00   97.00
02:48:33 AM   23    1.02    0.00    1.02    0.00    0.00    0.00    0.00    0.00    0.00   97.96
02:48:33 AM   24   19.00    0.00   42.00    0.00    0.00   23.00    0.00    0.00    0.00   16.00
02:48:33 AM   25   20.20    0.00   30.30    0.00    0.00   22.22    0.00    0.00    0.00   27.27
02:48:33 AM   26    2.02    0.00    0.00    0.00    0.00    0.00    0.00    0.00    0.00   97.98
02:48:33 AM   27    1.01    0.00    1.01    0.00    0.00    0.00    0.00    0.00    0.00   97.98
02:48:33 AM   28    3.03    0.00    0.00    0.00    0.00    0.00    0.00    0.00    0.00   96.97
02:48:33 AM   29    1.00    0.00    1.00    0.00    0.00    0.00    0.00    0.00    0.00   98.00
02:48:33 AM   30    2.00    0.00    0.00    0.00    0.00    0.00    0.00    0.00    0.00   98.00
02:48:33 AM   31    2.02    0.00    0.00    0.00    0.00    0.00    0.00    0.00    0.00   97.98
02:48:33 AM   32    3.03    0.00    0.00    0.00    0.00    0.00    0.00    0.00    0.00   96.97
02:48:33 AM   33    1.00    0.00    1.00    0.00    0.00    0.00    0.00    0.00    0.00   98.00
02:48:33 AM   34    1.02    0.00    0.00    0.00    0.00    0.00    0.00    0.00    0.00   98.98
02:48:33 AM   35    1.96    0.00    1.96    0.00    0.00    0.00    0.00    0.00    0.00   96.08

02:48:33 AM  CPU    %usr   %nice    %sys %iowait    %irq   %soft  %steal  %guest  %gnice   %idle
02:48:34 AM  all    1.89    0.03    2.76    0.06    0.00    1.98    0.00    0.00    0.00   93.29
02:48:34 AM    0    1.83    0.00    0.00    0.00    0.00   10.09    0.00    0.00    0.00   88.07
02:48:34 AM    1    0.99    0.00    0.00    0.00    0.00    1.98    0.00    0.00    0.00   97.03
02:48:34 AM    2    0.00    0.00    0.00    0.00    0.00    0.00    0.00    0.00    0.00  100.00
02:48:34 AM    3    2.02    0.00    0.00    1.01    0.00    0.00    0.00    0.00    0.00   96.97
02:48:34 AM    4    1.01    0.00    1.01    0.00    0.00    0.00    0.00    0.00    0.00   97.98
02:48:34 AM    5    1.00    0.00    0.00    0.00    0.00    0.00    0.00    0.00    0.00   99.00
02:48:34 AM    6    1.98    0.00    0.00    0.00    0.00    0.00    0.00    0.00    0.00   98.02
02:48:34 AM    7    0.00    0.00    0.00    0.00    0.00    0.00    0.00    0.00    0.00  100.00
02:48:34 AM    8    0.99    0.99    0.99    0.00    0.00    0.00    0.00    0.00    0.00   97.03
02:48:34 AM    9    1.01    0.00    0.00    0.00    0.00    0.00    0.00    0.00    0.00   98.99
02:48:34 AM   10    1.01    0.00    0.00    0.00    0.00    0.00    0.00    0.00    0.00   98.99
02:48:34 AM   11    1.00    0.00    1.00    0.00    0.00    0.00    0.00    0.00    0.00   98.00
02:48:34 AM   12    1.98    0.00    0.99    0.00    0.00    0.00    0.00    0.00    0.00   97.03
02:48:34 AM   13    1.01    0.00    0.00    0.00    0.00    0.00    0.00    0.00    0.00   98.99
02:48:34 AM   14    1.01    0.00    0.00    0.00    0.00    0.00    0.00    0.00    0.00   98.99
02:48:34 AM   15    0.00    0.00    1.00    0.00    0.00    0.00    0.00    0.00    0.00   99.00
02:48:34 AM   16    0.00    0.00    0.99    0.99    0.00    0.00    0.00    0.00    0.00   98.02
02:48:34 AM   17    0.00    0.00    0.00    0.00    0.00    0.00    0.00    0.00    0.00  100.00
02:48:34 AM   18    0.00    0.00    0.00    0.00    0.00    0.00    0.00    0.00    0.00  100.00
02:48:34 AM   19    0.00    0.00    0.00    0.00    0.00    0.00    0.00    0.00    0.00  100.00
02:48:34 AM   20    0.00    0.00    0.00    0.00    0.00    0.00    0.00    0.00    0.00  100.00
02:48:34 AM   21    1.00    0.00    0.00    0.00    0.00    0.00    0.00    0.00    0.00   99.00
02:48:34 AM   22    1.01    0.00    0.00    0.00    0.00    0.00    0.00    0.00    0.00   98.99
02:48:34 AM   23    1.00    0.00    1.00    0.00    0.00    0.00    0.00    0.00    0.00   98.00
02:48:34 AM   24   21.00    0.00   46.00    0.00    0.00   33.00    0.00    0.00    0.00    0.00
02:48:34 AM   25   23.76    0.00   43.56    0.00    0.00   24.75    0.00    0.00    0.00    7.92
02:48:34 AM   26    0.00    0.00    0.00    0.00    0.00    0.00    0.00    0.00    0.00  100.00
02:48:34 AM   27    1.00    0.00    0.00    0.00    0.00    0.00    0.00    0.00    0.00   99.00
02:48:34 AM   28    0.00    0.00    0.00    0.00    0.00    0.00    0.00    0.00    0.00  100.00
02:48:34 AM   29    0.00    0.00    1.01    0.00    0.00    0.00    0.00    0.00    0.00   98.99
02:48:34 AM   30    0.00    0.00    0.00    0.00    0.00    0.00    0.00    0.00    0.00  100.00
02:48:34 AM   31    1.01    0.00    0.00    0.00    0.00    0.00    0.00    0.00    0.00   98.99
02:48:34 AM   32    0.00    0.00    0.00    0.00    0.00    0.00    0.00    0.00    0.00  100.00
02:48:34 AM   33    0.00    0.00    0.00    0.00    0.00    0.00    0.00    0.00    0.00  100.00
02:48:34 AM   34    1.00    0.00    0.00    0.00    0.00    0.00    0.00    0.00    0.00   99.00
02:48:34 AM   35    0.00    0.00    1.01    0.00    0.00    0.00    0.00    0.00    0.00   98.99

02:48:34 AM  CPU    %usr   %nice    %sys %iowait    %irq   %soft  %steal  %guest  %gnice   %idle
02:48:35 AM  all    2.03    0.03    2.95    0.06    0.00    1.81    0.00    0.00    0.00   93.12
02:48:35 AM    0    1.87    0.00    0.00    0.00    0.00    8.41    0.00    0.00    0.00   89.72
02:48:35 AM    1    0.00    0.00    0.96    0.00    0.00    5.77    0.00    0.00    0.00   93.27
02:48:35 AM    2    1.01    0.00    0.00    0.00    0.00    0.00    0.00    0.00    0.00   98.99
02:48:35 AM    3    1.01    0.00    0.00    0.00    0.00    0.00    0.00    0.00    0.00   98.99
02:48:35 AM    4    0.00    0.00    0.00    0.00    0.00    0.00    0.00    0.00    0.00  100.00
02:48:35 AM    5    1.02    0.00    7.14    0.00    0.00    0.00    0.00    0.00    0.00   91.84
02:48:35 AM    6    1.00    0.00    1.00    0.00    0.00    0.00    0.00    0.00    0.00   98.00
02:48:35 AM    7    1.01    0.00    0.00    0.00    0.00    0.00    0.00    0.00    0.00   98.99
02:48:35 AM    8    1.01    0.00    0.00    1.01    0.00    0.00    0.00    0.00    0.00   97.98
02:48:35 AM    9    0.00    0.00    1.00    0.00    0.00    0.00    0.00    0.00    0.00   99.00
02:48:35 AM   10    0.99    0.99    0.99    0.00    0.00    0.00    0.00    0.00    0.00   97.03
02:48:35 AM   11    0.00    0.00    0.00    0.00    0.00    0.00    0.00    0.00    0.00  100.00
02:48:35 AM   12    0.00    0.00    0.00    0.00    0.00    0.00    0.00    0.00    0.00  100.00
02:48:35 AM   13    0.00    0.00    0.00    0.00    0.00    0.00    0.00    0.00    0.00  100.00
02:48:35 AM   14    0.00    0.00    0.00    0.00    0.00    0.00    0.00    0.00    0.00  100.00
02:48:35 AM   15    0.00    0.00    0.00    0.00    0.00    0.00    0.00    0.00    0.00  100.00
02:48:35 AM   16    1.00    0.00    0.00    0.00    0.00    0.00    0.00    0.00    0.00   99.00
02:48:35 AM   17    1.01    0.00    0.00    0.00    0.00    0.00    0.00    0.00    0.00   98.99
02:48:35 AM   18    1.01    0.00    0.00    0.00    0.00    0.00    0.00    0.00    0.00   98.99
02:48:35 AM   19    1.00    0.00    0.00    0.00    0.00    0.00    0.00    0.00    0.00   99.00
02:48:35 AM   20    1.00    0.00    0.00    0.00    0.00    0.00    0.00    0.00    0.00   99.00
02:48:35 AM   21    0.00    0.00    1.00    0.00    0.00    0.00    0.00    0.00    0.00   99.00
02:48:35 AM   22    1.00    0.00    1.00    0.00    0.00    0.00    0.00    0.00    0.00   98.00
02:48:35 AM   23    0.00    0.00    0.00    0.00    0.00    0.00    0.00    0.00    0.00  100.00
02:48:35 AM   24   25.74    0.00   48.51    0.00    0.00   25.74    0.00    0.00    0.00    0.00
02:48:35 AM   25   25.25    0.00   42.42    0.00    0.00   24.24    0.00    0.00    0.00    8.08
02:48:35 AM   26    0.00    0.00    0.00    0.00    0.00    0.00    0.00    0.00    0.00  100.00
02:48:35 AM   27    0.00    0.00    0.00    0.00    0.00    0.00    0.00    0.00    0.00  100.00
02:48:35 AM   28    0.00    0.00    1.01    0.00    0.00    0.00    0.00    0.00    0.00   98.99
02:48:35 AM   29    1.00    0.00    0.00    0.00    0.00    0.00    0.00    0.00    0.00   99.00
02:48:35 AM   30    1.00    0.00    0.00    0.00    0.00    0.00    0.00    0.00    0.00   99.00
02:48:35 AM   31    1.96    0.00    0.98    0.98    0.00    0.00    0.00    0.00    0.00   96.08
02:48:35 AM   32    0.00    0.00    0.00    0.00    0.00    0.00    0.00    0.00    0.00  100.00
02:48:35 AM   33    1.00    0.00    0.00    0.00    0.00    0.00    0.00    0.00    0.00   99.00
02:48:35 AM   34    0.00    0.00    0.00    0.00    0.00    0.00    0.00    0.00    0.00  100.00
02:48:35 AM   35    2.00    0.00    0.00    0.00    0.00    0.00    0.00    0.00    0.00   98.00

02:48:35 AM  CPU    %usr   %nice    %sys %iowait    %irq   %soft  %steal  %guest  %gnice   %idle
02:48:36 AM  all    1.87    0.00    3.37    0.06    0.00    1.87    0.00    0.00    0.00   92.85
02:48:36 AM    0    2.70    0.00    0.00    0.00    0.00   10.81    0.00    0.00    0.00   86.49
02:48:36 AM    1    0.96    0.00    0.00    0.00    0.00    5.77    0.00    0.00    0.00   93.27
02:48:36 AM    2    0.00    0.00    0.00    0.00    0.00    0.00    0.00    0.00    0.00  100.00
02:48:36 AM    3    0.00    0.00    1.01    1.01    0.00    0.00    0.00    0.00    0.00   97.98
02:48:36 AM    4    0.00    0.00    0.00    0.00    0.00    0.00    0.00    0.00    0.00  100.00
02:48:36 AM    5    1.01    0.00    8.08    0.00    0.00    0.00    0.00    0.00    0.00   90.91
02:48:36 AM    6    0.00    0.00    0.00    0.00    0.00    0.00    0.00    0.00    0.00  100.00
02:48:36 AM    7    0.00    0.00    0.00    1.01    0.00    0.00    0.00    0.00    0.00   98.99
02:48:36 AM    8    1.98    0.00    0.99    0.00    0.00    0.00    0.00    0.00    0.00   97.03
02:48:36 AM    9    1.01    0.00    0.00    0.00    0.00    0.00    0.00    0.00    0.00   98.99
02:48:36 AM   10    2.00    0.00    0.00    0.00    0.00    0.00    0.00    0.00    0.00   98.00
02:48:36 AM   11    1.01    0.00    1.01    0.00    0.00    0.00    0.00    0.00    0.00   97.98
02:48:36 AM   12    0.00    0.00    1.01    0.00    0.00    0.00    0.00    0.00    0.00   98.99
02:48:36 AM   13    1.01    0.00    1.01    0.00    0.00    0.00    0.00    0.00    0.00   97.98
02:48:36 AM   14    1.02    0.00    0.00    0.00    0.00    0.00    0.00    0.00    0.00   98.98
02:48:36 AM   15    0.00    0.00    1.00    0.00    0.00    0.00    0.00    0.00    0.00   99.00
02:48:36 AM   16    0.00    0.00    0.00    0.00    0.00    0.00    0.00    0.00    0.00  100.00
02:48:36 AM   17    0.00    0.00    0.00    0.00    0.00    0.00    0.00    0.00    0.00  100.00
02:48:36 AM   18    1.98    0.00    3.96    0.00    0.00    0.00    0.00    0.00    0.00   94.06
02:48:36 AM   19    0.00    0.00    0.00    0.00    0.00    0.00    0.00    0.00    0.00  100.00
02:48:36 AM   20    0.00    0.00    1.01    0.00    0.00    0.00    0.00    0.00    0.00   98.99
02:48:36 AM   21    1.00    0.00    0.00    0.00    0.00    0.00    0.00    0.00    0.00   99.00
02:48:36 AM   22    0.00    0.00    0.00    0.00    0.00    0.00    0.00    0.00    0.00  100.00
02:48:36 AM   23    1.00    0.00    1.00    0.00    0.00    0.00    0.00    0.00    0.00   98.00
02:48:36 AM   24   24.24    0.00   49.49    0.00    0.00   26.26    0.00    0.00    0.00    0.00
02:48:36 AM   25   20.79    0.00   48.51    0.00    0.00   22.77    0.00    0.00    0.00    7.92
02:48:36 AM   26    1.98    0.00    0.00    0.00    0.00    0.00    0.00    0.00    0.00   98.02
02:48:36 AM   27    0.00    0.00    0.00    0.00    0.00    0.00    0.00    0.00    0.00  100.00
02:48:36 AM   28    0.00    0.00    0.00    0.00    0.00    0.00    0.00    0.00    0.00  100.00
02:48:36 AM   29    1.00    0.00    0.00    0.00    0.00    0.00    0.00    0.00    0.00   99.00
02:48:36 AM   30    0.00    0.00    0.00    0.00    0.00    0.00    0.00    0.00    0.00  100.00
02:48:36 AM   31    0.00    0.00    0.00    0.00    0.00    0.00    0.00    0.00    0.00  100.00
02:48:36 AM   32    0.99    0.00    0.99    0.00    0.00    0.00    0.00    0.00    0.00   98.02
02:48:36 AM   33    0.00    0.00    1.01    0.00    0.00    0.00    0.00    0.00    0.00   98.99
02:48:36 AM   34    0.00    0.00    1.00    0.00    0.00    0.00    0.00    0.00    0.00   99.00
02:48:36 AM   35    1.00    0.00    0.00    0.00    0.00    0.00    0.00    0.00    0.00   99.00

02:48:36 AM  CPU    %usr   %nice    %sys %iowait    %irq   %soft  %steal  %guest  %gnice   %idle
02:48:37 AM  all    1.67    0.03    2.93    0.03    0.00    1.84    0.00    0.00    0.00   93.51
02:48:37 AM    0    1.83    0.00    0.92    0.00    0.00    9.17    0.00    0.00    0.00   88.07
02:48:37 AM    1    0.00    0.00    0.00    0.00    0.00    1.01    0.00    0.00    0.00   98.99
02:48:37 AM    2    1.00    0.00    1.00    0.00    0.00    0.00    0.00    0.00    0.00   98.00
02:48:37 AM    3    0.00    0.00    0.00    0.00    0.00    0.00    0.00    0.00    0.00  100.00
02:48:37 AM    4    0.00    0.00    0.00    0.00    0.00    0.00    0.00    0.00    0.00  100.00
02:48:37 AM    5    0.99    0.00    0.00    0.99    0.00    0.99    0.00    0.00    0.00   97.03
02:48:37 AM    6    1.00    0.00    0.00    0.00    0.00    0.00    0.00    0.00    0.00   99.00
02:48:37 AM    7    0.00    0.00    1.00    0.00    0.00    0.00    0.00    0.00    0.00   99.00
02:48:37 AM    8    0.00    0.00    0.00    0.00    0.00    0.00    0.00    0.00    0.00  100.00
02:48:37 AM    9    0.00    0.00    0.00    0.00    0.00    0.00    0.00    0.00    0.00  100.00
02:48:37 AM   10    1.01    0.00    0.00    0.00    0.00    0.00    0.00    0.00    0.00   98.99
02:48:37 AM   11    0.00    0.00    0.00    0.00    0.00    0.00    0.00    0.00    0.00  100.00
02:48:37 AM   12    2.02    0.00    0.00    0.00    0.00    0.00    0.00    0.00    0.00   97.98
02:48:37 AM   13    0.00    0.00    0.00    0.00    0.00    0.00    0.00    0.00    0.00  100.00
02:48:37 AM   14    0.00    1.00    1.00    0.00    0.00    0.00    0.00    0.00    0.00   98.00
02:48:37 AM   15    1.01    0.00    1.01    0.00    0.00    0.00    0.00    0.00    0.00   97.98
02:48:37 AM   16    1.00    0.00    0.00    0.00    0.00    0.00    0.00    0.00    0.00   99.00
02:48:37 AM   17    2.00    0.00    1.00    0.00    0.00    0.00    0.00    0.00    0.00   97.00
02:48:37 AM   18    0.00    0.00    0.00    0.00    0.00    0.00    0.00    0.00    0.00  100.00
02:48:37 AM   19    0.00    0.00    0.00    0.00    0.00    0.00    0.00    0.00    0.00  100.00
02:48:37 AM   20    1.00    0.00    0.00    0.00    0.00    0.00    0.00    0.00    0.00   99.00
02:48:37 AM   21    0.00    0.00    0.00    0.00    0.00    0.00    0.00    0.00    0.00  100.00
02:48:37 AM   22    1.00    0.00    1.00    0.00    0.00    0.00    0.00    0.00    0.00   98.00
02:48:37 AM   23    0.00    0.00    1.01    0.00    0.00    0.00    0.00    0.00    0.00   98.99
02:48:37 AM   24   20.79    0.00   51.49    0.00    0.00   27.72    0.00    0.00    0.00    0.00
02:48:37 AM   25   23.23    0.00   42.42    0.00    0.00   26.26    0.00    0.00    0.00    8.08
02:48:37 AM   26    0.00    0.00    0.00    0.00    0.00    0.00    0.00    0.00    0.00  100.00
02:48:37 AM   27    1.00    0.00    1.00    0.00    0.00    0.00    0.00    0.00    0.00   98.00
02:48:37 AM   28    0.00    0.00    0.00    0.00    0.00    0.00    0.00    0.00    0.00  100.00
02:48:37 AM   29    0.00    0.00    0.00    0.00    0.00    0.00    0.00    0.00    0.00  100.00
02:48:37 AM   30    1.00    0.00    0.00    0.00    0.00    0.00    0.00    0.00    0.00   99.00
02:48:37 AM   31    0.00    0.00    0.00    0.00    0.00    0.00    0.00    0.00    0.00  100.00
02:48:37 AM   32    0.00    0.00    0.00    0.00    0.00    0.00    0.00    0.00    0.00  100.00
02:48:37 AM   33    0.00    0.00    1.00    0.00    0.00    0.00    0.00    0.00    0.00   99.00
02:48:37 AM   34    0.00    0.00    0.00    0.00    0.00    0.00    0.00    0.00    0.00  100.00
02:48:37 AM   35    0.00    0.00    1.00    0.00    0.00    0.00    0.00    0.00    0.00   99.00

02:48:37 AM  CPU    %usr   %nice    %sys %iowait    %irq   %soft  %steal  %guest  %gnice   %idle
02:48:38 AM  all    2.12    0.00    2.90    0.06    0.00    1.79    0.00    0.00    0.00   93.13
02:48:38 AM    0    1.89    0.00    0.00    0.00    0.00    9.43    0.00    0.00    0.00   88.68
02:48:38 AM    1    1.01    0.00    0.00    0.00    0.00    1.01    0.00    0.00    0.00   97.98
02:48:38 AM    2    1.01    0.00    0.00    0.00    0.00    0.00    0.00    0.00    0.00   98.99
02:48:38 AM    3    1.00    0.00    1.00    0.00    0.00    0.00    0.00    0.00    0.00   98.00
02:48:38 AM    4    0.99    0.00    0.99    0.00    0.00    0.00    0.00    0.00    0.00   98.02
02:48:38 AM    5    1.01    0.00    7.07    0.00    0.00    0.00    0.00    0.00    0.00   91.92
02:48:38 AM    6    0.00    0.00    0.00    0.00    0.00    0.00    0.00    0.00    0.00  100.00
02:48:38 AM    7    2.00    0.00    0.00    0.00    0.00    0.00    0.00    0.00    0.00   98.00
02:48:38 AM    8    0.99    0.00    0.99    0.00    0.00    0.00    0.00    0.00    0.00   98.02
02:48:38 AM    9    1.00    0.00    1.00    0.00    0.00    0.00    0.00    0.00    0.00   98.00
02:48:38 AM   10    1.98    0.00    0.00    0.00    0.00    0.00    0.00    0.00    0.00   98.02
02:48:38 AM   11    2.00    0.00    0.00    0.00    0.00    0.00    0.00    0.00    0.00   98.00
02:48:38 AM   12    2.00    0.00    0.00    0.00    0.00    0.00    0.00    0.00    0.00   98.00
02:48:38 AM   13    2.00    0.00    1.00    1.00    0.00    0.00    0.00    0.00    0.00   96.00
02:48:38 AM   14    0.00    0.00    0.00    0.00    0.00    0.00    0.00    0.00    0.00  100.00
02:48:38 AM   15    1.00    0.00    0.00    0.00    0.00    0.00    0.00    0.00    0.00   99.00
02:48:38 AM   16    0.00    0.00    0.00    0.00    0.00    0.00    0.00    0.00    0.00  100.00
02:48:38 AM   17    1.01    0.00    0.00    0.00    0.00    0.00    0.00    0.00    0.00   98.99
02:48:38 AM   18    1.00    0.00    0.00    0.00    0.00    0.00    0.00    0.00    0.00   99.00
02:48:38 AM   19    1.00    0.00    0.00    1.00    0.00    0.00    0.00    0.00    0.00   98.00
02:48:38 AM   20    0.00    0.00    0.00    0.00    0.00    0.00    0.00    0.00    0.00  100.00
02:48:38 AM   21    0.00    0.00    1.01    0.00    0.00    0.00    0.00    0.00    0.00   98.99
02:48:38 AM   22    0.00    0.00    0.00    0.00    0.00    0.00    0.00    0.00    0.00  100.00
02:48:38 AM   23    0.00    0.00    2.00    0.00    0.00    0.00    0.00    0.00    0.00   98.00
02:48:38 AM   24   22.22    0.00   51.52    0.00    0.00   26.26    0.00    0.00    0.00    0.00
02:48:38 AM   25   23.71    0.00   36.08    0.00    0.00   27.84    0.00    0.00    0.00   12.37
02:48:38 AM   26    0.00    0.00    0.00    0.00    0.00    0.00    0.00    0.00    0.00  100.00
02:48:38 AM   27    1.00    0.00    1.00    0.00    0.00    0.00    0.00    0.00    0.00   98.00
02:48:38 AM   28    1.01    0.00    0.00    0.00    0.00    0.00    0.00    0.00    0.00   98.99
02:48:38 AM   29    0.00    0.00    1.01    0.00    0.00    0.00    0.00    0.00    0.00   98.99
02:48:38 AM   30    1.00    0.00    1.00    0.00    0.00    0.00    0.00    0.00    0.00   98.00
02:48:38 AM   31    1.01    0.00    0.00    0.00    0.00    0.00    0.00    0.00    0.00   98.99
02:48:38 AM   32    0.00    0.00    0.00    0.00    0.00    0.00    0.00    0.00    0.00  100.00
02:48:38 AM   33    2.00    0.00    0.00    0.00    0.00    0.00    0.00    0.00    0.00   98.00
02:48:38 AM   34    1.00    0.00    0.00    0.00    0.00    0.00    0.00    0.00    0.00   99.00
02:48:38 AM   35    1.00    0.00    0.00    0.00    0.00    0.00    0.00    0.00    0.00   99.00

02:48:38 AM  CPU    %usr   %nice    %sys %iowait    %irq   %soft  %steal  %guest  %gnice   %idle
02:48:39 AM  all    1.93    0.00    2.74    0.03    0.00    1.48    0.00    0.00    0.00   93.81
02:48:39 AM    0    0.00    0.00    0.00    0.00    0.00    4.00    0.00    0.00    0.00   96.00
02:48:39 AM    1    0.00    0.00    0.00    0.00    0.00    0.00    0.00    0.00    0.00  100.00
02:48:39 AM    2    2.00    0.00    0.00    0.00    0.00    0.00    0.00    0.00    0.00   98.00
02:48:39 AM    3    0.00    0.00    0.00    0.00    0.00    0.00    0.00    0.00    0.00  100.00
02:48:39 AM    4    1.01    0.00    0.00    0.00    0.00    0.00    0.00    0.00    0.00   98.99
02:48:39 AM    5    1.01    0.00    7.07    0.00    0.00    0.00    0.00    0.00    0.00   91.92
02:48:39 AM    6    0.00    0.00    0.00    0.00    0.00    0.00    0.00    0.00    0.00  100.00
02:48:39 AM    7    0.00    0.00    0.00    0.00    0.00    0.00    0.00    0.00    0.00  100.00
02:48:39 AM    8    0.00    0.00    0.00    0.00    0.00    0.00    0.00    0.00    0.00  100.00
02:48:39 AM    9    1.00    0.00    0.00    0.00    0.00    0.00    0.00    0.00    0.00   99.00
02:48:39 AM   10    0.00    0.00    0.00    0.00    0.00    0.00    0.00    0.00    0.00  100.00
02:48:39 AM   11    0.00    0.00    0.00    0.00    0.00    0.00    0.00    0.00    0.00  100.00
02:48:39 AM   12    2.02    0.00    0.00    0.00    0.00    0.00    0.00    0.00    0.00   97.98
02:48:39 AM   13    0.00    0.00    0.00    1.02    0.00    0.00    0.00    0.00    0.00   98.98
02:48:39 AM   14    0.00    0.00    0.00    0.00    0.00    0.00    0.00    0.00    0.00  100.00
02:48:39 AM   15    1.01    0.00    0.00    0.00    0.00    0.00    0.00    0.00    0.00   98.99
02:48:39 AM   16    0.00    0.00    0.00    0.00    0.00    0.00    0.00    0.00    0.00  100.00
02:48:39 AM   17    1.02    0.00    0.00    0.00    0.00    0.00    0.00    0.00    0.00   98.98
02:48:39 AM   18    0.00    0.00    0.00    0.00    0.00    0.00    0.00    0.00    0.00  100.00
02:48:39 AM   19    0.00    0.00    0.00    0.00    0.00    0.00    0.00    0.00    0.00  100.00
02:48:39 AM   20    1.98    0.00    0.00    0.00    0.00    0.00    0.00    0.00    0.00   98.02
02:48:39 AM   21    0.98    0.00    1.96    0.00    0.00    0.00    0.00    0.00    0.00   97.06
02:48:39 AM   22    1.00    0.00    1.00    0.00    0.00    0.00    0.00    0.00    0.00   98.00
02:48:39 AM   23    1.01    0.00    0.00    0.00    0.00    0.00    0.00    0.00    0.00   98.99
02:48:39 AM   24   24.75    0.00   46.53    0.00    0.00   28.71    0.00    0.00    0.00    0.00
02:48:39 AM   25   21.65    0.00   41.24    0.00    0.00   20.62    0.00    0.00    0.00   16.49
02:48:39 AM   26    1.96    0.00    0.98    0.00    0.00    0.00    0.00    0.00    0.00   97.06
02:48:39 AM   27    1.98    0.00    0.00    0.00    0.00    0.00    0.00    0.00    0.00   98.02
02:48:39 AM   28    0.00    0.00    0.00    0.00    0.00    0.00    0.00    0.00    0.00  100.00
02:48:39 AM   29    2.00    0.00    0.00    0.00    0.00    0.00    0.00    0.00    0.00   98.00
02:48:39 AM   30    1.00    0.00    0.00    0.00    0.00    0.00    0.00    0.00    0.00   99.00
02:48:39 AM   31    1.01    0.00    0.00    0.00    0.00    0.00    0.00    0.00    0.00   98.99
02:48:39 AM   32    0.00    0.00    0.00    0.00    0.00    0.00    0.00    0.00    0.00  100.00
02:48:39 AM   33    0.00    0.00    0.00    0.00    0.00    0.00    0.00    0.00    0.00  100.00
02:48:39 AM   34    1.01    0.00    0.00    0.00    0.00    0.00    0.00    0.00    0.00   98.99
02:48:39 AM   35    0.00    0.00    0.00    0.00    0.00    0.00    0.00    0.00    0.00  100.00

02:48:39 AM  CPU    %usr   %nice    %sys %iowait    %irq   %soft  %steal  %guest  %gnice   %idle
02:48:40 AM  all    1.98    0.00    3.17    0.08    0.00    1.89    0.00    0.00    0.00   92.87
02:48:40 AM    0    1.85    0.00    0.00    0.93    0.00   11.11    0.00    0.00    0.00   86.11
02:48:40 AM    1    0.99    0.00    0.00    0.00    0.00    1.98    0.00    0.00    0.00   97.03
02:48:40 AM    2    1.02    0.00    1.02    0.00    0.00    0.00    0.00    0.00    0.00   97.96
02:48:40 AM    3    1.01    0.00    2.02    0.00    0.00    0.00    0.00    0.00    0.00   96.97
02:48:40 AM    4    0.00    0.00    2.04    0.00    0.00    0.00    0.00    0.00    0.00   97.96
02:48:40 AM    5    1.00    0.00    1.00    0.00    0.00    0.00    0.00    0.00    0.00   98.00
02:48:40 AM    6    1.98    0.00    0.99    0.00    0.00    0.00    0.00    0.00    0.00   97.03
02:48:40 AM    7    1.03    0.00    1.03    0.00    0.00    0.00    0.00    0.00    0.00   97.94
02:48:40 AM    8    0.99    0.00    0.99    0.00    0.00    0.00    0.00    0.00    0.00   98.02
02:48:40 AM    9    0.00    0.00    0.00    0.00    0.00    0.00    0.00    0.00    0.00  100.00
02:48:40 AM   10    5.05    0.00    1.01    0.00    0.00    0.00    0.00    0.00    0.00   93.94
02:48:40 AM   11    1.01    0.00    0.00    0.00    0.00    0.00    0.00    0.00    0.00   98.99
02:48:40 AM   12    1.98    0.00    0.99    0.99    0.00    0.00    0.00    0.00    0.00   96.04
02:48:40 AM   13    1.00    0.00    0.00    0.00    0.00    1.00    0.00    0.00    0.00   98.00
02:48:40 AM   14    2.00    0.00    0.00    0.00    0.00    0.00    0.00    0.00    0.00   98.00
02:48:40 AM   15    0.00    0.00    1.01    0.00    0.00    0.00    0.00    0.00    0.00   98.99
02:48:40 AM   16    1.01    0.00    1.01    0.00    0.00    0.00    0.00    0.00    0.00   97.98
02:48:40 AM   17    4.00    0.00    2.00    0.00    0.00    0.00    0.00    0.00    0.00   94.00
02:48:40 AM   18    0.00    0.00    1.00    0.00    0.00    0.00    0.00    0.00    0.00   99.00
02:48:40 AM   19    0.99    0.00    0.00    0.00    0.00    0.99    0.00    0.00    0.00   98.02
02:48:40 AM   20    0.00    0.00    0.00    0.00    0.00    0.00    0.00    0.00    0.00  100.00
02:48:40 AM   21    1.00    0.00    0.00    0.00    0.00    0.00    0.00    0.00    0.00   99.00
02:48:40 AM   22    1.01    0.00    0.00    1.01    0.00    0.00    0.00    0.00    0.00   97.98
02:48:40 AM   23    0.00    0.00    1.00    0.00    0.00    0.00    0.00    0.00    0.00   99.00
02:48:40 AM   24   20.00    0.00   51.00    0.00    0.00   29.00    0.00    0.00    0.00    0.00
02:48:40 AM   25   18.81    0.00   41.58    0.00    0.00   22.77    0.00    0.00    0.00   16.83
02:48:40 AM   26    0.00    0.00    0.00    0.00    0.00    0.00    0.00    0.00    0.00  100.00
02:48:40 AM   27    0.00    0.00    0.00    0.00    0.00    0.00    0.00    0.00    0.00  100.00
02:48:40 AM   28    0.00    0.00    1.01    0.00    0.00    0.00    0.00    0.00    0.00   98.99
02:48:40 AM   29    0.00    0.00    1.00    0.00    0.00    0.00    0.00    0.00    0.00   99.00
02:48:40 AM   30    0.00    0.00    0.00    0.00    0.00    0.00    0.00    0.00    0.00  100.00
02:48:40 AM   31    1.00    0.00    1.00    0.00    0.00    0.00    0.00    0.00    0.00   98.00
02:48:40 AM   32    1.00    0.00    0.00    0.00    0.00    0.00    0.00    0.00    0.00   99.00
02:48:40 AM   33    0.99    0.00    0.99    0.00    0.00    0.00    0.00    0.00    0.00   98.02
02:48:40 AM   34    0.00    0.00    0.00    0.00    0.00    0.00    0.00    0.00    0.00  100.00
02:48:40 AM   35    0.00    0.00    0.00    0.00    0.00    0.00    0.00    0.00    0.00  100.00

02:48:40 AM  CPU    %usr   %nice    %sys %iowait    %irq   %soft  %steal  %guest  %gnice   %idle
02:48:41 AM  all    1.40    0.00    3.08    0.00    0.00    1.62    0.00    0.00    0.00   93.90
02:48:41 AM    0    5.71    0.00    1.90    0.00    0.00    6.67    0.00    0.00    0.00   85.71
02:48:41 AM    1    1.00    0.00    1.00    0.00    0.00    0.00    0.00    0.00    0.00   98.00
02:48:41 AM    2    0.00    0.00    0.00    0.00    0.00    1.00    0.00    0.00    0.00   99.00
02:48:41 AM    3    1.01    0.00    0.00    0.00    0.00    0.00    0.00    0.00    0.00   98.99
02:48:41 AM    4    0.00    0.00    0.00    0.00    0.00    0.00    0.00    0.00    0.00  100.00
02:48:41 AM    5    1.01    0.00    7.07    0.00    0.00    0.00    0.00    0.00    0.00   91.92
02:48:41 AM    6    0.00    0.00    0.00    0.00    0.00    0.00    0.00    0.00    0.00  100.00
02:48:41 AM    7    0.00    0.00    1.01    0.00    0.00    0.00    0.00    0.00    0.00   98.99
02:48:41 AM    8    0.00    0.00    0.00    0.00    0.00    0.00    0.00    0.00    0.00  100.00
02:48:41 AM    9    0.00    0.00    0.00    0.00    0.00    0.00    0.00    0.00    0.00  100.00
02:48:41 AM   10    0.00    0.00    0.00    0.00    0.00    0.00    0.00    0.00    0.00  100.00
02:48:41 AM   11    0.00    0.00    0.00    0.00    0.00    0.00    0.00    0.00    0.00  100.00
02:48:41 AM   12    2.02    0.00    0.00    0.00    0.00    0.00    0.00    0.00    0.00   97.98
02:48:41 AM   13    0.00    0.00    0.00    0.00    0.00    0.00    0.00    0.00    0.00  100.00
02:48:41 AM   14    0.00    0.00    1.01    0.00    0.00    0.00    0.00    0.00    0.00   98.99
02:48:41 AM   15    0.00    0.00    0.00    0.00    0.00    0.00    0.00    0.00    0.00  100.00
02:48:41 AM   16    0.00    0.00    1.01    0.00    0.00    0.00    0.00    0.00    0.00   98.99
02:48:41 AM   17    0.00    0.00    1.01    0.00    0.00    0.00    0.00    0.00    0.00   98.99
02:48:41 AM   18    0.00    0.00    0.00    0.00    0.00    0.00    0.00    0.00    0.00  100.00
02:48:41 AM   19    0.00    0.00    0.00    0.00    0.00    0.00    0.00    0.00    0.00  100.00
02:48:41 AM   20    0.00    0.00    0.00    0.00    0.00    0.00    0.00    0.00    0.00  100.00
02:48:41 AM   21    0.00    0.00    0.00    0.00    0.00    0.00    0.00    0.00    0.00  100.00
02:48:41 AM   22    0.99    0.00    0.99    0.00    0.00    0.00    0.00    0.00    0.00   98.02
02:48:41 AM   23    0.00    0.00    0.00    0.00    0.00    0.00    0.00    0.00    0.00  100.00
02:48:41 AM   24   19.00    0.00   53.00    0.00    0.00   28.00    0.00    0.00    0.00    0.00
02:48:41 AM   25   18.56    0.00   41.24    0.00    0.00   22.68    0.00    0.00    0.00   17.53
02:48:41 AM   26    0.00    0.00    1.00    0.00    0.00    0.00    0.00    0.00    0.00   99.00
02:48:41 AM   27    0.00    0.00    0.00    0.00    0.00    0.00    0.00    0.00    0.00  100.00
02:48:41 AM   28    0.99    0.00    0.99    0.00    0.00    0.00    0.00    0.00    0.00   98.02
02:48:41 AM   29    0.00    0.00    0.00    0.00    0.00    0.00    0.00    0.00    0.00  100.00
02:48:41 AM   30    0.00    0.00    0.00    0.00    0.00    0.00    0.00    0.00    0.00  100.00
02:48:41 AM   31    0.00    0.00    0.00    0.00    0.00    0.00    0.00    0.00    0.00  100.00
02:48:41 AM   32    0.00    0.00    0.00    0.00    0.00    0.00    0.00    0.00    0.00  100.00
02:48:41 AM   33    0.00    0.00    0.00    0.00    0.00    0.00    0.00    0.00    0.00  100.00
02:48:41 AM   34    0.00    0.00    0.00    0.00    0.00    0.00    0.00    0.00    0.00  100.00
02:48:41 AM   35    0.00    0.00    0.00    0.00    0.00    0.00    0.00    0.00    0.00  100.00

02:48:41 AM  CPU    %usr   %nice    %sys %iowait    %irq   %soft  %steal  %guest  %gnice   %idle
02:48:42 AM  all    2.01    0.03    2.85    0.11    0.00    1.51    0.00    0.00    0.00   93.50
02:48:42 AM    0    2.00    0.00    0.00    0.00    0.00    3.00    0.00    0.00    0.00   95.00
02:48:42 AM    1    1.00    0.00    0.00    0.00    0.00    2.00    0.00    0.00    0.00   97.00
02:48:42 AM    2    0.00    0.00    1.02    0.00    0.00    0.00    0.00    0.00    0.00   98.98
02:48:42 AM    3    1.00    0.00    0.00    0.00    0.00    0.00    0.00    0.00    0.00   99.00
02:48:42 AM    4    0.00    0.00    0.00    0.00    0.00    0.00    0.00    0.00    0.00  100.00
02:48:42 AM    5    3.00    0.00    3.00    1.00    0.00    0.00    0.00    0.00    0.00   93.00
02:48:42 AM    6    1.01    0.00    0.00    0.00    0.00    0.00    0.00    0.00    0.00   98.99
02:48:42 AM    7    0.00    0.00    0.00    0.00    0.00    0.00    0.00    0.00    0.00  100.00
02:48:42 AM    8    1.01    0.00    0.00    0.00    0.00    0.00    0.00    0.00    0.00   98.99
02:48:42 AM    9    0.00    0.00    0.00    0.00    0.00    0.00    0.00    0.00    0.00  100.00
02:48:42 AM   10    1.00    0.00    0.00    0.00    0.00    0.00    0.00    0.00    0.00   99.00
02:48:42 AM   11    0.99    0.00    0.99    0.99    0.00    0.00    0.00    0.00    0.00   97.03
02:48:42 AM   12    0.00    0.00    1.01    0.00    0.00    0.00    0.00    0.00    0.00   98.99
02:48:42 AM   13    0.99    0.99    0.99    0.00    0.00    0.00    0.00    0.00    0.00   97.03
02:48:42 AM   14    1.00    0.00    1.00    0.00    0.00    0.00    0.00    0.00    0.00   98.00
02:48:42 AM   15    0.00    0.00    1.01    0.00    0.00    0.00    0.00    0.00    0.00   98.99
02:48:42 AM   16    1.00    0.00    0.00    0.00    0.00    0.00    0.00    0.00    0.00   99.00
02:48:42 AM   17    1.00    0.00    0.00    0.00    0.00    0.00    0.00    0.00    0.00   99.00
02:48:42 AM   18    0.00    0.00    0.00    0.00    0.00    0.00    0.00    0.00    0.00  100.00
02:48:42 AM   19    0.00    0.00    1.00    0.00    0.00    0.00    0.00    0.00    0.00   99.00
02:48:42 AM   20    0.00    0.00    0.00    0.00    0.00    0.00    0.00    0.00    0.00  100.00
02:48:42 AM   21    1.01    0.00    0.00    1.01    0.00    0.00    0.00    0.00    0.00   97.98
02:48:42 AM   22    0.00    0.00    1.02    0.00    0.00    0.00    0.00    0.00    0.00   98.98
02:48:42 AM   23    0.00    0.00    0.00    0.00    0.00    0.00    0.00    0.00    0.00  100.00
02:48:42 AM   24   30.00    0.00   47.00    0.00    0.00   23.00    0.00    0.00    0.00    0.00
02:48:42 AM   25   19.80    0.00   38.61    0.00    0.00   25.74    0.00    0.00    0.00   15.84
02:48:42 AM   26    0.00    0.00    0.00    1.01    0.00    0.00    0.00    0.00    0.00   98.99
02:48:42 AM   27    0.00    0.00    1.01    0.00    0.00    0.00    0.00    0.00    0.00   98.99
02:48:42 AM   28    1.00    0.00    0.00    0.00    0.00    0.00    0.00    0.00    0.00   99.00
02:48:42 AM   29    0.00    0.00    1.01    0.00    0.00    0.00    0.00    0.00    0.00   98.99
02:48:42 AM   30    1.98    0.00    0.99    0.00    0.00    0.00    0.00    0.00    0.00   97.03
02:48:42 AM   31    1.01    0.00    0.00    0.00    0.00    0.00    0.00    0.00    0.00   98.99
02:48:42 AM   32    1.00    0.00    0.00    0.00    0.00    0.00    0.00    0.00    0.00   99.00
02:48:42 AM   33    0.00    0.00    1.00    0.00    0.00    0.00    0.00    0.00    0.00   99.00
02:48:42 AM   34    0.00    0.00    1.00    0.00    0.00    0.00    0.00    0.00    0.00   99.00
02:48:42 AM   35    1.00    0.00    0.00    0.00    0.00    0.00    0.00    0.00    0.00   99.00

Average:     CPU    %usr   %nice    %sys %iowait    %irq   %soft  %steal  %guest  %gnice   %idle
Average:     all    2.01    0.02    2.95    0.05    0.00    1.72    0.00    0.00    0.00   93.25
Average:       0    2.37    0.00    0.38    0.09    0.00    7.67    0.00    0.00    0.00   89.49
Average:       1    0.99    0.00    0.30    0.00    0.00    1.99    0.00    0.00    0.00   96.72
Average:       2    0.81    0.00    0.40    0.10    0.00    0.20    0.00    0.00    0.00   98.49
Average:       3    0.81    0.20    0.40    0.20    0.00    0.00    0.00    0.00    0.00   98.38
Average:       4    0.81    0.00    0.51    0.00    0.00    0.00    0.00    0.00    0.00   98.69
Average:       5    1.51    0.00    4.73    0.20    0.00    0.10    0.00    0.00    0.00   93.46
Average:       6    0.91    0.00    0.20    0.00    0.00    0.00    0.00    0.00    0.00   98.89
Average:       7    0.81    0.00    0.40    0.10    0.00    0.00    0.00    0.00    0.00   98.69
Average:       8    0.90    0.10    0.40    0.10    0.00    0.00    0.00    0.00    0.00   98.50
Average:       9    0.60    0.00    0.30    0.00    0.00    0.00    0.00    0.00    0.00   99.09
Average:      10    1.41    0.10    0.20    0.00    0.00    0.10    0.00    0.00    0.00   98.19
Average:      11    0.81    0.00    0.30    0.10    0.00    0.00    0.00    0.00    0.00   98.79
Average:      12    1.41    0.00    0.40    0.10    0.00    0.00    0.00    0.00    0.00   98.09
Average:      13    1.21    0.10    0.30    0.20    0.00    0.10    0.00    0.00    0.00   98.08
Average:      14    0.71    0.10    0.40    0.00    0.00    0.00    0.00    0.00    0.00   98.79
Average:      15    0.60    0.00    0.60    0.00    0.00    0.10    0.00    0.00    0.00   98.69
Average:      16    0.61    0.00    0.30    0.10    0.00    0.00    0.00    0.00    0.00   98.99
Average:      17    1.41    0.00    0.40    0.00    0.00    0.10    0.00    0.00    0.00   98.08
Average:      18    0.50    0.00    0.60    0.10    0.00    0.00    0.00    0.00    0.00   98.79
Average:      19    0.40    0.00    0.20    0.10    0.00    0.10    0.00    0.00    0.00   99.20
Average:      20    0.50    0.00    0.10    0.00    0.00    0.00    0.00    0.00    0.00   99.40
Average:      21    0.50    0.00    0.40    0.10    0.00    0.00    0.00    0.00    0.00   99.00
Average:      22    0.70    0.00    0.70    0.10    0.00    0.00    0.00    0.00    0.00   98.49
Average:      23    0.40    0.00    0.71    0.00    0.00    0.00    0.00    0.00    0.00   98.89
Average:      24   22.68    0.00   48.65    0.00    0.00   27.07    0.00    0.00    0.00    1.60
Average:      25   21.57    0.00   40.62    0.00    0.00   23.99    0.00    0.00    0.00   13.81
Average:      26    0.60    0.00    0.20    0.10    0.00    0.00    0.00    0.00    0.00   99.09
Average:      27    0.60    0.00    0.40    0.00    0.00    0.00    0.00    0.00    0.00   98.99
Average:      28    0.60    0.00    0.30    0.00    0.00    0.00    0.00    0.00    0.00   99.09
Average:      29    0.50    0.00    0.50    0.00    0.00    0.00    0.00    0.00    0.00   98.99
Average:      30    0.80    0.00    0.20    0.00    0.00    0.00    0.00    0.00    0.00   99.00
Average:      31    0.91    0.00    0.20    0.10    0.00    0.00    0.00    0.00    0.00   98.79
Average:      32    0.60    0.00    0.10    0.00    0.00    0.00    0.00    0.00    0.00   99.30
Average:      33    0.50    0.00    0.50    0.00    0.00    0.00    0.00    0.00    0.00   99.00
Average:      34    0.40    0.00    0.20    0.00    0.00    0.00    0.00    0.00    0.00   99.40
Average:      35    0.70    0.00    0.40    0.00    0.00    0.00    0.00    0.00    0.00   98.90
