Linux 5.15.0-186-generic (rapids4) 	07/28/2026 	_x86_64_	(36 CPU)

03:29:12 AM  CPU    %usr   %nice    %sys %iowait    %irq   %soft  %steal  %guest  %gnice   %idle
03:29:13 AM  all    1.65    0.03    2.85    0.03    0.00    2.35    0.00    0.00    0.00   93.09
03:29:13 AM    0    1.00    0.00    1.00    0.00    0.00    2.00    0.00    0.00    0.00   96.00
03:29:13 AM    1    0.00    0.00    0.00    0.00    0.00    2.02    0.00    0.00    0.00   97.98
03:29:13 AM    2    0.00    0.00    0.00    0.00    0.00    0.00    0.00    0.00    0.00  100.00
03:29:13 AM    3    1.00    0.00    0.00    0.00    0.00    0.00    0.00    0.00    0.00   99.00
03:29:13 AM    4    1.98    0.00    0.99    0.00    0.00    0.00    0.00    0.00    0.00   97.03
03:29:13 AM    5    2.00    0.00    0.00    0.00    0.00    0.00    0.00    0.00    0.00   98.00
03:29:13 AM    6    1.00    0.00    1.00    0.00    0.00    0.00    0.00    0.00    0.00   98.00
03:29:13 AM    7    3.00    0.00    0.00    0.00    0.00    0.00    0.00    0.00    0.00   97.00
03:29:13 AM    8    0.00    0.00    0.00    0.00    0.00    0.00    0.00    0.00    0.00  100.00
03:29:13 AM    9    1.00    0.00    1.00    0.00    0.00    0.00    0.00    0.00    0.00   98.00
03:29:13 AM   10    0.00    0.00    1.01    0.00    0.00    0.00    0.00    0.00    0.00   98.99
03:29:13 AM   11    2.04    0.00    6.12    0.00    0.00    0.00    0.00    0.00    0.00   91.84
03:29:13 AM   12    2.00    0.00    1.00    0.00    0.00    0.00    0.00    0.00    0.00   97.00
03:29:13 AM   13    1.00    0.00    1.00    0.00    0.00    0.00    0.00    0.00    0.00   98.00
03:29:13 AM   14    1.96    0.00    1.96    0.00    0.00    0.00    0.00    0.00    0.00   96.08
03:29:13 AM   15    0.00    1.01    0.00    0.00    0.00    0.00    0.00    0.00    0.00   98.99
03:29:13 AM   16    2.00    0.00    1.00    0.00    0.00    0.00    0.00    0.00    0.00   97.00
03:29:13 AM   17    1.02    0.00    0.00    0.00    0.00    0.00    0.00    0.00    0.00   98.98
03:29:13 AM   18    1.02    0.00    0.00    0.00    0.00    0.00    0.00    0.00    0.00   98.98
03:29:13 AM   19    4.00    0.00    0.00    0.00    0.00    0.00    0.00    0.00    0.00   96.00
03:29:13 AM   20    6.19    0.00   42.27    0.00    0.00   37.11    0.00    0.00    0.00   14.43
03:29:13 AM   21    2.04    0.00   36.73    0.00    0.00   44.90    0.00    0.00    0.00   16.33
03:29:13 AM   22    2.00    0.00    2.00    0.00    0.00    0.00    0.00    0.00    0.00   96.00
03:29:13 AM   23    1.01    0.00    2.02    0.00    0.00    0.00    0.00    0.00    0.00   96.97
03:29:13 AM   24    3.00    0.00    1.00    1.00    0.00    0.00    0.00    0.00    0.00   95.00
03:29:13 AM   25    3.00    0.00    1.00    0.00    0.00    0.00    0.00    0.00    0.00   96.00
03:29:13 AM   26    1.02    0.00    0.00    0.00    0.00    0.00    0.00    0.00    0.00   98.98
03:29:13 AM   27    3.00    0.00    0.00    0.00    0.00    0.00    0.00    0.00    0.00   97.00
03:29:13 AM   28    2.02    0.00    0.00    0.00    0.00    0.00    0.00    0.00    0.00   97.98
03:29:13 AM   29    2.97    0.00    0.99    0.00    0.00    0.00    0.00    0.00    0.00   96.04
03:29:13 AM   30    1.00    0.00    1.00    0.00    0.00    0.00    0.00    0.00    0.00   98.00
03:29:13 AM   31    1.01    0.00    0.00    0.00    0.00    0.00    0.00    0.00    0.00   98.99
03:29:13 AM   32    1.03    0.00    0.00    0.00    0.00    0.00    0.00    0.00    0.00   98.97
03:29:13 AM   33    1.02    0.00    0.00    0.00    0.00    0.00    0.00    0.00    0.00   98.98
03:29:13 AM   34    2.02    0.00    0.00    0.00    0.00    0.00    0.00    0.00    0.00   97.98
03:29:13 AM   35    1.00    0.00    1.00    0.00    0.00    0.00    0.00    0.00    0.00   98.00

03:29:13 AM  CPU    %usr   %nice    %sys %iowait    %irq   %soft  %steal  %guest  %gnice   %idle
03:29:14 AM  all    0.86    0.00    3.15    0.03    0.00    2.73    0.00    0.00    0.00   93.23
03:29:14 AM    0    0.00    0.00    1.96    0.00    0.00    4.90    0.00    0.00    0.00   93.14
03:29:14 AM    1    1.00    0.00    0.00    0.00    0.00    2.00    0.00    0.00    0.00   97.00
03:29:14 AM    2    1.98    0.00    0.99    0.00    0.00    0.00    0.00    0.00    0.00   97.03
03:29:14 AM    3    1.00    0.00    0.00    1.00    0.00    0.00    0.00    0.00    0.00   98.00
03:29:14 AM    4    0.00    0.00    0.00    0.00    0.00    0.00    0.00    0.00    0.00  100.00
03:29:14 AM    5    0.00    0.00    0.00    0.00    0.00    0.00    0.00    0.00    0.00  100.00
03:29:14 AM    6    0.99    0.00    0.99    0.00    0.00    0.00    0.00    0.00    0.00   98.02
03:29:14 AM    7    0.00    0.00    0.00    0.00    0.00    0.00    0.00    0.00    0.00  100.00
03:29:14 AM    8    1.00    0.00    0.00    0.00    0.00    0.00    0.00    0.00    0.00   99.00
03:29:14 AM    9    0.00    0.00    0.00    0.00    0.00    0.00    0.00    0.00    0.00  100.00
03:29:14 AM   10    0.00    0.00    0.00    0.00    0.00    0.00    0.00    0.00    0.00  100.00
03:29:14 AM   11    1.96    0.00    0.98    0.00    0.00    0.00    0.00    0.00    0.00   97.06
03:29:14 AM   12    1.00    0.00    0.00    0.00    0.00    0.00    0.00    0.00    0.00   99.00
03:29:14 AM   13    0.00    0.00    0.00    0.00    0.00    0.00    0.00    0.00    0.00  100.00
03:29:14 AM   14    1.00    0.00    1.00    0.00    0.00    0.00    0.00    0.00    0.00   98.00
03:29:14 AM   15    0.00    0.00    0.00    0.00    0.00    0.00    0.00    0.00    0.00  100.00
03:29:14 AM   16    0.00    0.00    1.00    0.00    0.00    0.00    0.00    0.00    0.00   99.00
03:29:14 AM   17    0.00    0.00    0.00    0.00    0.00    0.00    0.00    0.00    0.00  100.00
03:29:14 AM   18    0.00    0.00    0.00    0.00    0.00    0.00    0.00    0.00    0.00  100.00
03:29:14 AM   19    0.00    0.00    1.01    0.00    0.00    0.00    0.00    0.00    0.00   98.99
03:29:14 AM   20    8.91    0.00   51.49    0.00    0.00   39.60    0.00    0.00    0.00    0.00
03:29:14 AM   21    0.99    0.00   47.52    0.00    0.00   50.50    0.00    0.00    0.00    0.99
03:29:14 AM   22    1.00    0.00    1.00    0.00    0.00    0.00    0.00    0.00    0.00   98.00
03:29:14 AM   23    2.02    0.00    0.00    0.00    0.00    0.00    0.00    0.00    0.00   97.98
03:29:14 AM   24    2.00    0.00    0.00    0.00    0.00    0.00    0.00    0.00    0.00   98.00
03:29:14 AM   25    1.01    0.00    1.01    0.00    0.00    0.00    0.00    0.00    0.00   97.98
03:29:14 AM   26    1.01    0.00    0.00    0.00    0.00    0.00    0.00    0.00    0.00   98.99
03:29:14 AM   27    0.00    0.00    0.00    0.00    0.00    0.00    0.00    0.00    0.00  100.00
03:29:14 AM   28    0.00    0.00    0.00    0.00    0.00    0.00    0.00    0.00    0.00  100.00
03:29:14 AM   29    0.00    0.00    1.00    0.00    0.00    0.00    0.00    0.00    0.00   99.00
03:29:14 AM   30    1.01    0.00    0.00    0.00    0.00    0.00    0.00    0.00    0.00   98.99
03:29:14 AM   31    0.99    0.00    0.99    0.00    0.00    0.00    0.00    0.00    0.00   98.02
03:29:14 AM   32    1.96    0.00    0.98    0.00    0.00    0.00    0.00    0.00    0.00   97.06
03:29:14 AM   33    0.00    0.00    0.00    0.00    0.00    0.00    0.00    0.00    0.00  100.00
03:29:14 AM   34    0.00    0.00    0.00    0.00    0.00    0.00    0.00    0.00    0.00  100.00
03:29:14 AM   35    0.00    0.00    0.00    0.00    0.00    0.00    0.00    0.00    0.00  100.00

03:29:14 AM  CPU    %usr   %nice    %sys %iowait    %irq   %soft  %steal  %guest  %gnice   %idle
03:29:15 AM  all    0.64    0.03    3.10    0.22    0.00    2.88    0.00    0.00    0.00   93.13
03:29:15 AM    0    3.74    0.00    0.93    0.00    0.00    4.67    0.00    0.00    0.00   90.65
03:29:15 AM    1    0.00    0.00    0.00    0.99    0.00    4.95    0.00    0.00    0.00   94.06
03:29:15 AM    2    0.00    0.00    0.00    0.00    0.00    0.00    0.00    0.00    0.00  100.00
03:29:15 AM    3    0.00    0.00    1.01    0.00    0.00    0.00    0.00    0.00    0.00   98.99
03:29:15 AM    4    0.00    0.00    0.00    0.00    0.00    0.00    0.00    0.00    0.00  100.00
03:29:15 AM    5    0.00    0.00    0.00    0.00    0.00    0.00    0.00    0.00    0.00  100.00
03:29:15 AM    6    1.02    0.00    0.00    0.00    0.00    0.00    0.00    0.00    0.00   98.98
03:29:15 AM    7    0.00    0.00    0.00    0.00    0.00    0.00    0.00    0.00    0.00  100.00
03:29:15 AM    8    0.00    0.00    0.00    1.00    0.00    0.00    0.00    0.00    0.00   99.00
03:29:15 AM    9    0.00    0.00    0.00    0.00    0.00    0.00    0.00    0.00    0.00  100.00
03:29:15 AM   10    0.00    0.00    0.00    0.00    0.00    0.00    0.00    0.00    0.00  100.00
03:29:15 AM   11    2.02    0.00    6.06    0.00    0.00    0.00    0.00    0.00    0.00   91.92
03:29:15 AM   12    0.00    0.00    0.00    2.00    0.00    0.00    0.00    0.00    0.00   98.00
03:29:15 AM   13    1.00    0.00    1.00    0.00    0.00    0.00    0.00    0.00    0.00   98.00
03:29:15 AM   14    0.00    1.00    0.00    1.00    0.00    0.00    0.00    0.00    0.00   98.00
03:29:15 AM   15    1.01    0.00    0.00    0.00    0.00    0.00    0.00    0.00    0.00   98.99
03:29:15 AM   16    0.00    0.00    0.00    0.00    0.00    0.00    0.00    0.00    0.00  100.00
03:29:15 AM   17    0.00    0.00    0.00    0.00    0.00    0.00    0.00    0.00    0.00  100.00
03:29:15 AM   18    0.00    0.00    0.00    0.00    0.00    0.00    0.00    0.00    0.00  100.00
03:29:15 AM   19    0.00    0.00    0.00    0.00    0.00    0.00    0.00    0.00    0.00  100.00
03:29:15 AM   20    7.00    0.00   51.00    0.00    0.00   42.00    0.00    0.00    0.00    0.00
03:29:15 AM   21    1.01    0.00   47.47    0.00    0.00   51.52    0.00    0.00    0.00    0.00
03:29:15 AM   22    0.00    0.00    0.00    0.00    0.00    0.00    0.00    0.00    0.00  100.00
03:29:15 AM   23    0.00    0.00    0.00    0.00    0.00    0.00    0.00    0.00    0.00  100.00
03:29:15 AM   24    0.00    0.00    1.01    1.01    0.00    0.00    0.00    0.00    0.00   97.98
03:29:15 AM   25    1.01    0.00    0.00    0.00    0.00    0.00    0.00    0.00    0.00   98.99
03:29:15 AM   26    0.00    0.00    0.00    0.00    0.00    0.00    0.00    0.00    0.00  100.00
03:29:15 AM   27    0.00    0.00    0.00    0.00    0.00    0.00    0.00    0.00    0.00  100.00
03:29:15 AM   28    1.01    0.00    0.00    0.00    0.00    0.00    0.00    0.00    0.00   98.99
03:29:15 AM   29    0.00    0.00    0.00    1.01    0.00    0.00    0.00    0.00    0.00   98.99
03:29:15 AM   30    1.00    0.00    0.00    1.00    0.00    0.00    0.00    0.00    0.00   98.00
03:29:15 AM   31    0.00    0.00    1.00    0.00    0.00    0.00    0.00    0.00    0.00   99.00
03:29:15 AM   32    0.00    0.00    0.00    0.00    0.00    0.00    0.00    0.00    0.00  100.00
03:29:15 AM   33    1.00    0.00    1.00    0.00    0.00    0.00    0.00    0.00    0.00   98.00
03:29:15 AM   34    1.01    0.00    0.00    0.00    0.00    0.00    0.00    0.00    0.00   98.99
03:29:15 AM   35    1.00    0.00    1.00    0.00    0.00    0.00    0.00    0.00    0.00   98.00

03:29:15 AM  CPU    %usr   %nice    %sys %iowait    %irq   %soft  %steal  %guest  %gnice   %idle
03:29:16 AM  all    1.06    0.00    3.49    0.03    0.00    2.98    0.00    0.00    0.00   92.44
03:29:16 AM    0    0.96    0.00    0.96    0.00    0.00    6.73    0.00    0.00    0.00   91.35
03:29:16 AM    1    0.99    0.00    0.00    0.00    0.00    2.97    0.00    0.00    0.00   96.04
03:29:16 AM    2    1.02    0.00    3.06    0.00    0.00    0.00    0.00    0.00    0.00   95.92
03:29:16 AM    3    1.00    0.00    1.00    0.00    0.00    0.00    0.00    0.00    0.00   98.00
03:29:16 AM    4    0.00    0.00    0.00    0.00    0.00    0.00    0.00    0.00    0.00  100.00
03:29:16 AM    5    1.01    0.00    0.00    0.00    0.00    0.00    0.00    0.00    0.00   98.99
03:29:16 AM    6    0.00    0.00    0.00    0.00    0.00    0.00    0.00    0.00    0.00  100.00
03:29:16 AM    7    0.00    0.00    0.00    0.00    0.00    0.00    0.00    0.00    0.00  100.00
03:29:16 AM    8    1.00    0.00    1.00    0.00    0.00    0.00    0.00    0.00    0.00   98.00
03:29:16 AM    9    1.01    0.00    0.00    0.00    0.00    0.00    0.00    0.00    0.00   98.99
03:29:16 AM   10    1.01    0.00    0.00    1.01    0.00    0.00    0.00    0.00    0.00   97.98
03:29:16 AM   11    1.01    0.00    7.07    0.00    0.00    0.00    0.00    0.00    0.00   91.92
03:29:16 AM   12    0.99    0.00    0.99    0.00    0.00    0.00    0.00    0.00    0.00   98.02
03:29:16 AM   13    2.04    0.00    1.02    0.00    0.00    0.00    0.00    0.00    0.00   96.94
03:29:16 AM   14    0.00    0.00    0.00    0.00    0.00    0.00    0.00    0.00    0.00  100.00
03:29:16 AM   15    0.00    0.00    1.00    0.00    0.00    0.00    0.00    0.00    0.00   99.00
03:29:16 AM   16    1.98    0.00    0.99    0.00    0.00    0.00    0.00    0.00    0.00   97.03
03:29:16 AM   17    1.01    0.00    1.01    0.00    0.00    0.00    0.00    0.00    0.00   97.98
03:29:16 AM   18    1.01    0.00    1.01    0.00    0.00    0.00    0.00    0.00    0.00   97.98
03:29:16 AM   19    1.00    0.00    1.00    0.00    0.00    0.00    0.00    0.00    0.00   98.00
03:29:16 AM   20    5.00    0.00   49.00    0.00    0.00   46.00    0.00    0.00    0.00    0.00
03:29:16 AM   21    3.00    0.00   46.00    0.00    0.00   51.00    0.00    0.00    0.00    0.00
03:29:16 AM   22    1.01    0.00    0.00    0.00    0.00    0.00    0.00    0.00    0.00   98.99
03:29:16 AM   23    1.01    0.00    1.01    0.00    0.00    0.00    0.00    0.00    0.00   97.98
03:29:16 AM   24    1.02    0.00    0.00    0.00    0.00    0.00    0.00    0.00    0.00   98.98
03:29:16 AM   25    0.00    0.00    1.01    0.00    0.00    0.00    0.00    0.00    0.00   98.99
03:29:16 AM   26    1.96    0.00    0.98    0.00    0.00    0.00    0.00    0.00    0.00   97.06
03:29:16 AM   27    1.01    0.00    0.00    0.00    0.00    0.00    0.00    0.00    0.00   98.99
03:29:16 AM   28    0.00    0.00    1.01    0.00    0.00    0.00    0.00    0.00    0.00   98.99
03:29:16 AM   29    1.00    0.00    1.00    0.00    0.00    0.00    0.00    0.00    0.00   98.00
03:29:16 AM   30    0.99    0.00    0.99    0.00    0.00    0.00    0.00    0.00    0.00   98.02
03:29:16 AM   31    1.01    0.00    0.00    0.00    0.00    0.00    0.00    0.00    0.00   98.99
03:29:16 AM   32    0.99    0.00    0.99    0.00    0.00    0.00    0.00    0.00    0.00   98.02
03:29:16 AM   33    1.00    0.00    0.00    0.00    0.00    0.00    0.00    0.00    0.00   99.00
03:29:16 AM   34    2.00    0.00    3.00    0.00    0.00    0.00    0.00    0.00    0.00   95.00
03:29:16 AM   35    0.00    0.00    0.00    0.00    0.00    0.00    0.00    0.00    0.00  100.00

03:29:16 AM  CPU    %usr   %nice    %sys %iowait    %irq   %soft  %steal  %guest  %gnice   %idle
03:29:17 AM  all    0.75    0.03    3.01    0.06    0.00    2.92    0.00    0.00    0.00   93.23
03:29:17 AM    0    2.80    0.00    0.93    0.00    0.00    7.48    0.00    0.00    0.00   88.79
03:29:17 AM    1    0.00    0.00    0.00    0.00    0.00    3.92    0.00    0.00    0.00   96.08
03:29:17 AM    2    1.02    0.00    0.00    0.00    0.00    0.00    0.00    0.00    0.00   98.98
03:29:17 AM    3    1.00    0.00    0.00    0.00    0.00    0.00    0.00    0.00    0.00   99.00
03:29:17 AM    4    2.00    0.00    0.00    0.00    0.00    0.00    0.00    0.00    0.00   98.00
03:29:17 AM    5    0.00    0.00    1.00    0.00    0.00    0.00    0.00    0.00    0.00   99.00
03:29:17 AM    6    0.00    0.00    0.00    0.00    0.00    0.00    0.00    0.00    0.00  100.00
03:29:17 AM    7    0.00    0.00    0.00    0.00    0.00    0.00    0.00    0.00    0.00  100.00
03:29:17 AM    8    0.00    0.00    1.00    0.00    0.00    0.00    0.00    0.00    0.00   99.00
03:29:17 AM    9    1.00    0.00    0.00    0.00    0.00    0.00    0.00    0.00    0.00   99.00
03:29:17 AM   10    0.00    0.00    0.00    0.00    0.00    0.00    0.00    0.00    0.00  100.00
03:29:17 AM   11    0.00    0.00    0.00    1.01    0.00    0.00    0.00    0.00    0.00   98.99
03:29:17 AM   12    0.00    0.00    1.01    0.00    0.00    0.00    0.00    0.00    0.00   98.99
03:29:17 AM   13    0.00    0.00    1.00    0.00    0.00    0.00    0.00    0.00    0.00   99.00
03:29:17 AM   14    0.99    0.99    0.00    0.00    0.00    0.00    0.00    0.00    0.00   98.02
03:29:17 AM   15    1.01    0.00    0.00    0.00    0.00    0.00    0.00    0.00    0.00   98.99
03:29:17 AM   16    0.00    0.00    0.00    0.00    0.00    0.00    0.00    0.00    0.00  100.00
03:29:17 AM   17    0.00    0.00    0.00    0.00    0.00    1.01    0.00    0.00    0.00   98.99
03:29:17 AM   18    0.00    0.00    1.00    0.00    0.00    0.00    0.00    0.00    0.00   99.00
03:29:17 AM   19    0.00    0.00    0.00    0.00    0.00    0.00    0.00    0.00    0.00  100.00
03:29:17 AM   20    9.00    0.00   51.00    0.00    0.00   40.00    0.00    0.00    0.00    0.00
03:29:17 AM   21    1.00    0.00   47.00    0.00    0.00   52.00    0.00    0.00    0.00    0.00
03:29:17 AM   22    0.00    0.00    1.01    0.00    0.00    0.00    0.00    0.00    0.00   98.99
03:29:17 AM   23    1.00    0.00    1.00    0.00    0.00    0.00    0.00    0.00    0.00   98.00
03:29:17 AM   24    0.00    0.00    1.01    0.00    0.00    0.00    0.00    0.00    0.00   98.99
03:29:17 AM   25    1.98    0.00    0.99    0.00    0.00    0.00    0.00    0.00    0.00   97.03
03:29:17 AM   26    0.00    0.00    0.00    0.00    0.00    0.00    0.00    0.00    0.00  100.00
03:29:17 AM   27    0.00    0.00    0.00    0.00    0.00    0.00    0.00    0.00    0.00  100.00
03:29:17 AM   28    1.00    0.00    0.00    0.00    0.00    0.00    0.00    0.00    0.00   99.00
03:29:17 AM   29    1.00    0.00    0.00    0.00    0.00    0.00    0.00    0.00    0.00   99.00
03:29:17 AM   30    0.00    0.00    0.00    0.00    0.00    0.00    0.00    0.00    0.00  100.00
03:29:17 AM   31    0.00    0.00    0.00    1.01    0.00    0.00    0.00    0.00    0.00   98.99
03:29:17 AM   32    1.01    0.00    0.00    0.00    0.00    0.00    0.00    0.00    0.00   98.99
03:29:17 AM   33    0.00    0.00    0.00    0.00    0.00    0.00    0.00    0.00    0.00  100.00
03:29:17 AM   34    0.99    0.00    0.00    0.00    0.00    0.00    0.00    0.00    0.00   99.01
03:29:17 AM   35    0.00    0.00    0.00    0.00    0.00    0.00    0.00    0.00    0.00  100.00

03:29:17 AM  CPU    %usr   %nice    %sys %iowait    %irq   %soft  %steal  %guest  %gnice   %idle
03:29:18 AM  all    1.01    0.00    3.30    0.03    0.00    2.99    0.00    0.00    0.00   92.68
03:29:18 AM    0    0.95    0.00    0.95    0.00    0.00    7.62    0.00    0.00    0.00   90.48
03:29:18 AM    1    1.00    0.00    1.00    1.00    0.00    0.00    0.00    0.00    0.00   97.00
03:29:18 AM    2    1.00    0.00    1.00    0.00    0.00    1.00    0.00    0.00    0.00   97.00
03:29:18 AM    3    0.00    0.00    0.00    0.00    0.00    0.00    0.00    0.00    0.00  100.00
03:29:18 AM    4    0.00    0.00    1.01    0.00    0.00    0.00    0.00    0.00    0.00   98.99
03:29:18 AM    5    1.02    0.00    0.00    0.00    0.00    0.00    0.00    0.00    0.00   98.98
03:29:18 AM    6    2.00    0.00    0.00    0.00    0.00    0.00    0.00    0.00    0.00   98.00
03:29:18 AM    7    0.00    0.00    1.02    0.00    0.00    0.00    0.00    0.00    0.00   98.98
03:29:18 AM    8    0.00    0.00    0.00    0.00    0.00    0.00    0.00    0.00    0.00  100.00
03:29:18 AM    9    1.01    0.00    0.00    0.00    0.00    0.00    0.00    0.00    0.00   98.99
03:29:18 AM   10    1.01    0.00    1.01    0.00    0.00    1.01    0.00    0.00    0.00   96.97
03:29:18 AM   11    1.98    0.00    7.92    0.00    0.00    0.99    0.00    0.00    0.00   89.11
03:29:18 AM   12    2.00    0.00    0.00    0.00    0.00    0.00    0.00    0.00    0.00   98.00
03:29:18 AM   13    1.01    0.00    1.01    0.00    0.00    0.00    0.00    0.00    0.00   97.98
03:29:18 AM   14    1.00    0.00    1.00    0.00    0.00    0.00    0.00    0.00    0.00   98.00
03:29:18 AM   15    0.00    0.00    1.01    0.00    0.00    0.00    0.00    0.00    0.00   98.99
03:29:18 AM   16    2.02    0.00    0.00    0.00    0.00    0.00    0.00    0.00    0.00   97.98
03:29:18 AM   17    1.01    0.00    1.01    0.00    0.00    0.00    0.00    0.00    0.00   97.98
03:29:18 AM   18    1.00    0.00    1.00    0.00    0.00    0.00    0.00    0.00    0.00   98.00
03:29:18 AM   19    0.00    0.00    0.00    0.00    0.00    0.00    0.00    0.00    0.00  100.00
03:29:18 AM   20    6.00    0.00   54.00    0.00    0.00   40.00    0.00    0.00    0.00    0.00
03:29:18 AM   21    4.00    0.00   40.00    0.00    0.00   56.00    0.00    0.00    0.00    0.00
03:29:18 AM   22    0.00    0.00    0.00    0.00    0.00    0.00    0.00    0.00    0.00  100.00
03:29:18 AM   23    3.03    0.00    0.00    0.00    0.00    0.00    0.00    0.00    0.00   96.97
03:29:18 AM   24    0.99    0.00    0.99    0.00    0.00    0.00    0.00    0.00    0.00   98.02
03:29:18 AM   25    0.00    0.00    1.01    0.00    0.00    0.00    0.00    0.00    0.00   98.99
03:29:18 AM   26    0.00    0.00    0.00    0.00    0.00    0.00    0.00    0.00    0.00  100.00
03:29:18 AM   27    1.01    0.00    0.00    0.00    0.00    0.00    0.00    0.00    0.00   98.99
03:29:18 AM   28    0.00    0.00    1.01    0.00    0.00    0.00    0.00    0.00    0.00   98.99
03:29:18 AM   29    0.00    0.00    0.00    0.00    0.00    0.00    0.00    0.00    0.00  100.00
03:29:18 AM   30    1.01    0.00    0.00    0.00    0.00    0.00    0.00    0.00    0.00   98.99
03:29:18 AM   31    1.00    0.00    0.00    0.00    0.00    0.00    0.00    0.00    0.00   99.00
03:29:18 AM   32    1.00    0.00    1.00    0.00    0.00    0.00    0.00    0.00    0.00   98.00
03:29:18 AM   33    0.00    0.00    0.00    0.00    0.00    0.00    0.00    0.00    0.00  100.00
03:29:18 AM   34    0.00    0.00    0.00    0.00    0.00    0.00    0.00    0.00    0.00  100.00
03:29:18 AM   35    0.00    0.00    1.00    0.00    0.00    0.00    0.00    0.00    0.00   99.00

03:29:18 AM  CPU    %usr   %nice    %sys %iowait    %irq   %soft  %steal  %guest  %gnice   %idle
03:29:19 AM  all    0.70    0.00    3.13    0.03    0.00    2.63    0.00    0.00    0.00   93.51
03:29:19 AM    0    0.00    0.00    0.00    0.00    0.00    4.95    0.00    0.00    0.00   95.05
03:29:19 AM    1    1.01    0.00    0.00    0.00    0.00    0.00    0.00    0.00    0.00   98.99
03:29:19 AM    2    0.00    0.00    0.00    0.00    0.00    0.00    0.00    0.00    0.00  100.00
03:29:19 AM    3    0.00    0.00    0.00    0.00    0.00    0.00    0.00    0.00    0.00  100.00
03:29:19 AM    4    1.00    0.00    0.00    0.00    0.00    0.00    0.00    0.00    0.00   99.00
03:29:19 AM    5    0.00    0.00    0.00    0.00    0.00    0.00    0.00    0.00    0.00  100.00
03:29:19 AM    6    0.00    0.00    0.00    0.00    0.00    0.00    0.00    0.00    0.00  100.00
03:29:19 AM    7    0.00    0.00    0.00    0.00    0.00    0.00    0.00    0.00    0.00  100.00
03:29:19 AM    8    0.00    0.00    0.00    0.00    0.00    0.00    0.00    0.00    0.00  100.00
03:29:19 AM    9    0.99    0.00    0.99    0.00    0.00    0.00    0.00    0.00    0.00   98.02
03:29:19 AM   10    1.00    0.00    0.00    0.00    0.00    0.00    0.00    0.00    0.00   99.00
03:29:19 AM   11    1.02    0.00    6.12    1.02    0.00    0.00    0.00    0.00    0.00   91.84
03:29:19 AM   12    0.00    0.00    0.00    0.00    0.00    0.00    0.00    0.00    0.00  100.00
03:29:19 AM   13    0.00    0.00    0.00    0.00    0.00    0.00    0.00    0.00    0.00  100.00
03:29:19 AM   14    0.00    0.00    0.00    0.00    0.00    0.00    0.00    0.00    0.00  100.00
03:29:19 AM   15    0.00    0.00    0.00    0.00    0.00    0.00    0.00    0.00    0.00  100.00
03:29:19 AM   16    0.00    0.00    1.00    0.00    0.00    0.00    0.00    0.00    0.00   99.00
03:29:19 AM   17    0.99    0.00    0.99    0.00    0.00    0.00    0.00    0.00    0.00   98.02
03:29:19 AM   18    0.00    0.00    0.00    0.00    0.00    0.00    0.00    0.00    0.00  100.00
03:29:19 AM   19    1.00    0.00    1.00    0.00    0.00    0.00    0.00    0.00    0.00   98.00
03:29:19 AM   20    9.00    0.00   51.00    0.00    0.00   40.00    0.00    0.00    0.00    0.00
03:29:19 AM   21    3.03    0.00   47.47    0.00    0.00   49.49    0.00    0.00    0.00    0.00
03:29:19 AM   22    1.00    0.00    1.00    0.00    0.00    0.00    0.00    0.00    0.00   98.00
03:29:19 AM   23    0.99    0.00    1.98    0.00    0.00    0.00    0.00    0.00    0.00   97.03
03:29:19 AM   24    0.00    0.00    0.00    0.00    0.00    0.00    0.00    0.00    0.00  100.00
03:29:19 AM   25    1.00    0.00    0.00    0.00    0.00    0.00    0.00    0.00    0.00   99.00
03:29:19 AM   26    1.00    0.00    0.00    0.00    0.00    0.00    0.00    0.00    0.00   99.00
03:29:19 AM   27    0.00    0.00    0.00    0.00    0.00    0.00    0.00    0.00    0.00  100.00
03:29:19 AM   28    1.00    0.00    0.00    0.00    0.00    0.00    0.00    0.00    0.00   99.00
03:29:19 AM   29    0.00    0.00    0.99    0.00    0.00    0.00    0.00    0.00    0.00   99.01
03:29:19 AM   30    0.00    0.00    0.00    0.00    0.00    0.00    0.00    0.00    0.00  100.00
03:29:19 AM   31    0.00    0.00    0.00    0.00    0.00    0.00    0.00    0.00    0.00  100.00
03:29:19 AM   32    0.00    0.00    0.00    0.00    0.00    0.00    0.00    0.00    0.00  100.00
03:29:19 AM   33    1.00    0.00    0.00    0.00    0.00    0.00    0.00    0.00    0.00   99.00
03:29:19 AM   34    0.00    0.00    0.00    0.00    0.00    0.00    0.00    0.00    0.00  100.00
03:29:19 AM   35    0.00    0.00    0.00    0.00    0.00    0.00    0.00    0.00    0.00  100.00

03:29:19 AM  CPU    %usr   %nice    %sys %iowait    %irq   %soft  %steal  %guest  %gnice   %idle
03:29:20 AM  all    0.95    0.00    2.80    0.08    0.00    2.91    0.00    0.00    0.00   93.26
03:29:20 AM    0    0.96    0.00    0.00    0.00    0.00    6.73    0.00    0.00    0.00   92.31
03:29:20 AM    1    0.00    0.00    1.00    0.00    0.00    0.00    0.00    0.00    0.00   99.00
03:29:20 AM    2    0.00    0.00    1.01    0.00    0.00    1.01    0.00    0.00    0.00   97.98
03:29:20 AM    3    3.00    0.00    0.00    0.00    0.00    0.00    0.00    0.00    0.00   97.00
03:29:20 AM    4    1.01    0.00    1.01    0.00    0.00    0.00    0.00    0.00    0.00   97.98
03:29:20 AM    5    1.01    0.00    0.00    0.00    0.00    0.00    0.00    0.00    0.00   98.99
03:29:20 AM    6    1.00    0.00    0.00    1.00    0.00    0.00    0.00    0.00    0.00   98.00
03:29:20 AM    7    1.00    0.00    1.00    0.00    0.00    0.00    0.00    0.00    0.00   98.00
03:29:20 AM    8    1.01    0.00    0.00    1.01    0.00    0.00    0.00    0.00    0.00   97.98
03:29:20 AM    9    0.00    0.00    0.00    0.00    0.00    0.00    0.00    0.00    0.00  100.00
03:29:20 AM   10    0.00    0.00    0.00    0.00    0.00    0.00    0.00    0.00    0.00  100.00
03:29:20 AM   11    1.01    0.00    0.00    0.00    0.00    0.00    0.00    0.00    0.00   98.99
03:29:20 AM   12    1.01    0.00    0.00    0.00    0.00    0.00    0.00    0.00    0.00   98.99
03:29:20 AM   13    0.99    0.00    0.99    0.00    0.00    0.00    0.00    0.00    0.00   98.02
03:29:20 AM   14    1.01    0.00    1.01    0.00    0.00    0.00    0.00    0.00    0.00   97.98
03:29:20 AM   15    0.00    0.00    0.00    0.00    0.00    0.00    0.00    0.00    0.00  100.00
03:29:20 AM   16    1.01    0.00    0.00    0.00    0.00    0.00    0.00    0.00    0.00   98.99
03:29:20 AM   17    1.01    0.00    0.00    0.00    0.00    0.00    0.00    0.00    0.00   98.99
03:29:20 AM   18    1.00    0.00    0.00    0.00    0.00    0.00    0.00    0.00    0.00   99.00
03:29:20 AM   19    1.98    0.00    0.00    0.00    0.00    0.00    0.00    0.00    0.00   98.02
03:29:20 AM   20   11.00    0.00   50.00    0.00    0.00   39.00    0.00    0.00    0.00    0.00
03:29:20 AM   21    2.00    0.00   41.00    0.00    0.00   57.00    0.00    0.00    0.00    0.00
03:29:20 AM   22    0.00    0.00    0.00    0.00    0.00    0.00    0.00    0.00    0.00  100.00
03:29:20 AM   23    0.00    0.00    0.00    0.00    0.00    0.00    0.00    0.00    0.00  100.00
03:29:20 AM   24    1.00    0.00    1.00    0.00    0.00    0.00    0.00    0.00    0.00   98.00
03:29:20 AM   25    0.00    0.00    0.00    0.00    0.00    0.00    0.00    0.00    0.00  100.00
03:29:20 AM   26    1.00    0.00    1.00    0.00    0.00    0.00    0.00    0.00    0.00   98.00
03:29:20 AM   27    0.00    0.00    0.00    0.00    0.00    0.00    0.00    0.00    0.00  100.00
03:29:20 AM   28    0.00    0.00    0.00    0.00    0.00    0.00    0.00    0.00    0.00  100.00
03:29:20 AM   29    0.00    0.00    0.00    0.00    0.00    0.00    0.00    0.00    0.00  100.00
03:29:20 AM   30    0.00    0.00    0.00    0.00    0.00    0.00    0.00    0.00    0.00  100.00
03:29:20 AM   31    0.99    0.00    0.99    0.00    0.00    0.00    0.00    0.00    0.00   98.02
03:29:20 AM   32    0.00    0.00    0.00    0.00    0.00    0.00    0.00    0.00    0.00  100.00
03:29:20 AM   33    0.00    0.00    0.00    0.00    0.00    0.00    0.00    0.00    0.00  100.00
03:29:20 AM   34    0.00    0.00    0.00    0.00    0.00    0.00    0.00    0.00    0.00  100.00
03:29:20 AM   35    0.00    0.00    0.00    1.01    0.00    0.00    0.00    0.00    0.00   98.99

03:29:20 AM  CPU    %usr   %nice    %sys %iowait    %irq   %soft  %steal  %guest  %gnice   %idle
03:29:21 AM  all    0.67    0.00    3.08    0.00    0.00    2.80    0.00    0.00    0.00   93.46
03:29:21 AM    0    0.00    0.00    0.00    0.00    0.00    4.00    0.00    0.00    0.00   96.00
03:29:21 AM    1    0.00    0.00    0.00    0.00    0.00    0.00    0.00    0.00    0.00  100.00
03:29:21 AM    2    1.00    0.00    0.00    0.00    0.00    0.00    0.00    0.00    0.00   99.00
03:29:21 AM    3    1.01    0.00    0.00    0.00    0.00    0.00    0.00    0.00    0.00   98.99
03:29:21 AM    4    0.00    0.00    0.00    0.00    0.00    0.00    0.00    0.00    0.00  100.00
03:29:21 AM    5    0.00    0.00    0.00    0.00    0.00    0.00    0.00    0.00    0.00  100.00
03:29:21 AM    6    0.00    0.00    0.00    0.00    0.00    0.00    0.00    0.00    0.00  100.00
03:29:21 AM    7    0.00    0.00    0.00    0.00    0.00    0.00    0.00    0.00    0.00  100.00
03:29:21 AM    8    0.00    0.00    0.00    0.00    0.00    0.00    0.00    0.00    0.00  100.00
03:29:21 AM    9    0.00    0.00    0.00    0.00    0.00    1.00    0.00    0.00    0.00   99.00
03:29:21 AM   10    0.00    0.00    0.00    0.00    0.00    0.00    0.00    0.00    0.00  100.00
03:29:21 AM   11    0.00    0.00    8.08    0.00    0.00    0.00    0.00    0.00    0.00   91.92
03:29:21 AM   12    1.00    0.00    1.00    0.00    0.00    0.00    0.00    0.00    0.00   98.00
03:29:21 AM   13    1.01    0.00    0.00    0.00    0.00    0.00    0.00    0.00    0.00   98.99
03:29:21 AM   14    0.00    0.00    1.01    0.00    0.00    0.00    0.00    0.00    0.00   98.99
03:29:21 AM   15    1.00    0.00    0.00    0.00    0.00    0.00    0.00    0.00    0.00   99.00
03:29:21 AM   16    0.00    0.00    0.00    0.00    0.00    0.00    0.00    0.00    0.00  100.00
03:29:21 AM   17    2.00    0.00    0.00    0.00    0.00    0.00    0.00    0.00    0.00   98.00
03:29:21 AM   18    0.99    0.00    0.00    0.00    0.00    0.00    0.00    0.00    0.00   99.01
03:29:21 AM   19    1.00    0.00    0.00    0.00    0.00    0.00    0.00    0.00    0.00   99.00
03:29:21 AM   20    7.00    0.00   50.00    0.00    0.00   43.00    0.00    0.00    0.00    0.00
03:29:21 AM   21    3.03    0.00   43.43    0.00    0.00   52.53    0.00    0.00    0.00    1.01
03:29:21 AM   22    0.99    0.00    0.99    0.00    0.00    0.00    0.00    0.00    0.00   98.02
03:29:21 AM   23    1.00    0.00    1.00    0.00    0.00    0.00    0.00    0.00    0.00   98.00
03:29:21 AM   24    1.01    0.00    0.00    0.00    0.00    0.00    0.00    0.00    0.00   98.99
03:29:21 AM   25    0.00    0.00    1.00    0.00    0.00    0.00    0.00    0.00    0.00   99.00
03:29:21 AM   26    0.00    0.00    0.00    0.00    0.00    0.00    0.00    0.00    0.00  100.00
03:29:21 AM   27    0.00    0.00    1.01    0.00    0.00    0.00    0.00    0.00    0.00   98.99
03:29:21 AM   28    1.01    0.00    0.00    0.00    0.00    0.00    0.00    0.00    0.00   98.99
03:29:21 AM   29    0.00    0.00    0.00    0.00    0.00    0.00    0.00    0.00    0.00  100.00
03:29:21 AM   30    0.00    0.00    1.01    0.00    0.00    0.00    0.00    0.00    0.00   98.99
03:29:21 AM   31    1.01    0.00    0.00    0.00    0.00    0.00    0.00    0.00    0.00   98.99
03:29:21 AM   32    0.00    0.00    0.00    0.00    0.00    0.00    0.00    0.00    0.00  100.00
03:29:21 AM   33    0.00    0.00    1.01    0.00    0.00    0.00    0.00    0.00    0.00   98.99
03:29:21 AM   34    0.00    0.00    1.00    0.00    0.00    0.00    0.00    0.00    0.00   99.00
03:29:21 AM   35    0.00    0.00    0.00    0.00    0.00    0.00    0.00    0.00    0.00  100.00

03:29:21 AM  CPU    %usr   %nice    %sys %iowait    %irq   %soft  %steal  %guest  %gnice   %idle
03:29:22 AM  all    0.78    0.03    3.15    0.03    0.00    2.76    0.00    0.00    0.00   93.25
03:29:22 AM    0    0.95    0.00    0.95    0.00    0.00    6.67    0.00    0.00    0.00   91.43
03:29:22 AM    1    1.00    0.00    0.00    0.00    0.00    0.00    0.00    0.00    0.00   99.00
03:29:22 AM    2    1.00    0.00    0.00    0.00    0.00    0.00    0.00    0.00    0.00   99.00
03:29:22 AM    3    0.00    0.00    0.00    0.00    0.00    0.00    0.00    0.00    0.00  100.00
03:29:22 AM    4    0.00    0.00    0.00    0.00    0.00    0.00    0.00    0.00    0.00  100.00
03:29:22 AM    5    0.00    0.00    0.00    0.00    0.00    0.00    0.00    0.00    0.00  100.00
03:29:22 AM    6    0.00    0.00    0.00    0.00    0.00    0.00    0.00    0.00    0.00  100.00
03:29:22 AM    7    0.00    0.00    0.00    0.00    0.00    0.00    0.00    0.00    0.00  100.00
03:29:22 AM    8    0.00    0.00    1.00    0.00    0.00    0.00    0.00    0.00    0.00   99.00
03:29:22 AM    9    0.00    0.00    0.00    0.00    0.00    0.00    0.00    0.00    0.00  100.00
03:29:22 AM   10    1.01    0.00    0.00    0.00    0.00    0.00    0.00    0.00    0.00   98.99
03:29:22 AM   11    0.99    0.00    0.99    0.00    0.00    0.99    0.00    0.00    0.00   97.03
03:29:22 AM   12    0.00    0.00    0.00    0.00    0.00    0.00    0.00    0.00    0.00  100.00
03:29:22 AM   13    0.00    0.00    1.00    0.00    0.00    0.00    0.00    0.00    0.00   99.00
03:29:22 AM   14    1.00    0.00    0.00    0.00    0.00    0.00    0.00    0.00    0.00   99.00
03:29:22 AM   15    1.00    1.00    0.00    0.00    0.00    0.00    0.00    0.00    0.00   98.00
03:29:22 AM   16    0.00    0.00    1.01    0.00    0.00    0.00    0.00    0.00    0.00   98.99
03:29:22 AM   17    2.00    0.00    0.00    0.00    0.00    0.00    0.00    0.00    0.00   98.00
03:29:22 AM   18    0.00    0.00    2.00    0.00    0.00    0.00    0.00    0.00    0.00   98.00
03:29:22 AM   19    0.00    0.00    1.01    0.00    0.00    0.00    0.00    0.00    0.00   98.99
03:29:22 AM   20    8.00    0.00   50.00    0.00    0.00   42.00    0.00    0.00    0.00    0.00
03:29:22 AM   21    2.00    0.00   49.00    0.00    0.00   49.00    0.00    0.00    0.00    0.00
03:29:22 AM   22    0.00    0.00    2.02    0.00    0.00    0.00    0.00    0.00    0.00   97.98
03:29:22 AM   23    0.00    0.00    0.00    0.00    0.00    0.00    0.00    0.00    0.00  100.00
03:29:22 AM   24    0.00    0.00    0.00    0.00    0.00    0.00    0.00    0.00    0.00  100.00
03:29:22 AM   25    1.01    0.00    0.00    0.00    0.00    0.00    0.00    0.00    0.00   98.99
03:29:22 AM   26    1.01    0.00    0.00    0.00    0.00    0.00    0.00    0.00    0.00   98.99
03:29:22 AM   27    0.00    0.00    0.00    0.00    0.00    0.00    0.00    0.00    0.00  100.00
03:29:22 AM   28    0.00    0.00    1.98    0.00    0.00    0.00    0.00    0.00    0.00   98.02
03:29:22 AM   29    1.01    0.00    0.00    0.00    0.00    0.00    0.00    0.00    0.00   98.99
03:29:22 AM   30    1.01    0.00    0.00    0.00    0.00    0.00    0.00    0.00    0.00   98.99
03:29:22 AM   31    0.00    0.00    0.00    0.00    0.00    0.00    0.00    0.00    0.00  100.00
03:29:22 AM   32    1.98    0.00    0.00    0.00    0.00    0.00    0.00    0.00    0.00   98.02
03:29:22 AM   33    0.99    0.00    0.99    0.00    0.00    0.00    0.00    0.00    0.00   98.02
03:29:22 AM   34    1.00    0.00    1.00    1.00    0.00    0.00    0.00    0.00    0.00   97.00
03:29:22 AM   35    1.01    0.00    0.00    0.00    0.00    0.00    0.00    0.00    0.00   98.99

Average:     CPU    %usr   %nice    %sys %iowait    %irq   %soft  %steal  %guest  %gnice   %idle
Average:     all    0.91    0.01    3.11    0.05    0.00    2.80    0.00    0.00    0.00   93.13
Average:       0    1.16    0.00    0.77    0.00    0.00    5.60    0.00    0.00    0.00   92.46
Average:       1    0.50    0.00    0.20    0.20    0.00    1.60    0.00    0.00    0.00   97.50
Average:       2    0.71    0.00    0.60    0.00    0.00    0.20    0.00    0.00    0.00   98.49
Average:       3    0.80    0.00    0.20    0.10    0.00    0.00    0.00    0.00    0.00   98.89
Average:       4    0.60    0.00    0.30    0.00    0.00    0.00    0.00    0.00    0.00   99.09
Average:       5    0.51    0.00    0.10    0.00    0.00    0.00    0.00    0.00    0.00   99.39
Average:       6    0.60    0.00    0.20    0.10    0.00    0.00    0.00    0.00    0.00   99.09
Average:       7    0.40    0.00    0.20    0.00    0.00    0.00    0.00    0.00    0.00   99.39
Average:       8    0.30    0.00    0.30    0.20    0.00    0.00    0.00    0.00    0.00   99.19
Average:       9    0.50    0.00    0.20    0.00    0.00    0.10    0.00    0.00    0.00   99.19
Average:      10    0.40    0.00    0.20    0.10    0.00    0.10    0.00    0.00    0.00   99.19
Average:      11    1.21    0.00    4.32    0.20    0.00    0.20    0.00    0.00    0.00   94.07
Average:      12    0.80    0.00    0.40    0.20    0.00    0.00    0.00    0.00    0.00   98.59
Average:      13    0.70    0.00    0.70    0.00    0.00    0.00    0.00    0.00    0.00   98.59
Average:      14    0.70    0.20    0.60    0.10    0.00    0.00    0.00    0.00    0.00   98.40
Average:      15    0.40    0.20    0.20    0.00    0.00    0.00    0.00    0.00    0.00   99.19
Average:      16    0.70    0.00    0.50    0.00    0.00    0.00    0.00    0.00    0.00   98.79
Average:      17    0.91    0.00    0.30    0.00    0.00    0.10    0.00    0.00    0.00   98.69
Average:      18    0.50    0.00    0.50    0.00    0.00    0.00    0.00    0.00    0.00   98.99
Average:      19    0.90    0.00    0.40    0.00    0.00    0.00    0.00    0.00    0.00   98.69
Average:      20    7.72    0.00   50.00    0.00    0.00   40.88    0.00    0.00    0.00    1.40
Average:      21    2.21    0.00   44.58    0.00    0.00   51.41    0.00    0.00    0.00    1.81
Average:      22    0.60    0.00    0.81    0.00    0.00    0.00    0.00    0.00    0.00   98.59
Average:      23    1.01    0.00    0.71    0.00    0.00    0.00    0.00    0.00    0.00   98.29
Average:      24    0.91    0.00    0.50    0.20    0.00    0.00    0.00    0.00    0.00   98.39
Average:      25    0.91    0.00    0.60    0.00    0.00    0.00    0.00    0.00    0.00   98.49
Average:      26    0.70    0.00    0.20    0.00    0.00    0.00    0.00    0.00    0.00   99.09
Average:      27    0.50    0.00    0.10    0.00    0.00    0.00    0.00    0.00    0.00   99.39
Average:      28    0.60    0.00    0.40    0.00    0.00    0.00    0.00    0.00    0.00   98.99
Average:      29    0.60    0.00    0.40    0.10    0.00    0.00    0.00    0.00    0.00   98.89
Average:      30    0.60    0.00    0.30    0.10    0.00    0.00    0.00    0.00    0.00   98.99
Average:      31    0.60    0.00    0.30    0.10    0.00    0.00    0.00    0.00    0.00   98.99
Average:      32    0.80    0.00    0.30    0.00    0.00    0.00    0.00    0.00    0.00   98.90
Average:      33    0.50    0.00    0.30    0.00    0.00    0.00    0.00    0.00    0.00   99.20
Average:      34    0.70    0.00    0.50    0.10    0.00    0.00    0.00    0.00    0.00   98.69
Average:      35    0.30    0.00    0.30    0.10    0.00    0.00    0.00    0.00    0.00   99.30
