Linux 5.15.0-186-generic (rapids4) 	07/28/2026 	_x86_64_	(36 CPU)

03:04:54 AM  CPU    %usr   %nice    %sys %iowait    %irq   %soft  %steal  %guest  %gnice   %idle
03:04:55 AM  all    1.60    0.00    1.37    0.00    0.00    0.50    0.00    0.00    0.00   96.53
03:04:55 AM    0    1.02    0.00    0.00    0.00    0.00    0.00    0.00    0.00    0.00   98.98
03:04:55 AM    1    0.00    0.00    0.00    0.00    0.00    0.00    0.00    0.00    0.00  100.00
03:04:55 AM    2    3.00    0.00    2.00    0.00    0.00    0.00    0.00    0.00    0.00   95.00
03:04:55 AM    3    1.02    0.00    0.00    0.00    0.00    0.00    0.00    0.00    0.00   98.98
03:04:55 AM    4    1.02    0.00    0.00    0.00    0.00    0.00    0.00    0.00    0.00   98.98
03:04:55 AM    5    1.00    0.00    1.00    0.00    0.00    0.00    0.00    0.00    0.00   98.00
03:04:55 AM    6    1.02    0.00    0.00    0.00    0.00    0.00    0.00    0.00    0.00   98.98
03:04:55 AM    7    1.01    0.00    0.00    0.00    0.00    0.00    0.00    0.00    0.00   98.99
03:04:55 AM    8    1.01    0.00    1.01    0.00    0.00    0.00    0.00    0.00    0.00   97.98
03:04:55 AM    9    0.00    0.00    0.00    0.00    0.00    0.00    0.00    0.00    0.00  100.00
03:04:55 AM   10    1.00    0.00    1.00    0.00    0.00    0.00    0.00    0.00    0.00   98.00
03:04:55 AM   11    1.01    0.00    0.00    0.00    0.00    0.00    0.00    0.00    0.00   98.99
03:04:55 AM   12    0.00    0.00    1.02    0.00    0.00    0.00    0.00    0.00    0.00   98.98
03:04:55 AM   13    4.00    0.00    7.00    0.00    0.00    0.00    0.00    0.00    0.00   89.00
03:04:55 AM   14    2.02    0.00    0.00    0.00    0.00    0.00    0.00    0.00    0.00   97.98
03:04:55 AM   15    1.01    0.00    0.00    0.00    0.00    0.00    0.00    0.00    0.00   98.99
03:04:55 AM   16    1.01    0.00    0.00    0.00    0.00    0.00    0.00    0.00    0.00   98.99
03:04:55 AM   17    1.02    0.00    0.00    0.00    0.00    0.00    0.00    0.00    0.00   98.98
03:04:55 AM   18    0.00    0.00    0.00    0.00    0.00    0.00    0.00    0.00    0.00  100.00
03:04:55 AM   19    1.98    0.00    0.99    0.00    0.00    0.00    0.00    0.00    0.00   97.03
03:04:55 AM   20    1.98    0.00    0.99    0.00    0.00    0.00    0.00    0.00    0.00   97.03
03:04:55 AM   21    0.00    0.00    1.00    0.00    0.00    0.00    0.00    0.00    0.00   99.00
03:04:55 AM   22    1.00    0.00    2.00    0.00    0.00    0.00    0.00    0.00    0.00   97.00
03:04:55 AM   23    2.02    0.00    0.00    0.00    0.00    0.00    0.00    0.00    0.00   97.98
03:04:55 AM   24   11.88    0.00   14.85    0.00    0.00    7.92    0.00    0.00    0.00   65.35
03:04:55 AM   25    8.42    0.00   11.58    0.00    0.00   10.53    0.00    0.00    0.00   69.47
03:04:55 AM   26    1.00    0.00    1.00    0.00    0.00    0.00    0.00    0.00    0.00   98.00
03:04:55 AM   27    1.00    0.00    1.00    0.00    0.00    0.00    0.00    0.00    0.00   98.00
03:04:55 AM   28    0.00    0.00    0.00    0.00    0.00    0.00    0.00    0.00    0.00  100.00
03:04:55 AM   29    0.99    0.00    0.99    0.00    0.00    0.00    0.00    0.00    0.00   98.02
03:04:55 AM   30    0.99    0.00    0.99    0.00    0.00    0.00    0.00    0.00    0.00   98.02
03:04:55 AM   31    0.00    0.00    0.00    0.00    0.00    0.00    0.00    0.00    0.00  100.00
03:04:55 AM   32    2.97    0.00    0.99    0.00    0.00    0.00    0.00    0.00    0.00   96.04
03:04:55 AM   33    1.00    0.00    0.00    0.00    0.00    0.00    0.00    0.00    0.00   99.00
03:04:55 AM   34    1.00    0.00    0.00    0.00    0.00    0.00    0.00    0.00    0.00   99.00
03:04:55 AM   35    0.00    0.00    0.00    0.00    0.00    0.00    0.00    0.00    0.00  100.00

03:04:55 AM  CPU    %usr   %nice    %sys %iowait    %irq   %soft  %steal  %guest  %gnice   %idle
03:04:56 AM  all    1.65    0.06    1.32    0.08    0.00    0.62    0.00    0.00    0.00   96.28
03:04:56 AM    0    1.01    0.00    1.01    0.00    0.00    1.01    0.00    0.00    0.00   96.97
03:04:56 AM    1    2.97    0.99    0.00    0.00    0.00    0.00    0.00    0.00    0.00   96.04
03:04:56 AM    2    1.01    0.00    0.00    0.00    0.00    0.00    0.00    0.00    0.00   98.99
03:04:56 AM    3    1.01    0.00    0.00    0.00    0.00    0.00    0.00    0.00    0.00   98.99
03:04:56 AM    4    2.00    0.00    0.00    0.00    0.00    0.00    0.00    0.00    0.00   98.00
03:04:56 AM    5    1.02    0.00    0.00    0.00    0.00    0.00    0.00    0.00    0.00   98.98
03:04:56 AM    6    1.98    0.00    0.99    0.00    0.00    0.00    0.00    0.00    0.00   97.03
03:04:56 AM    7    1.98    0.00    0.00    0.00    0.00    0.00    0.00    0.00    0.00   98.02
03:04:56 AM    8    1.02    0.00    0.00    0.00    0.00    0.00    0.00    0.00    0.00   98.98
03:04:56 AM    9    2.00    0.00    2.00    0.00    0.00    0.00    0.00    0.00    0.00   96.00
03:04:56 AM   10    2.00    0.00    0.00    1.00    0.00    1.00    0.00    0.00    0.00   96.00
03:04:56 AM   11    2.00    0.00    0.00    0.00    0.00    0.00    0.00    0.00    0.00   98.00
03:04:56 AM   12    2.00    0.00    0.00    1.00    0.00    0.00    0.00    0.00    0.00   97.00
03:04:56 AM   13    3.00    0.00    5.00    0.00    0.00    0.00    0.00    0.00    0.00   92.00
03:04:56 AM   14    2.02    0.00    0.00    0.00    0.00    0.00    0.00    0.00    0.00   97.98
03:04:56 AM   15    2.02    0.00    0.00    0.00    0.00    0.00    0.00    0.00    0.00   97.98
03:04:56 AM   16    1.00    0.00    1.00    0.00    0.00    0.00    0.00    0.00    0.00   98.00
03:04:56 AM   17    0.00    1.00    1.00    0.00    0.00    0.00    0.00    0.00    0.00   98.00
03:04:56 AM   18    1.00    0.00    1.00    0.00    0.00    0.00    0.00    0.00    0.00   98.00
03:04:56 AM   19    0.00    0.00    0.00    0.00    0.00    0.00    0.00    0.00    0.00  100.00
03:04:56 AM   20    2.02    0.00    1.01    0.00    0.00    0.00    0.00    0.00    0.00   96.97
03:04:56 AM   21    1.98    0.00    0.00    0.99    0.00    0.00    0.00    0.00    0.00   97.03
03:04:56 AM   22    0.00    0.00    0.00    0.00    0.00    0.00    0.00    0.00    0.00  100.00
03:04:56 AM   23    0.00    0.00    0.00    0.00    0.00    0.00    0.00    0.00    0.00  100.00
03:04:56 AM   24    6.12    0.00   19.39    0.00    0.00   11.22    0.00    0.00    0.00   63.27
03:04:56 AM   25    9.09    0.00   15.91    0.00    0.00   10.23    0.00    0.00    0.00   64.77
03:04:56 AM   26    2.00    0.00    0.00    0.00    0.00    0.00    0.00    0.00    0.00   98.00
03:04:56 AM   27    1.01    0.00    0.00    0.00    0.00    0.00    0.00    0.00    0.00   98.99
03:04:56 AM   28    1.01    0.00    0.00    0.00    0.00    0.00    0.00    0.00    0.00   98.99
03:04:56 AM   29    0.00    0.00    0.00    0.00    0.00    0.00    0.00    0.00    0.00  100.00
03:04:56 AM   30    1.00    0.00    0.00    0.00    0.00    0.00    0.00    0.00    0.00   99.00
03:04:56 AM   31    1.00    0.00    0.00    0.00    0.00    0.00    0.00    0.00    0.00   99.00
03:04:56 AM   32    2.00    0.00    0.00    0.00    0.00    0.00    0.00    0.00    0.00   98.00
03:04:56 AM   33    0.99    0.00    0.99    0.00    0.00    0.00    0.00    0.00    0.00   98.02
03:04:56 AM   34    0.00    0.00    0.00    0.00    0.00    0.00    0.00    0.00    0.00  100.00
03:04:56 AM   35    1.01    0.00    0.00    0.00    0.00    0.00    0.00    0.00    0.00   98.99

03:04:56 AM  CPU    %usr   %nice    %sys %iowait    %irq   %soft  %steal  %guest  %gnice   %idle
03:04:57 AM  all    1.51    0.00    1.46    0.00    0.00    0.62    0.00    0.00    0.00   96.42
03:04:57 AM    0    1.02    0.00    0.00    0.00    0.00    0.00    0.00    0.00    0.00   98.98
03:04:57 AM    1    1.00    0.00    2.00    0.00    0.00    0.00    0.00    0.00    0.00   97.00
03:04:57 AM    2    1.00    0.00    1.00    0.00    0.00    0.00    0.00    0.00    0.00   98.00
03:04:57 AM    3    2.00    0.00    0.00    0.00    0.00    0.00    0.00    0.00    0.00   98.00
03:04:57 AM    4    1.01    0.00    0.00    0.00    0.00    0.00    0.00    0.00    0.00   98.99
03:04:57 AM    5    0.00    0.00    0.00    0.00    0.00    0.00    0.00    0.00    0.00  100.00
03:04:57 AM    6    1.01    0.00    0.00    0.00    0.00    0.00    0.00    0.00    0.00   98.99
03:04:57 AM    7    0.00    0.00    0.00    0.00    0.00    0.00    0.00    0.00    0.00  100.00
03:04:57 AM    8    1.00    0.00    1.00    0.00    0.00    0.00    0.00    0.00    0.00   98.00
03:04:57 AM    9    2.02    0.00    0.00    0.00    0.00    0.00    0.00    0.00    0.00   97.98
03:04:57 AM   10    1.01    0.00    0.00    0.00    0.00    0.00    0.00    0.00    0.00   98.99
03:04:57 AM   11    1.01    0.00    1.01    0.00    0.00    0.00    0.00    0.00    0.00   97.98
03:04:57 AM   12    9.00    0.00    9.00    0.00    0.00    0.00    0.00    0.00    0.00   82.00
03:04:57 AM   13    1.00    0.00    0.00    0.00    0.00    0.00    0.00    0.00    0.00   99.00
03:04:57 AM   14    1.98    0.00    1.98    0.00    0.00    0.00    0.00    0.00    0.00   96.04
03:04:57 AM   15    3.00    0.00    1.00    0.00    0.00    0.00    0.00    0.00    0.00   96.00
03:04:57 AM   16    1.01    0.00    0.00    0.00    0.00    0.00    0.00    0.00    0.00   98.99
03:04:57 AM   17    1.00    0.00    1.00    0.00    0.00    0.00    0.00    0.00    0.00   98.00
03:04:57 AM   18    1.01    0.00    0.00    0.00    0.00    0.00    0.00    0.00    0.00   98.99
03:04:57 AM   19    1.01    0.00    0.00    0.00    0.00    0.00    0.00    0.00    0.00   98.99
03:04:57 AM   20    1.00    0.00    0.00    0.00    0.00    0.00    0.00    0.00    0.00   99.00
03:04:57 AM   21    0.00    0.00    0.00    0.00    0.00    0.00    0.00    0.00    0.00  100.00
03:04:57 AM   22    0.00    0.00    1.01    0.00    0.00    0.00    0.00    0.00    0.00   98.99
03:04:57 AM   23    1.00    0.00    1.00    0.00    0.00    0.00    0.00    0.00    0.00   98.00
03:04:57 AM   24    9.18    0.00   15.31    0.00    0.00   11.22    0.00    0.00    0.00   64.29
03:04:57 AM   25    7.61    0.00   16.30    0.00    0.00   11.96    0.00    0.00    0.00   64.13
03:04:57 AM   26    0.00    0.00    1.00    0.00    0.00    0.00    0.00    0.00    0.00   99.00
03:04:57 AM   27    0.00    0.00    0.00    0.00    0.00    0.00    0.00    0.00    0.00  100.00
03:04:57 AM   28    2.00    0.00    0.00    0.00    0.00    0.00    0.00    0.00    0.00   98.00
03:04:57 AM   29    1.01    0.00    0.00    0.00    0.00    0.00    0.00    0.00    0.00   98.99
03:04:57 AM   30    1.00    0.00    0.00    0.00    0.00    0.00    0.00    0.00    0.00   99.00
03:04:57 AM   31    0.00    0.00    0.00    0.00    0.00    0.00    0.00    0.00    0.00  100.00
03:04:57 AM   32    1.00    0.00    0.00    0.00    0.00    0.00    0.00    0.00    0.00   99.00
03:04:57 AM   33    0.00    0.00    0.00    0.00    0.00    0.00    0.00    0.00    0.00  100.00
03:04:57 AM   34    0.00    0.00    1.00    0.00    0.00    0.00    0.00    0.00    0.00   99.00
03:04:57 AM   35    0.00    0.00    0.00    0.00    0.00    0.00    0.00    0.00    0.00  100.00

03:04:57 AM  CPU    %usr   %nice    %sys %iowait    %irq   %soft  %steal  %guest  %gnice   %idle
03:04:58 AM  all    1.23    0.00    1.65    0.03    0.00    0.50    0.00    0.00    0.00   96.58
03:04:58 AM    0    0.00    0.00    1.02    0.00    0.00    0.00    0.00    0.00    0.00   98.98
03:04:58 AM    1    2.97    0.00    0.00    0.00    0.00    0.00    0.00    0.00    0.00   97.03
03:04:58 AM    2    1.02    0.00    1.02    0.00    0.00    0.00    0.00    0.00    0.00   97.96
03:04:58 AM    3    1.00    0.00    0.00    0.00    0.00    0.00    0.00    0.00    0.00   99.00
03:04:58 AM    4    0.99    0.00    1.98    0.00    0.00    0.00    0.00    0.00    0.00   97.03
03:04:58 AM    5    1.00    0.00    1.00    1.00    0.00    0.00    0.00    0.00    0.00   97.00
03:04:58 AM    6    0.00    0.00    1.01    0.00    0.00    0.00    0.00    0.00    0.00   98.99
03:04:58 AM    7    1.98    0.00    0.99    0.00    0.00    0.00    0.00    0.00    0.00   97.03
03:04:58 AM    8    1.00    0.00    1.00    0.00    0.00    0.00    0.00    0.00    0.00   98.00
03:04:58 AM    9    1.02    0.00    0.00    0.00    0.00    0.00    0.00    0.00    0.00   98.98
03:04:58 AM   10    2.00    0.00    1.00    0.00    0.00    0.00    0.00    0.00    0.00   97.00
03:04:58 AM   11    1.00    0.00    1.00    0.00    0.00    0.00    0.00    0.00    0.00   98.00
03:04:58 AM   12    2.02    0.00    6.06    0.00    0.00    0.00    0.00    0.00    0.00   91.92
03:04:58 AM   13    0.00    0.00    1.01    0.00    0.00    0.00    0.00    0.00    0.00   98.99
03:04:58 AM   14    1.01    0.00    1.01    0.00    0.00    0.00    0.00    0.00    0.00   97.98
03:04:58 AM   15    0.00    0.00    0.00    0.00    0.00    0.00    0.00    0.00    0.00  100.00
03:04:58 AM   16    0.00    0.00    1.01    0.00    0.00    0.00    0.00    0.00    0.00   98.99
03:04:58 AM   17    2.02    0.00    0.00    0.00    0.00    1.01    0.00    0.00    0.00   96.97
03:04:58 AM   18    0.00    0.00    0.00    0.00    0.00    0.00    0.00    0.00    0.00  100.00
03:04:58 AM   19    0.00    0.00    0.00    0.00    0.00    0.00    0.00    0.00    0.00  100.00
03:04:58 AM   20    1.00    0.00    0.00    0.00    0.00    0.00    0.00    0.00    0.00   99.00
03:04:58 AM   21    1.01    0.00    0.00    0.00    0.00    0.00    0.00    0.00    0.00   98.99
03:04:58 AM   22    1.00    0.00    1.00    0.00    0.00    0.00    0.00    0.00    0.00   98.00
03:04:58 AM   23    1.98    0.00    0.99    0.00    0.00    0.00    0.00    0.00    0.00   97.03
03:04:58 AM   24    9.00    0.00   21.00    0.00    0.00    8.00    0.00    0.00    0.00   62.00
03:04:58 AM   25    7.78    0.00   17.78    0.00    0.00   10.00    0.00    0.00    0.00   64.44
03:04:58 AM   26    1.98    0.00    0.00    0.00    0.00    0.00    0.00    0.00    0.00   98.02
03:04:58 AM   27    1.01    0.00    0.00    0.00    0.00    0.00    0.00    0.00    0.00   98.99
03:04:58 AM   28    0.00    0.00    1.01    0.00    0.00    0.00    0.00    0.00    0.00   98.99
03:04:58 AM   29    0.00    0.00    0.00    0.00    0.00    0.00    0.00    0.00    0.00  100.00
03:04:58 AM   30    0.00    0.00    0.00    0.00    0.00    0.00    0.00    0.00    0.00  100.00
03:04:58 AM   31    1.00    0.00    0.00    0.00    0.00    0.00    0.00    0.00    0.00   99.00
03:04:58 AM   32    0.00    0.00    0.00    0.00    0.00    0.00    0.00    0.00    0.00  100.00
03:04:58 AM   33    0.00    0.00    0.00    0.00    0.00    0.00    0.00    0.00    0.00  100.00
03:04:58 AM   34    0.00    0.00    0.00    0.00    0.00    0.00    0.00    0.00    0.00  100.00
03:04:58 AM   35    0.00    0.00    0.00    0.00    0.00    0.00    0.00    0.00    0.00  100.00

03:04:58 AM  CPU    %usr   %nice    %sys %iowait    %irq   %soft  %steal  %guest  %gnice   %idle
03:04:59 AM  all    0.84    0.00    1.04    0.03    0.00    0.56    0.00    0.00    0.00   97.53
03:04:59 AM    0    1.02    0.00    0.00    0.00    0.00    0.00    0.00    0.00    0.00   98.98
03:04:59 AM    1    0.00    0.00    0.00    0.00    0.00    1.02    0.00    0.00    0.00   98.98
03:04:59 AM    2    1.98    0.00    0.00    0.00    0.00    0.00    0.00    0.00    0.00   98.02
03:04:59 AM    3    1.01    0.00    0.00    0.00    0.00    0.00    0.00    0.00    0.00   98.99
03:04:59 AM    4    0.00    0.00    0.00    0.00    0.00    0.00    0.00    0.00    0.00  100.00
03:04:59 AM    5    0.00    0.00    0.00    0.00    0.00    0.00    0.00    0.00    0.00  100.00
03:04:59 AM    6    1.00    0.00    0.00    0.00    0.00    0.00    0.00    0.00    0.00   99.00
03:04:59 AM    7    0.00    0.00    0.00    1.02    0.00    0.00    0.00    0.00    0.00   98.98
03:04:59 AM    8    0.00    0.00    0.00    0.00    0.00    0.00    0.00    0.00    0.00  100.00
03:04:59 AM    9    0.00    0.00    0.00    0.00    0.00    0.00    0.00    0.00    0.00  100.00
03:04:59 AM   10    1.00    0.00    0.00    0.00    0.00    0.00    0.00    0.00    0.00   99.00
03:04:59 AM   11    1.98    0.00    0.99    0.00    0.00    0.00    0.00    0.00    0.00   97.03
03:04:59 AM   12    1.01    0.00    0.00    0.00    0.00    0.00    0.00    0.00    0.00   98.99
03:04:59 AM   13    1.00    0.00    0.00    0.00    0.00    0.00    0.00    0.00    0.00   99.00
03:04:59 AM   14    0.00    0.00    0.00    0.00    0.00    0.00    0.00    0.00    0.00  100.00
03:04:59 AM   15    0.00    0.00    2.00    0.00    0.00    0.00    0.00    0.00    0.00   98.00
03:04:59 AM   16    1.00    0.00    1.00    0.00    0.00    0.00    0.00    0.00    0.00   98.00
03:04:59 AM   17    0.00    0.00    0.00    0.00    0.00    0.00    0.00    0.00    0.00  100.00
03:04:59 AM   18    0.00    0.00    0.00    0.00    0.00    0.00    0.00    0.00    0.00  100.00
03:04:59 AM   19    0.00    0.00    0.00    0.00    0.00    0.00    0.00    0.00    0.00  100.00
03:04:59 AM   20    0.00    0.00    0.00    0.00    0.00    0.00    0.00    0.00    0.00  100.00
03:04:59 AM   21    0.00    0.00    0.00    0.00    0.00    0.00    0.00    0.00    0.00  100.00
03:04:59 AM   22    0.00    0.00    0.00    0.00    0.00    0.00    0.00    0.00    0.00  100.00
03:04:59 AM   23    0.00    0.00    1.00    0.00    0.00    0.00    0.00    0.00    0.00   99.00
03:04:59 AM   24    8.08    0.00   16.16    0.00    0.00   12.12    0.00    0.00    0.00   63.64
03:04:59 AM   25    8.89    0.00   17.78    0.00    0.00    7.78    0.00    0.00    0.00   65.56
03:04:59 AM   26    0.00    0.00    0.00    0.00    0.00    0.00    0.00    0.00    0.00  100.00
03:04:59 AM   27    0.00    0.00    0.00    0.00    0.00    0.00    0.00    0.00    0.00  100.00
03:04:59 AM   28    0.00    0.00    0.00    0.00    0.00    0.00    0.00    0.00    0.00  100.00
03:04:59 AM   29    0.00    0.00    0.00    0.00    0.00    0.00    0.00    0.00    0.00  100.00
03:04:59 AM   30    0.00    0.00    0.00    0.00    0.00    0.00    0.00    0.00    0.00  100.00
03:04:59 AM   31    0.00    0.00    0.00    0.00    0.00    0.00    0.00    0.00    0.00  100.00
03:04:59 AM   32    1.00    0.00    0.00    0.00    0.00    0.00    0.00    0.00    0.00   99.00
03:04:59 AM   33    1.00    0.00    0.00    0.00    0.00    0.00    0.00    0.00    0.00   99.00
03:04:59 AM   34    0.00    0.00    0.00    0.00    0.00    0.00    0.00    0.00    0.00  100.00
03:04:59 AM   35    1.00    0.00    0.00    0.00    0.00    0.00    0.00    0.00    0.00   99.00

03:04:59 AM  CPU    %usr   %nice    %sys %iowait    %irq   %soft  %steal  %guest  %gnice   %idle
03:05:00 AM  all    1.74    0.00    1.48    0.11    0.00    0.53    0.00    0.00    0.00   96.14
03:05:00 AM    0    2.06    0.00    0.00    0.00    0.00    0.00    0.00    0.00    0.00   97.94
03:05:00 AM    1    2.97    0.00    0.99    0.00    0.00    0.00    0.00    0.00    0.00   96.04
03:05:00 AM    2    0.00    0.00    0.00    0.00    0.00    0.00    0.00    0.00    0.00  100.00
03:05:00 AM    3    1.02    0.00    1.02    0.00    0.00    0.00    0.00    0.00    0.00   97.96
03:05:00 AM    4    0.00    0.00    1.02    0.00    0.00    0.00    0.00    0.00    0.00   98.98
03:05:00 AM    5    2.00    0.00    0.00    0.00    0.00    0.00    0.00    0.00    0.00   98.00
03:05:00 AM    6    0.00    0.00    1.02    0.00    0.00    0.00    0.00    0.00    0.00   98.98
03:05:00 AM    7    2.97    0.00    0.99    0.99    0.00    0.00    0.00    0.00    0.00   95.05
03:05:00 AM    8    3.03    0.00    1.01    0.00    0.00    0.00    0.00    0.00    0.00   95.96
03:05:00 AM    9    2.00    0.00    1.00    0.00    0.00    0.00    0.00    0.00    0.00   97.00
03:05:00 AM   10    1.00    0.00    1.00    0.00    0.00    0.00    0.00    0.00    0.00   98.00
03:05:00 AM   11    1.01    0.00    1.01    0.00    0.00    0.00    0.00    0.00    0.00   97.98
03:05:00 AM   12    1.00    0.00    7.00    2.00    0.00    0.00    0.00    0.00    0.00   90.00
03:05:00 AM   13    1.00    0.00    0.00    0.00    0.00    0.00    0.00    0.00    0.00   99.00
03:05:00 AM   14    2.00    0.00    0.00    1.00    0.00    0.00    0.00    0.00    0.00   97.00
03:05:00 AM   15    2.00    0.00    0.00    0.00    0.00    0.00    0.00    0.00    0.00   98.00
03:05:00 AM   16    1.01    0.00    0.00    0.00    0.00    0.00    0.00    0.00    0.00   98.99
03:05:00 AM   17    1.00    0.00    1.00    0.00    0.00    0.00    0.00    0.00    0.00   98.00
03:05:00 AM   18    2.00    0.00    0.00    0.00    0.00    0.00    0.00    0.00    0.00   98.00
03:05:00 AM   19    0.00    0.00    0.00    0.00    0.00    0.00    0.00    0.00    0.00  100.00
03:05:00 AM   20    0.00    0.00    0.00    0.00    0.00    0.00    0.00    0.00    0.00  100.00
03:05:00 AM   21    0.00    0.00    0.00    0.00    0.00    0.00    0.00    0.00    0.00  100.00
03:05:00 AM   22    1.00    0.00    1.00    0.00    0.00    0.00    0.00    0.00    0.00   98.00
03:05:00 AM   23    1.00    0.00    1.00    0.00    0.00    0.00    0.00    0.00    0.00   98.00
03:05:00 AM   24   10.20    0.00   18.37    0.00    0.00    8.16    0.00    0.00    0.00   63.27
03:05:00 AM   25    8.89    0.00   14.44    0.00    0.00   12.22    0.00    0.00    0.00   64.44
03:05:00 AM   26    1.02    0.00    0.00    0.00    0.00    0.00    0.00    0.00    0.00   98.98
03:05:00 AM   27    2.00    0.00    0.00    0.00    0.00    0.00    0.00    0.00    0.00   98.00
03:05:00 AM   28    2.00    0.00    0.00    0.00    0.00    0.00    0.00    0.00    0.00   98.00
03:05:00 AM   29    1.00    0.00    0.00    0.00    0.00    0.00    0.00    0.00    0.00   99.00
03:05:00 AM   30    1.00    0.00    0.00    0.00    0.00    0.00    0.00    0.00    0.00   99.00
03:05:00 AM   31    0.98    0.00    1.96    0.00    0.00    0.00    0.00    0.00    0.00   97.06
03:05:00 AM   32    1.00    0.00    0.00    0.00    0.00    0.00    0.00    0.00    0.00   99.00
03:05:00 AM   33    2.00    0.00    0.00    0.00    0.00    0.00    0.00    0.00    0.00   98.00
03:05:00 AM   34    3.00    0.00    0.00    0.00    0.00    0.00    0.00    0.00    0.00   97.00
03:05:00 AM   35    0.00    0.00    1.00    0.00    0.00    0.00    0.00    0.00    0.00   99.00

03:05:00 AM  CPU    %usr   %nice    %sys %iowait    %irq   %soft  %steal  %guest  %gnice   %idle
03:05:01 AM  all    1.04    0.00    1.32    0.00    0.00    0.64    0.00    0.00    0.00   97.00
03:05:01 AM    0    1.01    0.00    1.01    0.00    0.00    0.00    0.00    0.00    0.00   97.98
03:05:01 AM    1    0.00    0.00    0.00    0.00    0.00    0.00    0.00    0.00    0.00  100.00
03:05:01 AM    2    0.00    0.00    1.00    0.00    0.00    0.00    0.00    0.00    0.00   99.00
03:05:01 AM    3    0.00    0.00    1.01    0.00    0.00    0.00    0.00    0.00    0.00   98.99
03:05:01 AM    4    1.00    0.00    0.00    0.00    0.00    0.00    0.00    0.00    0.00   99.00
03:05:01 AM    5    0.00    0.00    1.00    0.00    0.00    1.00    0.00    0.00    0.00   98.00
03:05:01 AM    6    0.00    0.00    0.00    0.00    0.00    1.00    0.00    0.00    0.00   99.00
03:05:01 AM    7    1.00    0.00    0.00    0.00    0.00    0.00    0.00    0.00    0.00   99.00
03:05:01 AM    8    0.00    0.00    0.00    0.00    0.00    0.00    0.00    0.00    0.00  100.00
03:05:01 AM    9    1.00    0.00    0.00    0.00    0.00    0.00    0.00    0.00    0.00   99.00
03:05:01 AM   10    0.00    0.00    1.00    0.00    0.00    0.00    0.00    0.00    0.00   99.00
03:05:01 AM   11    1.01    0.00    0.00    0.00    0.00    0.00    0.00    0.00    0.00   98.99
03:05:01 AM   12    1.01    0.00    1.01    0.00    0.00    0.00    0.00    0.00    0.00   97.98
03:05:01 AM   13    1.00    0.00    0.00    0.00    0.00    0.00    0.00    0.00    0.00   99.00
03:05:01 AM   14    1.01    0.00    0.00    0.00    0.00    0.00    0.00    0.00    0.00   98.99
03:05:01 AM   15    0.00    0.00    0.00    0.00    0.00    0.00    0.00    0.00    0.00  100.00
03:05:01 AM   16    1.00    0.00    0.00    0.00    0.00    0.00    0.00    0.00    0.00   99.00
03:05:01 AM   17    3.03    0.00    6.06    0.00    0.00    0.00    0.00    0.00    0.00   90.91
03:05:01 AM   18    0.00    0.00    0.00    0.00    0.00    0.00    0.00    0.00    0.00  100.00
03:05:01 AM   19    1.00    0.00    0.00    0.00    0.00    0.00    0.00    0.00    0.00   99.00
03:05:01 AM   20    0.00    0.00    0.00    0.00    0.00    0.00    0.00    0.00    0.00  100.00
03:05:01 AM   21    0.00    0.00    0.00    0.00    0.00    0.00    0.00    0.00    0.00  100.00
03:05:01 AM   22    0.00    0.00    1.02    0.00    0.00    0.00    0.00    0.00    0.00   98.98
03:05:01 AM   23    1.01    0.00    0.00    0.00    0.00    0.00    0.00    0.00    0.00   98.99
03:05:01 AM   24   10.10    0.00   15.15    0.00    0.00   11.11    0.00    0.00    0.00   63.64
03:05:01 AM   25    7.78    0.00   17.78    0.00    0.00   11.11    0.00    0.00    0.00   63.33
03:05:01 AM   26    1.01    0.00    0.00    0.00    0.00    0.00    0.00    0.00    0.00   98.99
03:05:01 AM   27    1.00    0.00    1.00    0.00    0.00    0.00    0.00    0.00    0.00   98.00
03:05:01 AM   28    0.00    0.00    0.00    0.00    0.00    0.00    0.00    0.00    0.00  100.00
03:05:01 AM   29    0.00    0.00    0.00    0.00    0.00    0.00    0.00    0.00    0.00  100.00
03:05:01 AM   30    1.00    0.00    0.00    0.00    0.00    0.00    0.00    0.00    0.00   99.00
03:05:01 AM   31    1.00    0.00    0.00    0.00    0.00    0.00    0.00    0.00    0.00   99.00
03:05:01 AM   32    0.00    0.00    0.00    0.00    0.00    0.00    0.00    0.00    0.00  100.00
03:05:01 AM   33    0.00    0.00    0.00    0.00    0.00    0.00    0.00    0.00    0.00  100.00
03:05:01 AM   34    0.99    0.00    0.99    0.00    0.00    0.00    0.00    0.00    0.00   98.02
03:05:01 AM   35    0.99    0.00    0.99    0.00    0.00    0.00    0.00    0.00    0.00   98.02

03:05:01 AM  CPU    %usr   %nice    %sys %iowait    %irq   %soft  %steal  %guest  %gnice   %idle
03:05:02 AM  all    1.09    0.00    1.12    0.03    0.00    0.62    0.00    0.00    0.00   97.14
03:05:02 AM    0    1.02    0.00    0.00    0.00    0.00    0.00    0.00    0.00    0.00   98.98
03:05:02 AM    1    3.96    0.00    0.99    0.00    0.00    0.00    0.00    0.00    0.00   95.05
03:05:02 AM    2    1.00    0.00    0.00    1.00    0.00    0.00    0.00    0.00    0.00   98.00
03:05:02 AM    3    1.00    0.00    1.00    0.00    0.00    0.00    0.00    0.00    0.00   98.00
03:05:02 AM    4    2.00    0.00    0.00    0.00    0.00    0.00    0.00    0.00    0.00   98.00
03:05:02 AM    5    1.00    0.00    0.00    0.00    0.00    0.00    0.00    0.00    0.00   99.00
03:05:02 AM    6    1.00    0.00    1.00    0.00    0.00    0.00    0.00    0.00    0.00   98.00
03:05:02 AM    7    0.00    0.00    1.01    0.00    0.00    0.00    0.00    0.00    0.00   98.99
03:05:02 AM    8    1.02    0.00    0.00    0.00    0.00    0.00    0.00    0.00    0.00   98.98
03:05:02 AM    9    0.00    0.00    0.00    0.00    0.00    0.00    0.00    0.00    0.00  100.00
03:05:02 AM   10    1.02    0.00    0.00    0.00    0.00    0.00    0.00    0.00    0.00   98.98
03:05:02 AM   11    1.96    0.00    0.98    0.00    0.00    0.00    0.00    0.00    0.00   97.06
03:05:02 AM   12    0.00    0.00    1.01    0.00    0.00    0.00    0.00    0.00    0.00   98.99
03:05:02 AM   13    1.01    0.00    0.00    0.00    0.00    0.00    0.00    0.00    0.00   98.99
03:05:02 AM   14    0.00    0.00    1.00    0.00    0.00    0.00    0.00    0.00    0.00   99.00
03:05:02 AM   15    1.01    0.00    0.00    0.00    0.00    0.00    0.00    0.00    0.00   98.99
03:05:02 AM   16    0.00    0.00    1.02    0.00    0.00    0.00    0.00    0.00    0.00   98.98
03:05:02 AM   17    2.02    0.00    0.00    0.00    0.00    0.00    0.00    0.00    0.00   97.98
03:05:02 AM   18    0.00    0.00    0.00    0.00    0.00    0.00    0.00    0.00    0.00  100.00
03:05:02 AM   19    0.00    0.00    1.00    0.00    0.00    0.00    0.00    0.00    0.00   99.00
03:05:02 AM   20    0.00    0.00    1.00    0.00    0.00    0.00    0.00    0.00    0.00   99.00
03:05:02 AM   21    0.00    0.00    0.00    0.00    0.00    0.00    0.00    0.00    0.00  100.00
03:05:02 AM   22    1.00    0.00    0.00    0.00    0.00    0.00    0.00    0.00    0.00   99.00
03:05:02 AM   23    0.00    0.00    0.00    0.00    0.00    0.00    0.00    0.00    0.00  100.00
03:05:02 AM   24    9.80    0.00   17.65    0.00    0.00   10.78    0.00    0.00    0.00   61.76
03:05:02 AM   25    8.05    0.00   13.79    0.00    0.00   12.64    0.00    0.00    0.00   65.52
03:05:02 AM   26    0.00    0.00    0.00    0.00    0.00    0.00    0.00    0.00    0.00  100.00
03:05:02 AM   27    0.00    0.00    0.00    0.00    0.00    0.00    0.00    0.00    0.00  100.00
03:05:02 AM   28    1.00    0.00    0.00    0.00    0.00    0.00    0.00    0.00    0.00   99.00
03:05:02 AM   29    1.01    0.00    0.00    0.00    0.00    0.00    0.00    0.00    0.00   98.99
03:05:02 AM   30    0.00    0.00    0.00    0.00    0.00    0.00    0.00    0.00    0.00  100.00
03:05:02 AM   31    0.00    0.00    0.00    0.00    0.00    0.00    0.00    0.00    0.00  100.00
03:05:02 AM   32    0.00    0.00    0.00    0.00    0.00    0.00    0.00    0.00    0.00  100.00
03:05:02 AM   33    0.00    0.00    0.00    0.00    0.00    0.00    0.00    0.00    0.00  100.00
03:05:02 AM   34    0.00    0.00    0.00    0.00    0.00    0.00    0.00    0.00    0.00  100.00
03:05:02 AM   35    0.00    0.00    0.00    0.00    0.00    0.00    0.00    0.00    0.00  100.00

03:05:02 AM  CPU    %usr   %nice    %sys %iowait    %irq   %soft  %steal  %guest  %gnice   %idle
03:05:03 AM  all    1.54    0.03    1.34    0.06    0.00    0.67    0.00    0.00    0.00   96.36
03:05:03 AM    0    1.02    0.00    0.00    0.00    0.00    1.02    0.00    0.00    0.00   97.96
03:05:03 AM    1    2.02    0.00    0.00    0.00    0.00    0.00    0.00    0.00    0.00   97.98
03:05:03 AM    2    1.00    0.00    1.00    0.00    0.00    0.00    0.00    0.00    0.00   98.00
03:05:03 AM    3    2.02    0.00    1.01    0.00    0.00    0.00    0.00    0.00    0.00   96.97
03:05:03 AM    4    2.02    0.00    0.00    1.01    0.00    0.00    0.00    0.00    0.00   96.97
03:05:03 AM    5    1.02    0.00    0.00    0.00    0.00    0.00    0.00    0.00    0.00   98.98
03:05:03 AM    6    2.00    0.00    1.00    0.00    0.00    0.00    0.00    0.00    0.00   97.00
03:05:03 AM    7    1.02    0.00    0.00    0.00    0.00    0.00    0.00    0.00    0.00   98.98
03:05:03 AM    8    1.98    0.99    0.99    0.00    0.00    0.00    0.00    0.00    0.00   96.04
03:05:03 AM    9    2.02    0.00    1.01    0.00    0.00    0.00    0.00    0.00    0.00   96.97
03:05:03 AM   10    3.96    0.00    0.99    0.00    0.00    0.00    0.00    0.00    0.00   95.05
03:05:03 AM   11    2.00    0.00    1.00    1.00    0.00    0.00    0.00    0.00    0.00   96.00
03:05:03 AM   12    2.02    0.00    1.01    0.00    0.00    0.00    0.00    0.00    0.00   96.97
03:05:03 AM   13    0.00    0.00    1.01    0.00    0.00    0.00    0.00    0.00    0.00   98.99
03:05:03 AM   14    3.00    0.00    0.00    0.00    0.00    0.00    0.00    0.00    0.00   97.00
03:05:03 AM   15    1.01    0.00    0.00    0.00    0.00    0.00    0.00    0.00    0.00   98.99
03:05:03 AM   16    2.00    0.00    0.00    0.00    0.00    0.00    0.00    0.00    0.00   98.00
03:05:03 AM   17    4.04    0.00    7.07    0.00    0.00    0.00    0.00    0.00    0.00   88.89
03:05:03 AM   18    0.00    0.00    0.00    0.00    0.00    0.00    0.00    0.00    0.00  100.00
03:05:03 AM   19    0.99    0.00    0.99    0.00    0.00    0.00    0.00    0.00    0.00   98.02
03:05:03 AM   20    1.00    0.00    0.00    0.00    0.00    0.00    0.00    0.00    0.00   99.00
03:05:03 AM   21    0.00    0.00    1.00    0.00    0.00    0.00    0.00    0.00    0.00   99.00
03:05:03 AM   22    0.00    0.00    2.00    0.00    0.00    0.00    0.00    0.00    0.00   98.00
03:05:03 AM   23    0.00    0.00    1.00    0.00    0.00    0.00    0.00    0.00    0.00   99.00
03:05:03 AM   24    9.18    0.00   15.31    0.00    0.00   12.24    0.00    0.00    0.00   63.27
03:05:03 AM   25    9.89    0.00   13.19    0.00    0.00   12.09    0.00    0.00    0.00   64.84
03:05:03 AM   26    0.00    0.00    0.00    0.00    0.00    0.00    0.00    0.00    0.00  100.00
03:05:03 AM   27    0.00    0.00    0.00    0.00    0.00    0.00    0.00    0.00    0.00  100.00
03:05:03 AM   28    1.00    0.00    0.00    0.00    0.00    0.00    0.00    0.00    0.00   99.00
03:05:03 AM   29    0.00    0.00    0.00    0.00    0.00    0.00    0.00    0.00    0.00  100.00
03:05:03 AM   30    0.00    0.00    0.00    0.00    0.00    0.00    0.00    0.00    0.00  100.00
03:05:03 AM   31    0.00    0.00    0.00    0.00    0.00    0.00    0.00    0.00    0.00  100.00
03:05:03 AM   32    0.00    0.00    0.00    0.00    0.00    0.00    0.00    0.00    0.00  100.00
03:05:03 AM   33    0.00    0.00    0.00    0.00    0.00    0.00    0.00    0.00    0.00  100.00
03:05:03 AM   34    0.00    0.00    0.00    0.00    0.00    0.00    0.00    0.00    0.00  100.00
03:05:03 AM   35    0.00    0.00    0.00    0.00    0.00    0.00    0.00    0.00    0.00  100.00

03:05:03 AM  CPU    %usr   %nice    %sys %iowait    %irq   %soft  %steal  %guest  %gnice   %idle
03:05:04 AM  all    0.87    0.06    1.10    0.03    0.00    0.56    0.00    0.00    0.00   97.38
03:05:04 AM    0    1.03    0.00    0.00    0.00    0.00    0.00    0.00    0.00    0.00   98.97
03:05:04 AM    1    1.00    2.00    1.00    0.00    0.00    0.00    0.00    0.00    0.00   96.00
03:05:04 AM    2    2.02    0.00    0.00    0.00    0.00    0.00    0.00    0.00    0.00   97.98
03:05:04 AM    3    1.00    0.00    0.00    0.00    0.00    0.00    0.00    0.00    0.00   99.00
03:05:04 AM    4    1.00    0.00    0.00    0.00    0.00    0.00    0.00    0.00    0.00   99.00
03:05:04 AM    5    0.00    0.00    0.00    0.00    0.00    0.00    0.00    0.00    0.00  100.00
03:05:04 AM    6    0.00    0.00    1.01    0.00    0.00    0.00    0.00    0.00    0.00   98.99
03:05:04 AM    7    0.99    0.00    0.00    0.00    0.00    0.99    0.00    0.00    0.00   98.02
03:05:04 AM    8    0.00    0.00    0.00    0.00    0.00    0.00    0.00    0.00    0.00  100.00
03:05:04 AM    9    0.00    0.00    1.01    0.00    0.00    0.00    0.00    0.00    0.00   98.99
03:05:04 AM   10    0.00    0.00    0.00    0.00    0.00    0.00    0.00    0.00    0.00  100.00
03:05:04 AM   11    0.00    0.00    0.00    0.00    0.00    0.00    0.00    0.00    0.00  100.00
03:05:04 AM   12    0.00    0.00    0.00    0.00    0.00    0.00    0.00    0.00    0.00  100.00
03:05:04 AM   13    1.00    0.00    1.00    0.00    0.00    0.00    0.00    0.00    0.00   98.00
03:05:04 AM   14    0.00    0.00    0.00    0.00    0.00    0.00    0.00    0.00    0.00  100.00
03:05:04 AM   15    1.01    0.00    0.00    0.00    0.00    0.00    0.00    0.00    0.00   98.99
03:05:04 AM   16    0.00    0.00    0.00    0.00    0.00    0.00    0.00    0.00    0.00  100.00
03:05:04 AM   17    0.00    0.00    2.04    0.00    0.00    0.00    0.00    0.00    0.00   97.96
03:05:04 AM   18    0.00    0.00    0.00    0.00    0.00    0.00    0.00    0.00    0.00  100.00
03:05:04 AM   19    0.99    0.00    0.00    0.00    0.00    0.00    0.00    0.00    0.00   99.01
03:05:04 AM   20    0.00    0.00    0.00    0.00    0.00    0.00    0.00    0.00    0.00  100.00
03:05:04 AM   21    0.00    0.00    0.00    1.01    0.00    0.00    0.00    0.00    0.00   98.99
03:05:04 AM   22    1.02    0.00    0.00    0.00    0.00    0.00    0.00    0.00    0.00   98.98
03:05:04 AM   23    0.00    0.00    1.01    0.00    0.00    0.00    0.00    0.00    0.00   98.99
03:05:04 AM   24    9.90    0.00   15.84    0.00    0.00   11.88    0.00    0.00    0.00   62.38
03:05:04 AM   25   10.11    0.00   15.73    0.00    0.00    7.87    0.00    0.00    0.00   66.29
03:05:04 AM   26    0.00    0.00    0.00    0.00    0.00    0.00    0.00    0.00    0.00  100.00
03:05:04 AM   27    0.00    0.00    0.00    0.00    0.00    0.00    0.00    0.00    0.00  100.00
03:05:04 AM   28    0.00    0.00    0.00    0.00    0.00    0.00    0.00    0.00    0.00  100.00
03:05:04 AM   29    0.00    0.00    0.00    0.00    0.00    0.00    0.00    0.00    0.00  100.00
03:05:04 AM   30    0.00    0.00    0.00    0.00    0.00    0.00    0.00    0.00    0.00  100.00
03:05:04 AM   31    0.00    0.00    0.00    0.00    0.00    0.00    0.00    0.00    0.00  100.00
03:05:04 AM   32    0.00    0.00    1.00    0.00    0.00    0.00    0.00    0.00    0.00   99.00
03:05:04 AM   33    0.99    0.00    0.99    0.00    0.00    0.00    0.00    0.00    0.00   98.02
03:05:04 AM   34    0.00    0.00    0.00    0.00    0.00    0.00    0.00    0.00    0.00  100.00
03:05:04 AM   35    0.00    0.00    0.00    0.00    0.00    0.00    0.00    0.00    0.00  100.00

Average:     CPU    %usr   %nice    %sys %iowait    %irq   %soft  %steal  %guest  %gnice   %idle
Average:     all    1.31    0.01    1.32    0.04    0.00    0.58    0.00    0.00    0.00   96.74
Average:       0    1.02    0.00    0.31    0.00    0.00    0.20    0.00    0.00    0.00   98.47
Average:       1    1.70    0.30    0.50    0.00    0.00    0.10    0.00    0.00    0.00   97.40
Average:       2    1.21    0.00    0.60    0.10    0.00    0.00    0.00    0.00    0.00   98.09
Average:       3    1.11    0.00    0.40    0.00    0.00    0.00    0.00    0.00    0.00   98.49
Average:       4    1.11    0.00    0.30    0.10    0.00    0.00    0.00    0.00    0.00   98.49
Average:       5    0.71    0.00    0.30    0.10    0.00    0.10    0.00    0.00    0.00   98.79
Average:       6    0.80    0.00    0.60    0.00    0.00    0.10    0.00    0.00    0.00   98.49
Average:       7    1.10    0.00    0.30    0.20    0.00    0.10    0.00    0.00    0.00   98.29
Average:       8    1.01    0.10    0.50    0.00    0.00    0.00    0.00    0.00    0.00   98.39
Average:       9    1.01    0.00    0.51    0.00    0.00    0.00    0.00    0.00    0.00   98.48
Average:      10    1.30    0.00    0.50    0.10    0.00    0.10    0.00    0.00    0.00   97.99
Average:      11    1.30    0.00    0.60    0.10    0.00    0.00    0.00    0.00    0.00   97.99
Average:      12    1.81    0.00    2.62    0.30    0.00    0.00    0.00    0.00    0.00   95.26
Average:      13    1.30    0.00    1.50    0.00    0.00    0.00    0.00    0.00    0.00   97.19
Average:      14    1.31    0.00    0.40    0.10    0.00    0.00    0.00    0.00    0.00   98.19
Average:      15    1.11    0.00    0.30    0.00    0.00    0.00    0.00    0.00    0.00   98.59
Average:      16    0.81    0.00    0.40    0.00    0.00    0.00    0.00    0.00    0.00   98.79
Average:      17    1.41    0.10    1.82    0.00    0.00    0.10    0.00    0.00    0.00   96.57
Average:      18    0.40    0.00    0.10    0.00    0.00    0.00    0.00    0.00    0.00   99.50
Average:      19    0.60    0.00    0.30    0.00    0.00    0.00    0.00    0.00    0.00   99.10
Average:      20    0.70    0.00    0.30    0.00    0.00    0.00    0.00    0.00    0.00   99.00
Average:      21    0.30    0.00    0.20    0.20    0.00    0.00    0.00    0.00    0.00   99.30
Average:      22    0.50    0.00    0.81    0.00    0.00    0.00    0.00    0.00    0.00   98.69
Average:      23    0.70    0.00    0.60    0.00    0.00    0.00    0.00    0.00    0.00   98.69
Average:      24    9.36    0.00   16.90    0.00    0.00   10.46    0.00    0.00    0.00   63.28
Average:      25    8.65    0.00   15.41    0.00    0.00   10.64    0.00    0.00    0.00   65.30
Average:      26    0.70    0.00    0.20    0.00    0.00    0.00    0.00    0.00    0.00   99.09
Average:      27    0.60    0.00    0.20    0.00    0.00    0.00    0.00    0.00    0.00   99.19
Average:      28    0.71    0.00    0.10    0.00    0.00    0.00    0.00    0.00    0.00   99.19
Average:      29    0.40    0.00    0.10    0.00    0.00    0.00    0.00    0.00    0.00   99.50
Average:      30    0.50    0.00    0.10    0.00    0.00    0.00    0.00    0.00    0.00   99.40
Average:      31    0.40    0.00    0.20    0.00    0.00    0.00    0.00    0.00    0.00   99.40
Average:      32    0.80    0.00    0.20    0.00    0.00    0.00    0.00    0.00    0.00   99.00
Average:      33    0.60    0.00    0.20    0.00    0.00    0.00    0.00    0.00    0.00   99.20
Average:      34    0.50    0.00    0.20    0.00    0.00    0.00    0.00    0.00    0.00   99.30
Average:      35    0.30    0.00    0.20    0.00    0.00    0.00    0.00    0.00    0.00   99.50
