Linux 5.15.0-186-generic (rapids4) 	07/28/2026 	_x86_64_	(36 CPU)

02:48:42 AM  CPU    %usr   %nice    %sys %iowait    %irq   %soft  %steal  %guest  %gnice   %idle
02:48:43 AM  all    1.62    0.00    2.37    0.11    0.00    0.25    0.00    0.00    0.00   95.65
02:48:43 AM    0    1.94    0.00    0.97    0.00    0.00    4.85    0.00    0.00    0.00   92.23
02:48:43 AM    1    2.00    0.00    0.00    0.00    0.00    1.00    0.00    0.00    0.00   97.00
02:48:43 AM    2    1.01    0.00    0.00    0.00    0.00    0.00    0.00    0.00    0.00   98.99
02:48:43 AM    3    1.00    0.00    1.00    1.00    0.00    0.00    0.00    0.00    0.00   97.00
02:48:43 AM    4    4.95    0.00    0.99    0.00    0.00    0.00    0.00    0.00    0.00   94.06
02:48:43 AM    5    1.01    0.00    0.00    0.00    0.00    1.01    0.00    0.00    0.00   97.98
02:48:43 AM    6    2.02    0.00    7.07    0.00    0.00    0.00    0.00    0.00    0.00   90.91
02:48:43 AM    7    0.00    0.00    1.01    0.00    0.00    0.00    0.00    0.00    0.00   98.99
02:48:43 AM    8    1.02    0.00    0.00    0.00    0.00    0.00    0.00    0.00    0.00   98.98
02:48:43 AM    9    0.00    0.00    1.01    0.00    0.00    0.00    0.00    0.00    0.00   98.99
02:48:43 AM   10    0.00    0.00    1.00    0.00    0.00    0.00    0.00    0.00    0.00   99.00
02:48:43 AM   11    3.96    0.00    0.99    0.99    0.00    0.00    0.00    0.00    0.00   94.06
02:48:43 AM   12    2.00    0.00    1.00    0.00    0.00    1.00    0.00    0.00    0.00   96.00
02:48:43 AM   13    3.00    0.00    0.00    0.00    0.00    0.00    0.00    0.00    0.00   97.00
02:48:43 AM   14    1.01    0.00    1.01    0.00    0.00    0.00    0.00    0.00    0.00   97.98
02:48:43 AM   15    2.97    0.00    1.98    0.00    0.00    0.00    0.00    0.00    0.00   95.05
02:48:43 AM   16    1.01    0.00    0.00    0.00    0.00    0.00    0.00    0.00    0.00   98.99
02:48:43 AM   17    1.01    0.00    1.01    0.00    0.00    0.00    0.00    0.00    0.00   97.98
02:48:43 AM   18   13.13    0.00   27.27    0.00    0.00    0.00    0.00    0.00    0.00   59.60
02:48:43 AM   19    7.00    0.00   33.00    0.00    0.00    0.00    0.00    0.00    0.00   60.00
02:48:43 AM   20    1.00    0.00    1.00    0.00    0.00    0.00    0.00    0.00    0.00   98.00
02:48:43 AM   21    1.00    0.00    0.00    1.00    0.00    0.00    0.00    0.00    0.00   98.00
02:48:43 AM   22    0.99    0.00    0.99    0.00    0.00    0.00    0.00    0.00    0.00   98.02
02:48:43 AM   23    0.00    0.00    0.00    0.00    0.00    0.00    0.00    0.00    0.00  100.00
02:48:43 AM   24    1.00    0.00    1.00    0.00    0.00    0.00    0.00    0.00    0.00   98.00
02:48:43 AM   25    0.00    0.00    1.01    0.00    0.00    0.00    0.00    0.00    0.00   98.99
02:48:43 AM   26    2.00    0.00    0.00    0.00    0.00    0.00    0.00    0.00    0.00   98.00
02:48:43 AM   27    0.00    0.00    0.00    0.00    0.00    0.00    0.00    0.00    0.00  100.00
02:48:43 AM   28    0.00    0.00    1.00    0.00    0.00    0.00    0.00    0.00    0.00   99.00
02:48:43 AM   29    1.00    0.00    0.00    0.00    0.00    0.00    0.00    0.00    0.00   99.00
02:48:43 AM   30    0.00    0.00    0.00    0.00    0.00    0.00    0.00    0.00    0.00  100.00
02:48:43 AM   31    0.99    0.00    0.00    0.99    0.00    0.99    0.00    0.00    0.00   97.03
02:48:43 AM   32    0.00    0.00    0.00    0.00    0.00    0.00    0.00    0.00    0.00  100.00
02:48:43 AM   33    0.00    0.00    0.00    0.00    0.00    0.00    0.00    0.00    0.00  100.00
02:48:43 AM   34    0.00    0.00    1.00    0.00    0.00    0.00    0.00    0.00    0.00   99.00
02:48:43 AM   35    0.00    0.00    0.00    0.00    0.00    0.00    0.00    0.00    0.00  100.00

02:48:43 AM  CPU    %usr   %nice    %sys %iowait    %irq   %soft  %steal  %guest  %gnice   %idle
02:48:44 AM  all    1.98    0.03    4.63    0.00    0.00    0.39    0.00    0.00    0.00   92.98
02:48:44 AM    0    3.81    0.00    0.00    0.00    0.00    5.71    0.00    0.00    0.00   90.48
02:48:44 AM    1    1.98    0.00    0.00    0.00    0.00    1.98    0.00    0.00    0.00   96.04
02:48:44 AM    2    0.00    0.00    0.00    0.00    0.00    2.02    0.00    0.00    0.00   97.98
02:48:44 AM    3    1.01    0.00    0.00    0.00    0.00    0.00    0.00    0.00    0.00   98.99
02:48:44 AM    4    1.00    0.00    1.00    0.00    0.00    1.00    0.00    0.00    0.00   97.00
02:48:44 AM    5    1.00    0.00    1.00    0.00    0.00    0.00    0.00    0.00    0.00   98.00
02:48:44 AM    6    1.00    0.00    1.00    0.00    0.00    0.00    0.00    0.00    0.00   98.00
02:48:44 AM    7    1.01    0.00    0.00    0.00    0.00    1.01    0.00    0.00    0.00   97.98
02:48:44 AM    8    0.00    0.00    0.00    0.00    0.00    0.00    0.00    0.00    0.00  100.00
02:48:44 AM    9    1.96    0.00    0.00    0.00    0.00    0.98    0.00    0.00    0.00   97.06
02:48:44 AM   10    1.00    0.00    1.00    0.00    0.00    0.00    0.00    0.00    0.00   98.00
02:48:44 AM   11    1.01    0.00    1.01    0.00    0.00    0.00    0.00    0.00    0.00   97.98
02:48:44 AM   12    1.98    0.00    0.99    0.00    0.00    0.00    0.00    0.00    0.00   97.03
02:48:44 AM   13    0.00    0.00    1.01    0.00    0.00    0.00    0.00    0.00    0.00   98.99
02:48:44 AM   14    2.02    1.01    0.00    0.00    0.00    0.00    0.00    0.00    0.00   96.97
02:48:44 AM   15    0.00    0.00    1.01    0.00    0.00    0.00    0.00    0.00    0.00   98.99
02:48:44 AM   16    1.01    0.00    0.00    0.00    0.00    0.00    0.00    0.00    0.00   98.99
02:48:44 AM   17    1.00    0.00    1.00    0.00    0.00    0.00    0.00    0.00    0.00   98.00
02:48:44 AM   18   23.00    0.00   77.00    0.00    0.00    0.00    0.00    0.00    0.00    0.00
02:48:44 AM   19   22.00    0.00   75.00    0.00    0.00    0.00    0.00    0.00    0.00    3.00
02:48:44 AM   20    0.00    0.00    0.00    0.00    0.00    0.00    0.00    0.00    0.00  100.00
02:48:44 AM   21    0.00    0.00    0.00    0.00    0.00    0.00    0.00    0.00    0.00  100.00
02:48:44 AM   22    0.00    0.00    0.00    0.00    0.00    0.00    0.00    0.00    0.00  100.00
02:48:44 AM   23    1.00    0.00    0.00    0.00    0.00    1.00    0.00    0.00    0.00   98.00
02:48:44 AM   24    0.00    0.00    0.00    0.00    0.00    0.00    0.00    0.00    0.00  100.00
02:48:44 AM   25    0.00    0.00    0.00    0.00    0.00    0.00    0.00    0.00    0.00  100.00
02:48:44 AM   26    0.00    0.00    0.00    0.00    0.00    0.00    0.00    0.00    0.00  100.00
02:48:44 AM   27    0.00    0.00    0.00    0.00    0.00    0.00    0.00    0.00    0.00  100.00
02:48:44 AM   28    0.00    0.00    0.00    0.00    0.00    0.00    0.00    0.00    0.00  100.00
02:48:44 AM   29    0.00    0.00    0.00    0.00    0.00    0.00    0.00    0.00    0.00  100.00
02:48:44 AM   30    0.00    0.00    1.00    0.00    0.00    0.00    0.00    0.00    0.00   99.00
02:48:44 AM   31    1.00    0.00    0.00    0.00    0.00    0.00    0.00    0.00    0.00   99.00
02:48:44 AM   32    0.99    0.00    1.98    0.00    0.00    0.00    0.00    0.00    0.00   97.03
02:48:44 AM   33    1.00    0.00    1.00    0.00    0.00    0.00    0.00    0.00    0.00   98.00
02:48:44 AM   34    1.01    0.00    0.00    0.00    0.00    0.00    0.00    0.00    0.00   98.99
02:48:44 AM   35    0.00    0.00    1.00    0.00    0.00    0.00    0.00    0.00    0.00   99.00

02:48:44 AM  CPU    %usr   %nice    %sys %iowait    %irq   %soft  %steal  %guest  %gnice   %idle
02:48:45 AM  all    2.17    0.03    4.96    0.03    0.00    0.28    0.00    0.00    0.00   92.53
02:48:45 AM    0    3.81    0.00    3.81    0.00    0.00    6.67    0.00    0.00    0.00   85.71
02:48:45 AM    1    0.98    0.00    0.00    0.00    0.00    2.94    0.00    0.00    0.00   96.08
02:48:45 AM    2    1.02    0.00    0.00    0.00    0.00    0.00    0.00    0.00    0.00   98.98
02:48:45 AM    3    1.02    0.00    0.00    0.00    0.00    0.00    0.00    0.00    0.00   98.98
02:48:45 AM    4    0.00    0.00    0.00    0.00    0.00    0.00    0.00    0.00    0.00  100.00
02:48:45 AM    5    0.00    0.00    0.00    0.00    0.00    0.00    0.00    0.00    0.00  100.00
02:48:45 AM    6    0.00    0.00    1.01    0.00    0.00    0.00    0.00    0.00    0.00   98.99
02:48:45 AM    7    0.00    0.00    0.00    0.00    0.00    0.00    0.00    0.00    0.00  100.00
02:48:45 AM    8    0.99    0.00    1.98    0.00    0.00    0.00    0.00    0.00    0.00   97.03
02:48:45 AM    9    0.00    0.00    1.02    0.00    0.00    0.00    0.00    0.00    0.00   98.98
02:48:45 AM   10    1.01    0.00    0.00    0.00    0.00    0.00    0.00    0.00    0.00   98.99
02:48:45 AM   11    1.01    0.00    0.00    0.00    0.00    0.00    0.00    0.00    0.00   98.99
02:48:45 AM   12    1.00    0.00    0.00    0.00    0.00    0.00    0.00    0.00    0.00   99.00
02:48:45 AM   13    1.00    1.00    0.00    0.00    0.00    0.00    0.00    0.00    0.00   98.00
02:48:45 AM   14    1.00    0.00    1.00    0.00    0.00    0.00    0.00    0.00    0.00   98.00
02:48:45 AM   15    4.90    0.00    7.84    0.00    0.00    0.00    0.00    0.00    0.00   87.25
02:48:45 AM   16    1.01    0.00    1.01    0.00    0.00    0.00    0.00    0.00    0.00   97.98
02:48:45 AM   17    1.01    0.00    0.00    0.00    0.00    0.00    0.00    0.00    0.00   98.99
02:48:45 AM   18   23.23    0.00   76.77    0.00    0.00    0.00    0.00    0.00    0.00    0.00
02:48:45 AM   19   21.00    0.00   76.00    0.00    0.00    0.00    0.00    0.00    0.00    3.00
02:48:45 AM   20    1.02    0.00    0.00    0.00    0.00    0.00    0.00    0.00    0.00   98.98
02:48:45 AM   21    0.00    0.00    1.02    0.00    0.00    0.00    0.00    0.00    0.00   98.98
02:48:45 AM   22    1.00    0.00    1.00    0.00    0.00    0.00    0.00    0.00    0.00   98.00
02:48:45 AM   23    0.99    0.00    1.98    0.00    0.00    0.00    0.00    0.00    0.00   97.03
02:48:45 AM   24    1.00    0.00    1.00    0.00    0.00    0.00    0.00    0.00    0.00   98.00
02:48:45 AM   25    1.00    0.00    0.00    0.00    0.00    0.00    0.00    0.00    0.00   99.00
02:48:45 AM   26    1.00    0.00    1.00    0.00    0.00    0.00    0.00    0.00    0.00   98.00
02:48:45 AM   27    0.00    0.00    0.00    0.00    0.00    0.00    0.00    0.00    0.00  100.00
02:48:45 AM   28    1.01    0.00    0.00    0.00    0.00    0.00    0.00    0.00    0.00   98.99
02:48:45 AM   29    1.01    0.00    0.00    0.00    0.00    0.00    0.00    0.00    0.00   98.99
02:48:45 AM   30    1.00    0.00    0.00    0.00    0.00    0.00    0.00    0.00    0.00   99.00
02:48:45 AM   31    1.01    0.00    0.00    0.00    0.00    0.00    0.00    0.00    0.00   98.99
02:48:45 AM   32    1.00    0.00    0.00    0.00    0.00    0.00    0.00    0.00    0.00   99.00
02:48:45 AM   33    0.00    0.00    1.01    0.00    0.00    0.00    0.00    0.00    0.00   98.99
02:48:45 AM   34    0.99    0.00    0.99    0.99    0.00    0.00    0.00    0.00    0.00   97.03
02:48:45 AM   35    2.00    0.00    0.00    0.00    0.00    0.00    0.00    0.00    0.00   98.00

02:48:45 AM  CPU    %usr   %nice    %sys %iowait    %irq   %soft  %steal  %guest  %gnice   %idle
02:48:46 AM  all    1.95    0.00    4.43    0.14    0.00    0.33    0.00    0.00    0.00   93.14
02:48:46 AM    0    0.94    0.00    0.00    0.00    0.00   10.38    0.00    0.00    0.00   88.68
02:48:46 AM    1    0.00    0.00    2.02    0.00    0.00    0.00    0.00    0.00    0.00   97.98
02:48:46 AM    2    1.00    0.00    1.00    0.00    0.00    0.00    0.00    0.00    0.00   98.00
02:48:46 AM    3    1.01    0.00    0.00    0.00    0.00    0.00    0.00    0.00    0.00   98.99
02:48:46 AM    4    1.01    0.00    0.00    0.00    0.00    0.00    0.00    0.00    0.00   98.99
02:48:46 AM    5    0.00    0.00    1.01    0.00    0.00    0.00    0.00    0.00    0.00   98.99
02:48:46 AM    6    1.00    0.00    0.00    1.00    0.00    0.00    0.00    0.00    0.00   98.00
02:48:46 AM    7    1.01    0.00    0.00    0.00    0.00    0.00    0.00    0.00    0.00   98.99
02:48:46 AM    8    1.01    0.00    0.00    0.00    0.00    0.00    0.00    0.00    0.00   98.99
02:48:46 AM    9    1.96    0.00    1.96    0.00    0.00    0.00    0.00    0.00    0.00   96.08
02:48:46 AM   10    0.00    0.00    0.00    1.02    0.00    0.00    0.00    0.00    0.00   98.98
02:48:46 AM   11    1.01    0.00    0.00    0.00    0.00    0.00    0.00    0.00    0.00   98.99
02:48:46 AM   12    1.01    0.00    0.00    0.00    0.00    0.00    0.00    0.00    0.00   98.99
02:48:46 AM   13    0.00    0.00    0.00    0.00    0.00    0.00    0.00    0.00    0.00  100.00
02:48:46 AM   14    1.00    0.00    0.00    1.00    0.00    0.00    0.00    0.00    0.00   98.00
02:48:46 AM   15    0.99    0.00    0.00    0.99    0.00    0.00    0.00    0.00    0.00   98.02
02:48:46 AM   16    2.00    0.00    0.00    0.00    0.00    0.00    0.00    0.00    0.00   98.00
02:48:46 AM   17    1.02    0.00    0.00    0.00    0.00    0.00    0.00    0.00    0.00   98.98
02:48:46 AM   18   25.74    0.00   74.26    0.00    0.00    0.00    0.00    0.00    0.00    0.00
02:48:46 AM   19   22.77    0.00   74.26    0.00    0.00    0.00    0.00    0.00    0.00    2.97
02:48:46 AM   20    1.01    0.00    0.00    0.00    0.00    0.00    0.00    0.00    0.00   98.99
02:48:46 AM   21    0.00    0.00    0.00    0.00    0.00    1.00    0.00    0.00    0.00   99.00
02:48:46 AM   22    0.00    0.00    1.01    0.00    0.00    0.00    0.00    0.00    0.00   98.99
02:48:46 AM   23    0.00    0.00    0.00    0.00    0.00    0.00    0.00    0.00    0.00  100.00
02:48:46 AM   24    0.00    0.00    0.00    0.00    0.00    0.00    0.00    0.00    0.00  100.00
02:48:46 AM   25    0.00    0.00    1.00    0.00    0.00    0.00    0.00    0.00    0.00   99.00
02:48:46 AM   26    0.00    0.00    0.00    0.00    0.00    0.00    0.00    0.00    0.00  100.00
02:48:46 AM   27    1.00    0.00    0.00    0.00    0.00    0.00    0.00    0.00    0.00   99.00
02:48:46 AM   28    1.00    0.00    0.00    0.00    0.00    0.00    0.00    0.00    0.00   99.00
02:48:46 AM   29    1.00    0.00    0.00    0.00    0.00    0.00    0.00    0.00    0.00   99.00
02:48:46 AM   30    0.00    0.00    0.00    1.00    0.00    0.00    0.00    0.00    0.00   99.00
02:48:46 AM   31    0.00    0.00    0.00    0.00    0.00    0.00    0.00    0.00    0.00  100.00
02:48:46 AM   32    0.00    0.00    0.00    0.00    0.00    0.00    0.00    0.00    0.00  100.00
02:48:46 AM   33    0.00    0.00    1.01    0.00    0.00    0.00    0.00    0.00    0.00   98.99
02:48:46 AM   34    1.00    0.00    0.00    0.00    0.00    0.00    0.00    0.00    0.00   99.00
02:48:46 AM   35    0.00    0.00    0.00    0.00    0.00    0.00    0.00    0.00    0.00  100.00

02:48:46 AM  CPU    %usr   %nice    %sys %iowait    %irq   %soft  %steal  %guest  %gnice   %idle
02:48:47 AM  all    1.98    0.00    4.53    0.06    0.00    0.17    0.00    0.00    0.00   93.26
02:48:47 AM    0    0.00    0.00    0.98    0.00    0.00    4.90    0.00    0.00    0.00   94.12
02:48:47 AM    1    0.99    0.00    0.99    0.00    0.00    0.99    0.00    0.00    0.00   97.03
02:48:47 AM    2    0.00    0.00    0.00    0.00    0.00    0.00    0.00    0.00    0.00  100.00
02:48:47 AM    3    0.00    0.00    0.00    0.00    0.00    0.00    0.00    0.00    0.00  100.00
02:48:47 AM    4    1.00    0.00    1.00    0.00    0.00    0.00    0.00    0.00    0.00   98.00
02:48:47 AM    5    0.00    0.00    1.01    0.00    0.00    0.00    0.00    0.00    0.00   98.99
02:48:47 AM    6    0.00    0.00    0.00    1.02    0.00    0.00    0.00    0.00    0.00   98.98
02:48:47 AM    7    1.03    0.00    0.00    0.00    0.00    0.00    0.00    0.00    0.00   98.97
02:48:47 AM    8    0.99    0.00    0.99    0.00    0.00    0.00    0.00    0.00    0.00   98.02
02:48:47 AM    9    0.00    0.00    0.00    0.00    0.00    0.00    0.00    0.00    0.00  100.00
02:48:47 AM   10    1.00    0.00    0.00    0.00    0.00    0.00    0.00    0.00    0.00   99.00
02:48:47 AM   11    0.00    0.00    1.01    0.00    0.00    0.00    0.00    0.00    0.00   98.99
02:48:47 AM   12    1.00    0.00    1.00    0.00    0.00    0.00    0.00    0.00    0.00   98.00
02:48:47 AM   13    1.00    0.00    0.00    0.00    0.00    0.00    0.00    0.00    0.00   99.00
02:48:47 AM   14    0.00    0.00    0.00    0.00    0.00    0.00    0.00    0.00    0.00  100.00
02:48:47 AM   15    1.02    0.00    6.12    0.00    0.00    0.00    0.00    0.00    0.00   92.86
02:48:47 AM   16    1.00    0.00    1.00    1.00    0.00    0.00    0.00    0.00    0.00   97.00
02:48:47 AM   17    1.00    0.00    1.00    0.00    0.00    0.00    0.00    0.00    0.00   98.00
02:48:47 AM   18   28.28    0.00   71.72    0.00    0.00    0.00    0.00    0.00    0.00    0.00
02:48:47 AM   19   26.00    0.00   71.00    0.00    0.00    0.00    0.00    0.00    0.00    3.00
02:48:47 AM   20    0.99    0.00    0.99    0.00    0.00    0.00    0.00    0.00    0.00   98.02
02:48:47 AM   21    0.00    0.00    0.00    0.00    0.00    0.00    0.00    0.00    0.00  100.00
02:48:47 AM   22    1.02    0.00    0.00    0.00    0.00    0.00    0.00    0.00    0.00   98.98
02:48:47 AM   23    1.01    0.00    0.00    0.00    0.00    0.00    0.00    0.00    0.00   98.99
02:48:47 AM   24    1.01    0.00    0.00    0.00    0.00    0.00    0.00    0.00    0.00   98.99
02:48:47 AM   25    0.00    0.00    0.00    0.00    0.00    0.00    0.00    0.00    0.00  100.00
02:48:47 AM   26    0.00    0.00    0.00    0.00    0.00    0.00    0.00    0.00    0.00  100.00
02:48:47 AM   27    0.00    0.00    1.00    0.00    0.00    0.00    0.00    0.00    0.00   99.00
02:48:47 AM   28    0.00    0.00    0.00    0.00    0.00    0.00    0.00    0.00    0.00  100.00
02:48:47 AM   29    0.00    0.00    1.00    0.00    0.00    0.00    0.00    0.00    0.00   99.00
02:48:47 AM   30    0.00    0.00    0.99    0.00    0.00    0.00    0.00    0.00    0.00   99.01
02:48:47 AM   31    0.00    0.00    0.99    0.00    0.00    0.00    0.00    0.00    0.00   99.01
02:48:47 AM   32    0.00    0.00    0.00    0.00    0.00    0.00    0.00    0.00    0.00  100.00
02:48:47 AM   33    1.00    0.00    0.00    0.00    0.00    0.00    0.00    0.00    0.00   99.00
02:48:47 AM   34    1.02    0.00    0.00    0.00    0.00    0.00    0.00    0.00    0.00   98.98
02:48:47 AM   35    1.00    0.00    0.00    0.00    0.00    0.00    0.00    0.00    0.00   99.00

02:48:47 AM  CPU    %usr   %nice    %sys %iowait    %irq   %soft  %steal  %guest  %gnice   %idle
02:48:48 AM  all    2.39    0.00    4.59    0.06    0.00    0.25    0.00    0.00    0.00   92.72
02:48:48 AM    0    2.86    0.00    0.00    0.00    0.00    7.62    0.00    0.00    0.00   89.52
02:48:48 AM    1    1.98    0.00    0.00    0.00    0.00    0.99    0.00    0.00    0.00   97.03
02:48:48 AM    2    0.00    0.00    1.01    0.00    0.00    0.00    0.00    0.00    0.00   98.99
02:48:48 AM    3    1.00    0.00    1.00    0.00    0.00    0.00    0.00    0.00    0.00   98.00
02:48:48 AM    4    1.01    0.00    0.00    0.00    0.00    0.00    0.00    0.00    0.00   98.99
02:48:48 AM    5    1.01    0.00    0.00    0.00    0.00    0.00    0.00    0.00    0.00   98.99
02:48:48 AM    6    1.96    0.00    0.98    0.00    0.00    0.00    0.00    0.00    0.00   97.06
02:48:48 AM    7    1.98    0.00    8.91    0.00    0.00    0.00    0.00    0.00    0.00   89.11
02:48:48 AM    8    1.00    0.00    1.00    0.00    0.00    0.00    0.00    0.00    0.00   98.00
02:48:48 AM    9    0.00    0.00    0.00    0.00    0.00    0.00    0.00    0.00    0.00  100.00
02:48:48 AM   10    1.00    0.00    1.00    0.00    0.00    0.00    0.00    0.00    0.00   98.00
02:48:48 AM   11    2.00    0.00    0.00    0.00    0.00    0.00    0.00    0.00    0.00   98.00
02:48:48 AM   12    2.97    0.00    0.00    0.00    0.00    0.00    0.00    0.00    0.00   97.03
02:48:48 AM   13    0.00    0.00    0.00    0.00    0.00    0.00    0.00    0.00    0.00  100.00
02:48:48 AM   14    2.00    0.00    0.00    0.00    0.00    0.00    0.00    0.00    0.00   98.00
02:48:48 AM   15    1.00    0.00    0.00    0.00    0.00    0.00    0.00    0.00    0.00   99.00
02:48:48 AM   16    0.00    0.00    0.00    0.00    0.00    0.00    0.00    0.00    0.00  100.00
02:48:48 AM   17    1.01    0.00    0.00    0.00    0.00    0.00    0.00    0.00    0.00   98.99
02:48:48 AM   18   31.68    0.00   68.32    0.00    0.00    0.00    0.00    0.00    0.00    0.00
02:48:48 AM   19   21.00    0.00   76.00    0.00    0.00    0.00    0.00    0.00    0.00    3.00
02:48:48 AM   20    0.00    0.00    1.01    0.00    0.00    0.00    0.00    0.00    0.00   98.99
02:48:48 AM   21    2.00    0.00    0.00    1.00    0.00    0.00    0.00    0.00    0.00   97.00
02:48:48 AM   22    1.00    0.00    1.00    0.00    0.00    0.00    0.00    0.00    0.00   98.00
02:48:48 AM   23    1.00    0.00    1.00    0.00    0.00    0.00    0.00    0.00    0.00   98.00
02:48:48 AM   24    0.00    0.00    0.00    1.01    0.00    0.00    0.00    0.00    0.00   98.99
02:48:48 AM   25    0.99    0.00    0.99    0.00    0.00    0.00    0.00    0.00    0.00   98.02
02:48:48 AM   26    1.00    0.00    0.00    0.00    0.00    0.00    0.00    0.00    0.00   99.00
02:48:48 AM   27    0.00    0.00    0.00    0.00    0.00    0.00    0.00    0.00    0.00  100.00
02:48:48 AM   28    0.99    0.00    0.99    0.00    0.00    0.00    0.00    0.00    0.00   98.02
02:48:48 AM   29    0.00    0.00    0.00    0.00    0.00    0.00    0.00    0.00    0.00  100.00
02:48:48 AM   30    1.00    0.00    0.00    0.00    0.00    0.00    0.00    0.00    0.00   99.00
02:48:48 AM   31    0.00    0.00    0.00    0.00    0.00    0.00    0.00    0.00    0.00  100.00
02:48:48 AM   32    1.00    0.00    0.00    0.00    0.00    0.00    0.00    0.00    0.00   99.00
02:48:48 AM   33    1.00    0.00    0.00    0.00    0.00    0.00    0.00    0.00    0.00   99.00
02:48:48 AM   34    0.00    0.00    0.00    0.00    0.00    0.00    0.00    0.00    0.00  100.00
02:48:48 AM   35    0.00    0.00    1.00    0.00    0.00    0.00    0.00    0.00    0.00   99.00

02:48:48 AM  CPU    %usr   %nice    %sys %iowait    %irq   %soft  %steal  %guest  %gnice   %idle
02:48:49 AM  all    2.04    0.00    4.56    0.03    0.00    0.17    0.00    0.00    0.00   93.20
02:48:49 AM    0    0.97    0.00    0.97    0.00    0.00    5.83    0.00    0.00    0.00   92.23
02:48:49 AM    1    1.02    0.00    0.00    1.02    0.00    0.00    0.00    0.00    0.00   97.96
02:48:49 AM    2   11.11    0.00    0.00    0.00    0.00    0.00    0.00    0.00    0.00   88.89
02:48:49 AM    3    0.00    0.00    0.00    0.00    0.00    0.00    0.00    0.00    0.00  100.00
02:48:49 AM    4    1.00    0.00    1.00    0.00    0.00    0.00    0.00    0.00    0.00   98.00
02:48:49 AM    5    1.01    0.00    0.00    0.00    0.00    0.00    0.00    0.00    0.00   98.99
02:48:49 AM    6    0.00    0.00    0.00    0.00    0.00    0.00    0.00    0.00    0.00  100.00
02:48:49 AM    7    0.00    0.00    0.00    0.00    0.00    0.00    0.00    0.00    0.00  100.00
02:48:49 AM    8    0.00    0.00    0.00    0.00    0.00    0.00    0.00    0.00    0.00  100.00
02:48:49 AM    9    0.00    0.00    1.01    0.00    0.00    0.00    0.00    0.00    0.00   98.99
02:48:49 AM   10    2.02    0.00    0.00    0.00    0.00    0.00    0.00    0.00    0.00   97.98
02:48:49 AM   11    1.01    0.00    1.01    0.00    0.00    0.00    0.00    0.00    0.00   97.98
02:48:49 AM   12    2.00    0.00    0.00    0.00    0.00    0.00    0.00    0.00    0.00   98.00
02:48:49 AM   13    2.02    0.00    1.01    0.00    0.00    0.00    0.00    0.00    0.00   96.97
02:48:49 AM   14    0.00    0.00    1.01    0.00    0.00    0.00    0.00    0.00    0.00   98.99
02:48:49 AM   15    0.00    0.00    1.01    0.00    0.00    0.00    0.00    0.00    0.00   98.99
02:48:49 AM   16    0.00    0.00    0.00    0.00    0.00    0.00    0.00    0.00    0.00  100.00
02:48:49 AM   17    0.00    0.00    1.01    0.00    0.00    0.00    0.00    0.00    0.00   98.99
02:48:49 AM   18   26.00    0.00   74.00    0.00    0.00    0.00    0.00    0.00    0.00    0.00
02:48:49 AM   19   21.21    0.00   75.76    0.00    0.00    0.00    0.00    0.00    0.00    3.03
02:48:49 AM   20    0.00    0.00    0.00    0.00    0.00    0.00    0.00    0.00    0.00  100.00
02:48:49 AM   21    0.00    0.00    1.00    0.00    0.00    0.00    0.00    0.00    0.00   99.00
02:48:49 AM   22    0.00    0.00    1.01    0.00    0.00    0.00    0.00    0.00    0.00   98.99
02:48:49 AM   23    0.00    0.00    0.00    0.00    0.00    0.00    0.00    0.00    0.00  100.00
02:48:49 AM   24    0.00    0.00    1.01    0.00    0.00    0.00    0.00    0.00    0.00   98.99
02:48:49 AM   25    0.00    0.00    0.00    0.00    0.00    0.00    0.00    0.00    0.00  100.00
02:48:49 AM   26    0.00    0.00    1.00    0.00    0.00    0.00    0.00    0.00    0.00   99.00
02:48:49 AM   27    0.00    0.00    0.00    0.00    0.00    0.00    0.00    0.00    0.00  100.00
02:48:49 AM   28    0.00    0.00    0.00    0.00    0.00    0.00    0.00    0.00    0.00  100.00
02:48:49 AM   29    0.99    0.00    0.99    0.00    0.00    0.00    0.00    0.00    0.00   98.02
02:48:49 AM   30    0.00    0.00    0.00    0.00    0.00    0.00    0.00    0.00    0.00  100.00
02:48:49 AM   31    0.99    0.00    0.99    0.00    0.00    0.00    0.00    0.00    0.00   98.02
02:48:49 AM   32    1.00    0.00    0.00    0.00    0.00    0.00    0.00    0.00    0.00   99.00
02:48:49 AM   33    0.00    0.00    0.00    0.00    0.00    0.00    0.00    0.00    0.00  100.00
02:48:49 AM   34    0.00    0.00    0.00    0.00    0.00    0.00    0.00    0.00    0.00  100.00
02:48:49 AM   35    1.00    0.00    0.00    0.00    0.00    0.00    0.00    0.00    0.00   99.00

02:48:49 AM  CPU    %usr   %nice    %sys %iowait    %irq   %soft  %steal  %guest  %gnice   %idle
02:48:50 AM  all    2.23    0.03    4.77    0.03    0.00    0.31    0.00    0.00    0.00   92.63
02:48:50 AM    0    0.95    0.00    0.00    0.00    0.00    8.57    0.00    0.00    0.00   90.48
02:48:50 AM    1    2.94    0.00    0.98    0.00    0.00    0.98    0.00    0.00    0.00   95.10
02:48:50 AM    2    0.99    0.00    0.99    0.00    0.00    0.99    0.00    0.00    0.00   97.03
02:48:50 AM    3    0.00    1.01    0.00    0.00    0.00    0.00    0.00    0.00    0.00   98.99
02:48:50 AM    4    0.00    0.00    0.00    1.02    0.00    0.00    0.00    0.00    0.00   98.98
02:48:50 AM    5    1.02    0.00    0.00    0.00    0.00    0.00    0.00    0.00    0.00   98.98
02:48:50 AM    6    2.00    0.00    0.00    0.00    0.00    0.00    0.00    0.00    0.00   98.00
02:48:50 AM    7    3.03    0.00    6.06    0.00    0.00    0.00    0.00    0.00    0.00   90.91
02:48:50 AM    8    1.01    0.00    0.00    0.00    0.00    0.00    0.00    0.00    0.00   98.99
02:48:50 AM    9    3.00    0.00    1.00    0.00    0.00    0.00    0.00    0.00    0.00   96.00
02:48:50 AM   10    1.01    0.00    1.01    0.00    0.00    0.00    0.00    0.00    0.00   97.98
02:48:50 AM   11    0.00    0.00    0.00    0.00    0.00    0.00    0.00    0.00    0.00  100.00
02:48:50 AM   12    1.01    0.00    1.01    0.00    0.00    0.00    0.00    0.00    0.00   97.98
02:48:50 AM   13    0.00    0.00    0.00    0.00    0.00    0.00    0.00    0.00    0.00  100.00
02:48:50 AM   14    1.02    0.00    0.00    0.00    0.00    0.00    0.00    0.00    0.00   98.98
02:48:50 AM   15    2.00    0.00    0.00    0.00    0.00    0.00    0.00    0.00    0.00   98.00
02:48:50 AM   16    2.02    0.00    0.00    0.00    0.00    0.00    0.00    0.00    0.00   97.98
02:48:50 AM   17    1.01    0.00    0.00    0.00    0.00    0.00    0.00    0.00    0.00   98.99
02:48:50 AM   18   26.00    0.00   74.00    0.00    0.00    0.00    0.00    0.00    0.00    0.00
02:48:50 AM   19   21.00    0.00   77.00    0.00    0.00    0.00    0.00    0.00    0.00    2.00
02:48:50 AM   20    1.00    0.00    0.00    0.00    0.00    0.00    0.00    0.00    0.00   99.00
02:48:50 AM   21    0.00    0.00    0.00    0.00    0.00    0.00    0.00    0.00    0.00  100.00
02:48:50 AM   22    1.00    0.00    0.00    0.00    0.00    0.00    0.00    0.00    0.00   99.00
02:48:50 AM   23    0.00    0.00    1.02    0.00    0.00    0.00    0.00    0.00    0.00   98.98
02:48:50 AM   24    1.00    0.00    1.00    0.00    0.00    0.00    0.00    0.00    0.00   98.00
02:48:50 AM   25    0.99    0.00    0.99    0.00    0.00    0.00    0.00    0.00    0.00   98.02
02:48:50 AM   26    1.01    0.00    0.00    0.00    0.00    0.00    0.00    0.00    0.00   98.99
02:48:50 AM   27    0.00    0.00    1.00    0.00    0.00    0.00    0.00    0.00    0.00   99.00
02:48:50 AM   28    1.01    0.00    0.00    0.00    0.00    0.00    0.00    0.00    0.00   98.99
02:48:50 AM   29    1.00    0.00    0.00    0.00    0.00    0.00    0.00    0.00    0.00   99.00
02:48:50 AM   30    0.00    0.00    1.00    0.00    0.00    0.00    0.00    0.00    0.00   99.00
02:48:50 AM   31    0.00    0.00    0.00    0.00    0.00    0.00    0.00    0.00    0.00  100.00
02:48:50 AM   32    1.00    0.00    1.00    0.00    0.00    0.00    0.00    0.00    0.00   98.00
02:48:50 AM   33    0.00    0.00    1.00    0.00    0.00    0.00    0.00    0.00    0.00   99.00
02:48:50 AM   34    1.01    0.00    0.00    0.00    0.00    0.00    0.00    0.00    0.00   98.99
02:48:50 AM   35    1.01    0.00    2.02    0.00    0.00    0.00    0.00    0.00    0.00   96.97

02:48:50 AM  CPU    %usr   %nice    %sys %iowait    %irq   %soft  %steal  %guest  %gnice   %idle
02:48:51 AM  all    1.93    0.03    4.50    0.03    0.00    0.28    0.00    0.00    0.00   93.24
02:48:51 AM    0    0.00    0.00    0.95    0.00    0.00    8.57    0.00    0.00    0.00   90.48
02:48:51 AM    1    0.00    0.00    0.00    0.00    0.00    1.01    0.00    0.00    0.00   98.99
02:48:51 AM    2    0.00    0.00    1.00    0.00    0.00    0.00    0.00    0.00    0.00   99.00
02:48:51 AM    3    1.00    0.00    0.00    0.00    0.00    0.00    0.00    0.00    0.00   99.00
02:48:51 AM    4    1.00    0.00    1.00    0.00    0.00    0.00    0.00    0.00    0.00   98.00
02:48:51 AM    5    1.01    0.00    1.01    0.00    0.00    0.00    0.00    0.00    0.00   97.98
02:48:51 AM    6    1.01    0.00    0.00    0.00    0.00    0.00    0.00    0.00    0.00   98.99
02:48:51 AM    7    2.02    0.00    8.08    0.00    0.00    0.00    0.00    0.00    0.00   89.90
02:48:51 AM    8    0.00    0.00    0.00    0.00    0.00    0.00    0.00    0.00    0.00  100.00
02:48:51 AM    9    0.00    0.00    0.00    0.00    0.00    0.00    0.00    0.00    0.00  100.00
02:48:51 AM   10    3.00    0.00    0.00    0.00    0.00    0.00    0.00    0.00    0.00   97.00
02:48:51 AM   11    0.00    0.00    0.00    0.00    0.00    0.00    0.00    0.00    0.00  100.00
02:48:51 AM   12    2.02    0.00    0.00    0.00    0.00    0.00    0.00    0.00    0.00   97.98
02:48:51 AM   13    1.00    1.00    1.00    0.00    0.00    0.00    0.00    0.00    0.00   97.00
02:48:51 AM   14    1.02    0.00    0.00    1.02    0.00    0.00    0.00    0.00    0.00   97.96
02:48:51 AM   15    3.00    0.00    1.00    0.00    0.00    0.00    0.00    0.00    0.00   96.00
02:48:51 AM   16    1.00    0.00    0.00    0.00    0.00    0.00    0.00    0.00    0.00   99.00
02:48:51 AM   17    0.00    0.00    0.00    0.00    0.00    0.00    0.00    0.00    0.00  100.00
02:48:51 AM   18   27.00    0.00   73.00    0.00    0.00    0.00    0.00    0.00    0.00    0.00
02:48:51 AM   19   22.22    0.00   74.75    0.00    0.00    0.00    0.00    0.00    0.00    3.03
02:48:51 AM   20    0.00    0.00    0.00    0.00    0.00    0.00    0.00    0.00    0.00  100.00
02:48:51 AM   21    0.00    0.00    0.00    0.00    0.00    0.00    0.00    0.00    0.00  100.00
02:48:51 AM   22    0.00    0.00    0.00    0.00    0.00    0.00    0.00    0.00    0.00  100.00
02:48:51 AM   23    0.00    0.00    0.00    0.00    0.00    0.00    0.00    0.00    0.00  100.00
02:48:51 AM   24    0.00    0.00    0.00    0.00    0.00    0.00    0.00    0.00    0.00  100.00
02:48:51 AM   25    0.00    0.00    0.00    0.00    0.00    0.00    0.00    0.00    0.00  100.00
02:48:51 AM   26    0.00    0.00    0.00    0.00    0.00    0.00    0.00    0.00    0.00  100.00
02:48:51 AM   27    1.01    0.00    0.00    0.00    0.00    0.00    0.00    0.00    0.00   98.99
02:48:51 AM   28    0.00    0.00    0.00    0.00    0.00    0.00    0.00    0.00    0.00  100.00
02:48:51 AM   29    0.00    0.00    0.00    0.00    0.00    0.00    0.00    0.00    0.00  100.00
02:48:51 AM   30    0.99    0.00    0.00    0.00    0.00    0.00    0.00    0.00    0.00   99.01
02:48:51 AM   31    0.00    0.00    0.00    0.00    0.00    0.00    0.00    0.00    0.00  100.00
02:48:51 AM   32    0.00    0.00    0.00    0.00    0.00    0.00    0.00    0.00    0.00  100.00
02:48:51 AM   33    0.00    0.00    0.00    0.00    0.00    0.00    0.00    0.00    0.00  100.00
02:48:51 AM   34    1.00    0.00    0.00    0.00    0.00    0.00    0.00    0.00    0.00   99.00
02:48:51 AM   35    0.00    0.00    0.00    0.00    0.00    0.00    0.00    0.00    0.00  100.00

02:48:51 AM  CPU    %usr   %nice    %sys %iowait    %irq   %soft  %steal  %guest  %gnice   %idle
02:48:52 AM  all    2.10    0.00    4.45    0.08    0.00    0.17    0.00    0.00    0.00   93.20
02:48:52 AM    0    2.88    0.00    0.00    0.00    0.00    5.77    0.00    0.00    0.00   91.35
02:48:52 AM    1    1.01    0.00    1.01    0.00    0.00    0.00    0.00    0.00    0.00   97.98
02:48:52 AM    2    2.02    0.00    0.00    1.01    0.00    0.00    0.00    0.00    0.00   96.97
02:48:52 AM    3    0.00    0.00    1.01    0.00    0.00    0.00    0.00    0.00    0.00   98.99
02:48:52 AM    4    2.00    0.00    0.00    0.00    0.00    0.00    0.00    0.00    0.00   98.00
02:48:52 AM    5    1.01    0.00    0.00    0.00    0.00    0.00    0.00    0.00    0.00   98.99
02:48:52 AM    6    1.00    0.00    1.00    0.00    0.00    0.00    0.00    0.00    0.00   98.00
02:48:52 AM    7    0.00    0.00    0.00    0.00    0.00    0.00    0.00    0.00    0.00  100.00
02:48:52 AM    8    1.01    0.00    0.00    0.00    0.00    0.00    0.00    0.00    0.00   98.99
02:48:52 AM    9    1.01    0.00    0.00    0.00    0.00    0.00    0.00    0.00    0.00   98.99
02:48:52 AM   10    1.01    0.00    0.00    0.00    0.00    0.00    0.00    0.00    0.00   98.99
02:48:52 AM   11    1.02    0.00    0.00    0.00    0.00    0.00    0.00    0.00    0.00   98.98
02:48:52 AM   12    1.01    0.00    0.00    0.00    0.00    0.00    0.00    0.00    0.00   98.99
02:48:52 AM   13    1.01    0.00    0.00    0.00    0.00    0.00    0.00    0.00    0.00   98.99
02:48:52 AM   14    2.02    0.00    0.00    0.00    0.00    0.00    0.00    0.00    0.00   97.98
02:48:52 AM   15    0.00    0.00    1.01    0.00    0.00    0.00    0.00    0.00    0.00   98.99
02:48:52 AM   16    1.02    0.00    0.00    1.02    0.00    0.00    0.00    0.00    0.00   97.96
02:48:52 AM   17    1.00    0.00    1.00    1.00    0.00    0.00    0.00    0.00    0.00   97.00
02:48:52 AM   18   30.00    0.00   70.00    0.00    0.00    0.00    0.00    0.00    0.00    0.00
02:48:52 AM   19   16.00    0.00   81.00    0.00    0.00    0.00    0.00    0.00    0.00    3.00
02:48:52 AM   20    2.00    0.00    0.00    0.00    0.00    0.00    0.00    0.00    0.00   98.00
02:48:52 AM   21    1.00    0.00    1.00    0.00    0.00    0.00    0.00    0.00    0.00   98.00
02:48:52 AM   22    0.00    0.00    0.00    0.00    0.00    0.00    0.00    0.00    0.00  100.00
02:48:52 AM   23    0.00    0.00    0.00    0.00    0.00    0.00    0.00    0.00    0.00  100.00
02:48:52 AM   24    0.00    0.00    0.00    0.00    0.00    0.00    0.00    0.00    0.00  100.00
02:48:52 AM   25    0.99    0.00    0.99    0.00    0.00    0.00    0.00    0.00    0.00   98.02
02:48:52 AM   26    0.00    0.00    1.00    0.00    0.00    0.00    0.00    0.00    0.00   99.00
02:48:52 AM   27    0.00    0.00    0.00    0.00    0.00    0.00    0.00    0.00    0.00  100.00
02:48:52 AM   28    0.00    0.00    0.00    0.00    0.00    0.00    0.00    0.00    0.00  100.00
02:48:52 AM   29    1.01    0.00    0.00    0.00    0.00    0.00    0.00    0.00    0.00   98.99
02:48:52 AM   30    0.00    0.00    0.00    0.00    0.00    0.00    0.00    0.00    0.00  100.00
02:48:52 AM   31    1.00    0.00    0.00    0.00    0.00    0.00    0.00    0.00    0.00   99.00
02:48:52 AM   32    0.00    0.00    0.00    0.00    0.00    0.00    0.00    0.00    0.00  100.00
02:48:52 AM   33    1.00    0.00    0.00    0.00    0.00    0.00    0.00    0.00    0.00   99.00
02:48:52 AM   34    1.00    0.00    0.00    0.00    0.00    0.00    0.00    0.00    0.00   99.00
02:48:52 AM   35    1.00    0.00    0.00    0.00    0.00    0.00    0.00    0.00    0.00   99.00

Average:     CPU    %usr   %nice    %sys %iowait    %irq   %soft  %steal  %guest  %gnice   %idle
Average:     all    2.04    0.01    4.38    0.06    0.00    0.26    0.00    0.00    0.00   93.26
Average:       0    1.82    0.00    0.77    0.00    0.00    6.90    0.00    0.00    0.00   90.51
Average:       1    1.30    0.00    0.50    0.10    0.00    1.00    0.00    0.00    0.00   97.11
Average:       2    1.71    0.00    0.40    0.10    0.00    0.30    0.00    0.00    0.00   97.48
Average:       3    0.61    0.10    0.30    0.10    0.00    0.00    0.00    0.00    0.00   98.89
Average:       4    1.31    0.00    0.50    0.10    0.00    0.10    0.00    0.00    0.00   97.99
Average:       5    0.71    0.00    0.40    0.00    0.00    0.10    0.00    0.00    0.00   98.79
Average:       6    1.01    0.00    1.11    0.20    0.00    0.00    0.00    0.00    0.00   97.69
Average:       7    1.01    0.00    2.43    0.00    0.00    0.10    0.00    0.00    0.00   96.46
Average:       8    0.71    0.00    0.40    0.00    0.00    0.00    0.00    0.00    0.00   98.89
Average:       9    0.81    0.00    0.60    0.00    0.00    0.10    0.00    0.00    0.00   98.49
Average:      10    1.11    0.00    0.40    0.10    0.00    0.00    0.00    0.00    0.00   98.39
Average:      11    1.11    0.00    0.40    0.10    0.00    0.00    0.00    0.00    0.00   98.38
Average:      12    1.60    0.00    0.40    0.00    0.00    0.10    0.00    0.00    0.00   97.90
Average:      13    0.91    0.20    0.30    0.00    0.00    0.00    0.00    0.00    0.00   98.59
Average:      14    1.11    0.10    0.30    0.20    0.00    0.00    0.00    0.00    0.00   98.28
Average:      15    1.60    0.00    2.00    0.10    0.00    0.00    0.00    0.00    0.00   96.30
Average:      16    1.01    0.00    0.20    0.20    0.00    0.00    0.00    0.00    0.00   98.59
Average:      17    0.81    0.00    0.50    0.10    0.00    0.00    0.00    0.00    0.00   98.59
Average:      18   25.43    0.00   68.67    0.00    0.00    0.00    0.00    0.00    0.00    5.91
Average:      19   20.02    0.00   71.37    0.00    0.00    0.00    0.00    0.00    0.00    8.61
Average:      20    0.70    0.00    0.30    0.00    0.00    0.00    0.00    0.00    0.00   98.99
Average:      21    0.40    0.00    0.30    0.20    0.00    0.10    0.00    0.00    0.00   98.99
Average:      22    0.50    0.00    0.50    0.00    0.00    0.00    0.00    0.00    0.00   98.99
Average:      23    0.40    0.00    0.40    0.00    0.00    0.10    0.00    0.00    0.00   99.09
Average:      24    0.40    0.00    0.40    0.10    0.00    0.00    0.00    0.00    0.00   99.09
Average:      25    0.40    0.00    0.50    0.00    0.00    0.00    0.00    0.00    0.00   99.10
Average:      26    0.50    0.00    0.30    0.00    0.00    0.00    0.00    0.00    0.00   99.20
Average:      27    0.20    0.00    0.20    0.00    0.00    0.00    0.00    0.00    0.00   99.60
Average:      28    0.40    0.00    0.20    0.00    0.00    0.00    0.00    0.00    0.00   99.40
Average:      29    0.60    0.00    0.20    0.00    0.00    0.00    0.00    0.00    0.00   99.20
Average:      30    0.30    0.00    0.30    0.10    0.00    0.00    0.00    0.00    0.00   99.30
Average:      31    0.50    0.00    0.20    0.10    0.00    0.10    0.00    0.00    0.00   99.10
Average:      32    0.50    0.00    0.30    0.00    0.00    0.00    0.00    0.00    0.00   99.20
Average:      33    0.40    0.00    0.40    0.00    0.00    0.00    0.00    0.00    0.00   99.20
Average:      34    0.70    0.00    0.20    0.10    0.00    0.00    0.00    0.00    0.00   99.00
Average:      35    0.60    0.00    0.40    0.00    0.00    0.00    0.00    0.00    0.00   98.99
