Linux 5.15.0-186-generic (rapids4) 	07/28/2026 	_x86_64_	(36 CPU)

02:47:47 AM  CPU    %usr   %nice    %sys %iowait    %irq   %soft  %steal  %guest  %gnice   %idle
02:47:48 AM  all    2.01    0.00    2.81    0.00    0.00    1.64    0.00    0.00    0.00   93.54
02:47:48 AM    0    0.93    0.00    0.00    0.00    0.00   10.19    0.00    0.00    0.00   88.89
02:47:48 AM    1    1.01    0.00    1.01    0.00    0.00    0.00    0.00    0.00    0.00   97.98
02:47:48 AM    2    1.00    0.00    1.00    0.00    0.00    0.00    0.00    0.00    0.00   98.00
02:47:48 AM    3    1.98    0.00    0.99    0.00    0.00    0.00    0.00    0.00    0.00   97.03
02:47:48 AM    4    1.01    0.00    0.00    0.00    0.00    0.00    0.00    0.00    0.00   98.99
02:47:48 AM    5    2.00    0.00    0.00    0.00    0.00    0.00    0.00    0.00    0.00   98.00
02:47:48 AM    6    0.00    0.00    0.00    0.00    0.00    0.00    0.00    0.00    0.00  100.00
02:47:48 AM    7    2.02    0.00    4.04    0.00    0.00    0.00    0.00    0.00    0.00   93.94
02:47:48 AM    8    1.01    0.00    1.01    0.00    0.00    0.00    0.00    0.00    0.00   97.98
02:47:48 AM    9    1.00    0.00    1.00    0.00    0.00    0.00    0.00    0.00    0.00   98.00
02:47:48 AM   10    0.00    0.00    0.00    0.00    0.00    0.00    0.00    0.00    0.00  100.00
02:47:48 AM   11    1.01    0.00    0.00    0.00    0.00    0.00    0.00    0.00    0.00   98.99
02:47:48 AM   12    2.02    0.00    2.02    0.00    0.00    0.00    0.00    0.00    0.00   95.96
02:47:48 AM   13    1.01    0.00    0.00    0.00    0.00    0.00    0.00    0.00    0.00   98.99
02:47:48 AM   14    0.99    0.00    0.99    0.00    0.00    0.00    0.00    0.00    0.00   98.02
02:47:48 AM   15    1.98    0.00    0.00    0.00    0.00    0.00    0.00    0.00    0.00   98.02
02:47:48 AM   16    2.02    0.00    1.01    0.00    0.00    0.00    0.00    0.00    0.00   96.97
02:47:48 AM   17    1.00    0.00    1.00    0.00    0.00    0.00    0.00    0.00    0.00   98.00
02:47:48 AM   18    3.00    0.00    0.00    0.00    0.00    0.00    0.00    0.00    0.00   97.00
02:47:48 AM   19    1.00    0.00    0.00    0.00    0.00    0.00    0.00    0.00    0.00   99.00
02:47:48 AM   20    1.01    0.00    0.00    0.00    0.00    0.00    0.00    0.00    0.00   98.99
02:47:48 AM   21    0.99    0.00    0.00    0.00    0.00    0.00    0.00    0.00    0.00   99.01
02:47:48 AM   22   17.35    0.00   41.84    0.00    0.00   25.51    0.00    0.00    0.00   15.31
02:47:48 AM   23   17.00    0.00   44.00    0.00    0.00   23.00    0.00    0.00    0.00   16.00
02:47:48 AM   24    1.01    0.00    0.00    0.00    0.00    0.00    0.00    0.00    0.00   98.99
02:47:48 AM   25    1.00    0.00    0.00    0.00    0.00    0.00    0.00    0.00    0.00   99.00
02:47:48 AM   26    0.00    0.00    0.00    0.00    0.00    0.00    0.00    0.00    0.00  100.00
02:47:48 AM   27    1.01    0.00    0.00    0.00    0.00    0.00    0.00    0.00    0.00   98.99
02:47:48 AM   28    1.01    0.00    0.00    0.00    0.00    0.00    0.00    0.00    0.00   98.99
02:47:48 AM   29    0.00    0.00    0.00    0.00    0.00    0.00    0.00    0.00    0.00  100.00
02:47:48 AM   30    0.00    0.00    0.00    0.00    0.00    0.00    0.00    0.00    0.00  100.00
02:47:48 AM   31    1.00    0.00    0.00    0.00    0.00    0.00    0.00    0.00    0.00   99.00
02:47:48 AM   32    0.99    0.00    0.99    0.00    0.00    0.00    0.00    0.00    0.00   98.02
02:47:48 AM   33    2.00    0.00    0.00    0.00    0.00    0.00    0.00    0.00    0.00   98.00
02:47:48 AM   34    1.98    0.00    0.99    0.00    0.00    0.00    0.00    0.00    0.00   97.03
02:47:48 AM   35    0.00    0.00    0.00    0.00    0.00    0.00    0.00    0.00    0.00  100.00

02:47:48 AM  CPU    %usr   %nice    %sys %iowait    %irq   %soft  %steal  %guest  %gnice   %idle
02:47:49 AM  all    1.62    0.03    2.84    0.03    0.00    1.89    0.00    0.00    0.00   93.59
02:47:49 AM    0    0.00    0.00    0.00    0.00    0.00    5.88    0.00    0.00    0.00   94.12
02:47:49 AM    1    1.00    0.00    1.00    0.00    0.00    0.00    0.00    0.00    0.00   98.00
02:47:49 AM    2    1.00    0.00    0.00    0.00    0.00    1.00    0.00    0.00    0.00   98.00
02:47:49 AM    3    0.00    0.00    0.00    0.00    0.00    0.00    0.00    0.00    0.00  100.00
02:47:49 AM    4    0.00    0.00    0.00    0.00    0.00    0.00    0.00    0.00    0.00  100.00
02:47:49 AM    5    0.00    0.00    0.00    0.00    0.00    0.00    0.00    0.00    0.00  100.00
02:47:49 AM    6    0.99    0.00    0.99    0.00    0.00    0.00    0.00    0.00    0.00   98.02
02:47:49 AM    7    1.96    0.00    0.98    0.00    0.00    0.00    0.00    0.00    0.00   97.06
02:47:49 AM    8    2.00    0.00    0.00    0.00    0.00    0.00    0.00    0.00    0.00   98.00
02:47:49 AM    9    2.00    0.00    0.00    0.00    0.00    0.00    0.00    0.00    0.00   98.00
02:47:49 AM   10    1.96    0.00    0.98    0.00    0.00    0.00    0.00    0.00    0.00   97.06
02:47:49 AM   11    0.00    0.00    0.00    0.00    0.00    0.00    0.00    0.00    0.00  100.00
02:47:49 AM   12    0.00    0.00    0.00    0.00    0.00    0.00    0.00    0.00    0.00  100.00
02:47:49 AM   13    0.00    0.00    0.00    0.00    0.00    0.00    0.00    0.00    0.00  100.00
02:47:49 AM   14    0.00    0.00    0.00    0.00    0.00    0.00    0.00    0.00    0.00  100.00
02:47:49 AM   15    0.00    0.00    0.00    0.00    0.00    0.00    0.00    0.00    0.00  100.00
02:47:49 AM   16    0.00    0.00    0.00    0.00    0.00    0.00    0.00    0.00    0.00  100.00
02:47:49 AM   17    1.98    0.99    0.00    0.00    0.00    0.00    0.00    0.00    0.00   97.03
02:47:49 AM   18    0.00    0.00    0.00    0.00    0.00    0.00    0.00    0.00    0.00  100.00
02:47:49 AM   19    0.99    0.00    0.99    0.00    0.00    0.00    0.00    0.00    0.00   98.02
02:47:49 AM   20    0.00    0.00    0.00    0.00    0.00    0.00    0.00    0.00    0.00  100.00
02:47:49 AM   21    0.00    0.00    0.00    0.00    0.00    0.00    0.00    0.00    0.00  100.00
02:47:49 AM   22   19.00    0.00   49.00    0.00    0.00   32.00    0.00    0.00    0.00    0.00
02:47:49 AM   23   24.00    0.00   46.00    0.00    0.00   29.00    0.00    0.00    0.00    1.00
02:47:49 AM   24    0.00    0.00    1.01    0.00    0.00    0.00    0.00    0.00    0.00   98.99
02:47:49 AM   25    0.99    0.00    0.99    0.99    0.00    0.00    0.00    0.00    0.00   97.03
02:47:49 AM   26    0.00    0.00    0.00    0.00    0.00    0.00    0.00    0.00    0.00  100.00
02:47:49 AM   27    0.00    0.00    0.00    0.00    0.00    0.00    0.00    0.00    0.00  100.00
02:47:49 AM   28    0.00    0.00    0.00    0.00    0.00    0.00    0.00    0.00    0.00  100.00
02:47:49 AM   29    0.00    0.00    0.00    0.00    0.00    0.00    0.00    0.00    0.00  100.00
02:47:49 AM   30    0.00    0.00    0.00    0.00    0.00    0.00    0.00    0.00    0.00  100.00
02:47:49 AM   31    0.00    0.00    0.00    0.00    0.00    0.00    0.00    0.00    0.00  100.00
02:47:49 AM   32    0.00    0.00    0.00    0.00    0.00    0.00    0.00    0.00    0.00  100.00
02:47:49 AM   33    0.00    0.00    0.00    0.00    0.00    0.00    0.00    0.00    0.00  100.00
02:47:49 AM   34    0.00    0.00    0.00    0.00    0.00    0.00    0.00    0.00    0.00  100.00
02:47:49 AM   35    0.00    0.00    0.00    0.00    0.00    0.00    0.00    0.00    0.00  100.00

02:47:49 AM  CPU    %usr   %nice    %sys %iowait    %irq   %soft  %steal  %guest  %gnice   %idle
02:47:50 AM  all    1.90    0.03    3.16    0.08    0.00    2.18    0.00    0.00    0.00   92.65
02:47:50 AM    0    0.93    0.00    0.93    0.00    0.00    9.35    0.00    0.00    0.00   88.79
02:47:50 AM    1    3.92    0.00    1.96    0.98    0.00    0.98    0.00    0.00    0.00   92.16
02:47:50 AM    2    0.00    0.00    1.01    0.00    0.00    1.01    0.00    0.00    0.00   97.98
02:47:50 AM    3    2.00    0.00    1.00    0.00    0.00    0.00    0.00    0.00    0.00   97.00
02:47:50 AM    4    1.01    1.01    0.00    0.00    0.00    1.01    0.00    0.00    0.00   96.97
02:47:50 AM    5    2.02    0.00    0.00    0.00    0.00    0.00    0.00    0.00    0.00   97.98
02:47:50 AM    6    0.00    0.00    1.02    0.00    0.00    0.00    0.00    0.00    0.00   98.98
02:47:50 AM    7    2.06    0.00    6.19    0.00    0.00    0.00    0.00    0.00    0.00   91.75
02:47:50 AM    8    3.03    0.00    0.00    1.01    0.00    0.00    0.00    0.00    0.00   95.96
02:47:50 AM    9    2.00    0.00    1.00    0.00    0.00    0.00    0.00    0.00    0.00   97.00
02:47:50 AM   10    1.00    0.00    1.00    0.00    0.00    0.00    0.00    0.00    0.00   98.00
02:47:50 AM   11    1.00    0.00    1.00    0.00    0.00    0.00    0.00    0.00    0.00   98.00
02:47:50 AM   12    0.00    0.00    0.00    0.00    0.00    0.00    0.00    0.00    0.00  100.00
02:47:50 AM   13    1.01    0.00    1.01    0.00    0.00    0.00    0.00    0.00    0.00   97.98
02:47:50 AM   14    1.02    0.00    0.00    0.00    0.00    0.00    0.00    0.00    0.00   98.98
02:47:50 AM   15    1.03    0.00    0.00    0.00    0.00    0.00    0.00    0.00    0.00   98.97
02:47:50 AM   16    1.01    0.00    0.00    0.00    0.00    0.00    0.00    0.00    0.00   98.99
02:47:50 AM   17    1.02    0.00    0.00    0.00    0.00    0.00    0.00    0.00    0.00   98.98
02:47:50 AM   18    0.00    0.00    0.00    0.00    0.00    0.00    0.00    0.00    0.00  100.00
02:47:50 AM   19    0.00    0.00    0.00    0.00    0.00    0.00    0.00    0.00    0.00  100.00
02:47:50 AM   20    2.00    0.00    0.00    0.00    0.00    0.00    0.00    0.00    0.00   98.00
02:47:50 AM   21    0.00    0.00    1.00    0.00    0.00    0.00    0.00    0.00    0.00   99.00
02:47:50 AM   22   20.00    0.00   49.00    0.00    0.00   31.00    0.00    0.00    0.00    0.00
02:47:50 AM   23   18.00    0.00   45.00    0.00    0.00   33.00    0.00    0.00    0.00    4.00
02:47:50 AM   24    0.00    0.00    0.00    0.00    0.00    0.00    0.00    0.00    0.00  100.00
02:47:50 AM   25    0.00    0.00    1.01    0.00    0.00    0.00    0.00    0.00    0.00   98.99
02:47:50 AM   26    0.00    0.00    0.00    0.00    0.00    0.00    0.00    0.00    0.00  100.00
02:47:50 AM   27    0.00    0.00    0.00    0.00    0.00    0.00    0.00    0.00    0.00  100.00
02:47:50 AM   28    1.00    0.00    0.00    0.00    0.00    0.00    0.00    0.00    0.00   99.00
02:47:50 AM   29    0.00    0.00    0.00    0.00    0.00    0.00    0.00    0.00    0.00  100.00
02:47:50 AM   30    0.00    0.00    0.00    1.01    0.00    0.00    0.00    0.00    0.00   98.99
02:47:50 AM   31    0.00    0.00    0.00    0.00    0.00    0.00    0.00    0.00    0.00  100.00
02:47:50 AM   32    0.00    0.00    0.00    0.00    0.00    0.00    0.00    0.00    0.00  100.00
02:47:50 AM   33    2.00    0.00    1.00    0.00    0.00    0.00    0.00    0.00    0.00   97.00
02:47:50 AM   34    1.00    0.00    0.00    0.00    0.00    0.00    0.00    0.00    0.00   99.00
02:47:50 AM   35    0.00    0.00    0.00    0.00    0.00    1.00    0.00    0.00    0.00   99.00

02:47:50 AM  CPU    %usr   %nice    %sys %iowait    %irq   %soft  %steal  %guest  %gnice   %idle
02:47:51 AM  all    1.54    0.00    3.07    0.03    0.00    1.87    0.00    0.00    0.00   93.50
02:47:51 AM    0    1.90    0.00    0.00    0.00    0.00    7.62    0.00    0.00    0.00   90.48
02:47:51 AM    1    0.99    0.00    0.00    0.00    0.00    0.99    0.00    0.00    0.00   98.02
02:47:51 AM    2    0.00    0.00    0.00    0.00    0.00    0.00    0.00    0.00    0.00  100.00
02:47:51 AM    3    0.00    0.00    0.00    0.00    0.00    0.00    0.00    0.00    0.00  100.00
02:47:51 AM    4    1.00    0.00    1.00    0.00    0.00    0.00    0.00    0.00    0.00   98.00
02:47:51 AM    5    0.00    0.00    1.03    0.00    0.00    0.00    0.00    0.00    0.00   98.97
02:47:51 AM    6    0.00    0.00    0.00    0.00    0.00    0.00    0.00    0.00    0.00  100.00
02:47:51 AM    7    0.00    0.00    2.00    0.00    0.00    0.00    0.00    0.00    0.00   98.00
02:47:51 AM    8    0.00    0.00    0.00    0.00    0.00    0.00    0.00    0.00    0.00  100.00
02:47:51 AM    9    0.00    0.00    1.01    0.00    0.00    0.00    0.00    0.00    0.00   98.99
02:47:51 AM   10    1.00    0.00    0.00    0.00    0.00    0.00    0.00    0.00    0.00   99.00
02:47:51 AM   11    2.00    0.00    0.00    0.00    0.00    0.00    0.00    0.00    0.00   98.00
02:47:51 AM   12    0.00    0.00    1.01    0.00    0.00    0.00    0.00    0.00    0.00   98.99
02:47:51 AM   13    0.00    0.00    0.00    0.00    0.00    0.00    0.00    0.00    0.00  100.00
02:47:51 AM   14    0.00    0.00    0.00    0.00    0.00    0.00    0.00    0.00    0.00  100.00
02:47:51 AM   15    0.00    0.00    0.00    0.00    0.00    0.00    0.00    0.00    0.00  100.00
02:47:51 AM   16    0.00    0.00    0.00    0.00    0.00    0.00    0.00    0.00    0.00  100.00
02:47:51 AM   17    1.00    0.00    0.00    0.00    0.00    0.00    0.00    0.00    0.00   99.00
02:47:51 AM   18    0.99    0.00    0.99    0.00    0.00    0.00    0.00    0.00    0.00   98.02
02:47:51 AM   19    0.00    0.00    0.00    0.00    0.00    0.00    0.00    0.00    0.00  100.00
02:47:51 AM   20    1.00    0.00    1.00    0.00    0.00    0.00    0.00    0.00    0.00   98.00
02:47:51 AM   21    1.01    0.00    0.00    0.00    0.00    0.00    0.00    0.00    0.00   98.99
02:47:51 AM   22   22.77    0.00   50.50    0.00    0.00   25.74    0.00    0.00    0.00    0.99
02:47:51 AM   23   15.15    0.00   47.47    0.00    0.00   32.32    0.00    0.00    0.00    5.05
02:47:51 AM   24    1.00    0.00    1.00    0.00    0.00    0.00    0.00    0.00    0.00   98.00
02:47:51 AM   25    0.00    0.00    0.00    0.00    0.00    0.00    0.00    0.00    0.00  100.00
02:47:51 AM   26    1.00    0.00    1.00    0.00    0.00    0.00    0.00    0.00    0.00   98.00
02:47:51 AM   27    0.00    0.00    0.00    0.00    0.00    0.00    0.00    0.00    0.00  100.00
02:47:51 AM   28    0.00    0.00    0.00    0.00    0.00    0.00    0.00    0.00    0.00  100.00
02:47:51 AM   29    0.00    0.00    1.01    1.01    0.00    0.00    0.00    0.00    0.00   97.98
02:47:51 AM   30    0.00    0.00    0.00    0.00    0.00    0.00    0.00    0.00    0.00  100.00
02:47:51 AM   31    0.00    0.00    1.00    0.00    0.00    0.00    0.00    0.00    0.00   99.00
02:47:51 AM   32    1.00    0.00    0.00    0.00    0.00    0.00    0.00    0.00    0.00   99.00
02:47:51 AM   33    0.00    0.00    0.00    0.00    0.00    0.00    0.00    0.00    0.00  100.00
02:47:51 AM   34    1.00    0.00    0.00    0.00    0.00    0.00    0.00    0.00    0.00   99.00
02:47:51 AM   35    2.00    0.00    0.00    0.00    0.00    0.00    0.00    0.00    0.00   98.00

02:47:51 AM  CPU    %usr   %nice    %sys %iowait    %irq   %soft  %steal  %guest  %gnice   %idle
02:47:52 AM  all    1.40    0.00    3.33    0.08    0.00    1.90    0.00    0.00    0.00   93.28
02:47:52 AM    0    0.97    0.00    0.97    0.00    0.00    4.85    0.00    0.00    0.00   93.20
02:47:52 AM    1    0.00    0.00    0.00    0.00    0.00    1.00    0.00    0.00    0.00   99.00
02:47:52 AM    2    1.98    0.00    0.00    0.99    0.00    0.00    0.00    0.00    0.00   97.03
02:47:52 AM    3    0.00    0.00    0.00    0.00    0.00    0.00    0.00    0.00    0.00  100.00
02:47:52 AM    4    0.00    0.00    0.00    0.00    0.00    0.00    0.00    0.00    0.00  100.00
02:47:52 AM    5    1.01    0.00    0.00    0.00    0.00    0.00    0.00    0.00    0.00   98.99
02:47:52 AM    6    1.00    0.00    0.00    0.00    0.00    0.00    0.00    0.00    0.00   99.00
02:47:52 AM    7    2.02    0.00    5.05    0.00    0.00    0.00    0.00    0.00    0.00   92.93
02:47:52 AM    8    0.00    0.00    0.00    0.00    0.00    0.00    0.00    0.00    0.00  100.00
02:47:52 AM    9    0.00    0.00    0.00    0.00    0.00    0.00    0.00    0.00    0.00  100.00
02:47:52 AM   10    0.00    0.00    0.00    0.00    0.00    0.00    0.00    0.00    0.00  100.00
02:47:52 AM   11    0.00    0.00    1.01    0.00    0.00    0.00    0.00    0.00    0.00   98.99
02:47:52 AM   12    0.00    0.00    0.00    0.00    0.00    0.00    0.00    0.00    0.00  100.00
02:47:52 AM   13    1.01    0.00    0.00    0.00    0.00    0.00    0.00    0.00    0.00   98.99
02:47:52 AM   14    1.00    0.00    1.00    0.00    0.00    0.00    0.00    0.00    0.00   98.00
02:47:52 AM   15    0.00    0.00    1.01    0.00    0.00    0.00    0.00    0.00    0.00   98.99
02:47:52 AM   16    1.01    0.00    0.00    0.00    0.00    0.00    0.00    0.00    0.00   98.99
02:47:52 AM   17    0.00    0.00    0.00    0.00    0.00    0.00    0.00    0.00    0.00  100.00
02:47:52 AM   18    0.00    0.00    1.00    1.00    0.00    0.00    0.00    0.00    0.00   98.00
02:47:52 AM   19    1.00    0.00    1.00    0.00    0.00    0.00    0.00    0.00    0.00   98.00
02:47:52 AM   20    1.02    0.00    0.00    0.00    0.00    0.00    0.00    0.00    0.00   98.98
02:47:52 AM   21    1.02    0.00    0.00    0.00    0.00    0.00    0.00    0.00    0.00   98.98
02:47:52 AM   22   11.00    0.00   53.00    0.00    0.00   36.00    0.00    0.00    0.00    0.00
02:47:52 AM   23   18.00    0.00   52.00    0.00    0.00   26.00    0.00    0.00    0.00    4.00
02:47:52 AM   24    1.02    0.00    0.00    0.00    0.00    0.00    0.00    0.00    0.00   98.98
02:47:52 AM   25    2.00    0.00    1.00    0.00    0.00    0.00    0.00    0.00    0.00   97.00
02:47:52 AM   26    1.01    0.00    0.00    1.01    0.00    0.00    0.00    0.00    0.00   97.98
02:47:52 AM   27    1.01    0.00    0.00    0.00    0.00    0.00    0.00    0.00    0.00   98.99
02:47:52 AM   28    1.01    0.00    0.00    0.00    0.00    0.00    0.00    0.00    0.00   98.99
02:47:52 AM   29    0.00    0.00    0.00    0.00    0.00    0.00    0.00    0.00    0.00  100.00
02:47:52 AM   30    0.99    0.00    0.99    0.00    0.00    0.00    0.00    0.00    0.00   98.02
02:47:52 AM   31    0.00    0.00    0.00    0.00    0.00    0.00    0.00    0.00    0.00  100.00
02:47:52 AM   32    0.00    0.00    0.00    0.00    0.00    0.00    0.00    0.00    0.00  100.00
02:47:52 AM   33    0.00    0.00    0.00    0.00    0.00    0.00    0.00    0.00    0.00  100.00
02:47:52 AM   34    0.00    0.00    0.00    0.00    0.00    0.00    0.00    0.00    0.00  100.00
02:47:52 AM   35    1.00    0.00    1.00    0.00    0.00    0.00    0.00    0.00    0.00   98.00

02:47:52 AM  CPU    %usr   %nice    %sys %iowait    %irq   %soft  %steal  %guest  %gnice   %idle
02:47:53 AM  all    2.18    0.03    3.30    0.03    0.00    2.01    0.00    0.00    0.00   92.45
02:47:53 AM    0    1.92    0.00    0.00    0.00    0.00    7.69    0.00    0.00    0.00   90.38
02:47:53 AM    1    1.00    1.00    0.00    0.00    0.00    1.00    0.00    0.00    0.00   97.00
02:47:53 AM    2    2.00    0.00    0.00    1.00    0.00    1.00    0.00    0.00    0.00   96.00
02:47:53 AM    3    2.02    0.00    0.00    0.00    0.00    1.01    0.00    0.00    0.00   96.97
02:47:53 AM    4    1.00    0.00    1.00    0.00    0.00    0.00    0.00    0.00    0.00   98.00
02:47:53 AM    5    1.02    0.00    0.00    0.00    0.00    0.00    0.00    0.00    0.00   98.98
02:47:53 AM    6    1.01    0.00    0.00    0.00    0.00    0.00    0.00    0.00    0.00   98.99
02:47:53 AM    7    4.04    0.00    6.06    0.00    0.00    0.00    0.00    0.00    0.00   89.90
02:47:53 AM    8    1.02    0.00    1.02    0.00    0.00    0.00    0.00    0.00    0.00   97.96
02:47:53 AM    9    3.00    0.00    0.00    0.00    0.00    0.00    0.00    0.00    0.00   97.00
02:47:53 AM   10    1.00    0.00    0.00    0.00    0.00    0.00    0.00    0.00    0.00   99.00
02:47:53 AM   11    0.99    0.00    0.99    0.00    0.00    0.00    0.00    0.00    0.00   98.02
02:47:53 AM   12    1.00    0.00    0.00    0.00    0.00    0.00    0.00    0.00    0.00   99.00
02:47:53 AM   13    1.00    0.00    0.00    0.00    0.00    0.00    0.00    0.00    0.00   99.00
02:47:53 AM   14    1.01    0.00    0.00    0.00    0.00    1.01    0.00    0.00    0.00   97.98
02:47:53 AM   15    1.01    0.00    1.01    0.00    0.00    0.00    0.00    0.00    0.00   97.98
02:47:53 AM   16    2.02    0.00    0.00    0.00    0.00    0.00    0.00    0.00    0.00   97.98
02:47:53 AM   17    2.00    0.00    1.00    0.00    0.00    0.00    0.00    0.00    0.00   97.00
02:47:53 AM   18    1.01    0.00    0.00    0.00    0.00    0.00    0.00    0.00    0.00   98.99
02:47:53 AM   19    1.01    0.00    0.00    0.00    0.00    0.00    0.00    0.00    0.00   98.99
02:47:53 AM   20    0.00    0.00    0.00    0.00    0.00    0.00    0.00    0.00    0.00  100.00
02:47:53 AM   21    0.00    0.00    0.00    0.00    0.00    0.00    0.00    0.00    0.00  100.00
02:47:53 AM   22   17.17    0.00   47.47    0.00    0.00   35.35    0.00    0.00    0.00    0.00
02:47:53 AM   23   18.37    0.00   53.06    0.00    0.00   25.51    0.00    0.00    0.00    3.06
02:47:53 AM   24    0.00    0.00    1.01    0.00    0.00    0.00    0.00    0.00    0.00   98.99
02:47:53 AM   25    6.06    0.00    1.01    0.00    0.00    0.00    0.00    0.00    0.00   92.93
02:47:53 AM   26    0.00    0.00    0.00    0.00    0.00    0.00    0.00    0.00    0.00  100.00
02:47:53 AM   27    0.00    0.00    1.01    0.00    0.00    0.00    0.00    0.00    0.00   98.99
02:47:53 AM   28    1.01    0.00    0.00    0.00    0.00    0.00    0.00    0.00    0.00   98.99
02:47:53 AM   29    1.00    0.00    1.00    0.00    0.00    0.00    0.00    0.00    0.00   98.00
02:47:53 AM   30    2.02    0.00    1.01    0.00    0.00    0.00    0.00    0.00    0.00   96.97
02:47:53 AM   31    2.00    0.00    1.00    0.00    0.00    0.00    0.00    0.00    0.00   97.00
02:47:53 AM   32    1.01    0.00    0.00    0.00    0.00    0.00    0.00    0.00    0.00   98.99
02:47:53 AM   33    0.00    0.00    0.00    0.00    0.00    0.00    0.00    0.00    0.00  100.00
02:47:53 AM   34    0.00    0.00    1.01    0.00    0.00    0.00    0.00    0.00    0.00   98.99
02:47:53 AM   35    0.00    0.00    1.01    0.00    0.00    0.00    0.00    0.00    0.00   98.99

02:47:53 AM  CPU    %usr   %nice    %sys %iowait    %irq   %soft  %steal  %guest  %gnice   %idle
02:47:54 AM  all    1.90    0.00    2.93    0.14    0.00    2.01    0.00    0.00    0.00   93.02
02:47:54 AM    0    0.00    0.00    0.00    0.00    0.00    6.86    0.00    0.00    0.00   93.14
02:47:54 AM    1    1.01    0.00    0.00    0.00    0.00    0.00    0.00    0.00    0.00   98.99
02:47:54 AM    2    2.02    0.00    0.00    0.00    0.00    0.00    0.00    0.00    0.00   97.98
02:47:54 AM    3    1.98    0.00    0.99    1.98    0.00    0.00    0.00    0.00    0.00   95.05
02:47:54 AM    4    1.01    0.00    0.00    0.00    0.00    0.00    0.00    0.00    0.00   98.99
02:47:54 AM    5    2.02    0.00    0.00    0.00    0.00    0.00    0.00    0.00    0.00   97.98
02:47:54 AM    6    2.00    0.00    0.00    0.00    0.00    0.00    0.00    0.00    0.00   98.00
02:47:54 AM    7    0.00    0.00    0.00    0.00    0.00    0.00    0.00    0.00    0.00  100.00
02:47:54 AM    8    1.98    0.00    0.99    0.00    0.00    0.00    0.00    0.00    0.00   97.03
02:47:54 AM    9    1.00    0.00    0.00    0.00    0.00    1.00    0.00    0.00    0.00   98.00
02:47:54 AM   10    1.01    0.00    0.00    1.01    0.00    0.00    0.00    0.00    0.00   97.98
02:47:54 AM   11    2.97    0.00    0.00    0.00    0.00    0.00    0.00    0.00    0.00   97.03
02:47:54 AM   12    1.01    0.00    0.00    0.00    0.00    0.00    0.00    0.00    0.00   98.99
02:47:54 AM   13    1.00    0.00    1.00    0.00    0.00    0.00    0.00    0.00    0.00   98.00
02:47:54 AM   14    0.00    0.00    0.00    0.00    0.00    0.00    0.00    0.00    0.00  100.00
02:47:54 AM   15    0.00    0.00    1.00    1.00    0.00    0.00    0.00    0.00    0.00   98.00
02:47:54 AM   16    1.01    0.00    0.00    0.00    0.00    0.00    0.00    0.00    0.00   98.99
02:47:54 AM   17    0.00    0.00    1.00    1.00    0.00    0.00    0.00    0.00    0.00   98.00
02:47:54 AM   18    1.01    0.00    0.00    0.00    0.00    0.00    0.00    0.00    0.00   98.99
02:47:54 AM   19    0.00    0.00    0.00    0.00    0.00    0.00    0.00    0.00    0.00  100.00
02:47:54 AM   20    0.00    0.00    1.01    0.00    0.00    0.00    0.00    0.00    0.00   98.99
02:47:54 AM   21    0.00    0.00    0.00    0.00    0.00    0.00    0.00    0.00    0.00  100.00
02:47:54 AM   22   17.82    0.00   46.53    0.00    0.00   35.64    0.00    0.00    0.00    0.00
02:47:54 AM   23   18.81    0.00   49.50    0.00    0.00   27.72    0.00    0.00    0.00    3.96
02:47:54 AM   24    0.00    0.00    0.00    0.00    0.00    0.00    0.00    0.00    0.00  100.00
02:47:54 AM   25    1.02    0.00    0.00    0.00    0.00    0.00    0.00    0.00    0.00   98.98
02:47:54 AM   26    1.00    0.00    0.00    0.00    0.00    0.00    0.00    0.00    0.00   99.00
02:47:54 AM   27    1.00    0.00    0.00    0.00    0.00    0.00    0.00    0.00    0.00   99.00
02:47:54 AM   28    0.00    0.00    1.00    0.00    0.00    0.00    0.00    0.00    0.00   99.00
02:47:54 AM   29    2.00    0.00    0.00    0.00    0.00    0.00    0.00    0.00    0.00   98.00
02:47:54 AM   30    1.02    0.00    0.00    0.00    0.00    0.00    0.00    0.00    0.00   98.98
02:47:54 AM   31    1.02    0.00    0.00    0.00    0.00    0.00    0.00    0.00    0.00   98.98
02:47:54 AM   32    0.00    0.00    1.01    0.00    0.00    0.00    0.00    0.00    0.00   98.99
02:47:54 AM   33    1.01    0.00    0.00    0.00    0.00    0.00    0.00    0.00    0.00   98.99
02:47:54 AM   34    1.00    0.00    0.00    0.00    0.00    0.00    0.00    0.00    0.00   99.00
02:47:54 AM   35    1.00    0.00    0.00    0.00    0.00    0.00    0.00    0.00    0.00   99.00

02:47:54 AM  CPU    %usr   %nice    %sys %iowait    %irq   %soft  %steal  %guest  %gnice   %idle
02:47:55 AM  all    1.96    0.00    3.38    0.00    0.00    2.01    0.00    0.00    0.00   92.65
02:47:55 AM    0    0.93    0.00    0.93    0.00    0.00    9.35    0.00    0.00    0.00   88.79
02:47:55 AM    1    0.98    0.00    0.98    0.00    0.00    1.96    0.00    0.00    0.00   96.08
02:47:55 AM    2    3.00    0.00    0.00    0.00    0.00    0.00    0.00    0.00    0.00   97.00
02:47:55 AM    3    1.03    0.00    0.00    0.00    0.00    0.00    0.00    0.00    0.00   98.97
02:47:55 AM    4    2.00    0.00    2.00    0.00    0.00    0.00    0.00    0.00    0.00   96.00
02:47:55 AM    5    1.01    0.00    1.01    0.00    0.00    0.00    0.00    0.00    0.00   97.98
02:47:55 AM    6    1.01    0.00    1.01    0.00    0.00    0.00    0.00    0.00    0.00   97.98
02:47:55 AM    7    2.02    0.00    7.07    0.00    0.00    0.00    0.00    0.00    0.00   90.91
02:47:55 AM    8    0.00    0.00    1.02    0.00    0.00    0.00    0.00    0.00    0.00   98.98
02:47:55 AM    9    1.00    0.00    1.00    0.00    0.00    1.00    0.00    0.00    0.00   97.00
02:47:55 AM   10    1.00    0.00    1.00    0.00    0.00    0.00    0.00    0.00    0.00   98.00
02:47:55 AM   11    0.00    0.00    0.00    0.00    0.00    0.00    0.00    0.00    0.00  100.00
02:47:55 AM   12    2.00    0.00    4.00    0.00    0.00    0.00    0.00    0.00    0.00   94.00
02:47:55 AM   13    1.01    0.00    1.01    0.00    0.00    0.00    0.00    0.00    0.00   97.98
02:47:55 AM   14    1.01    0.00    0.00    0.00    0.00    0.00    0.00    0.00    0.00   98.99
02:47:55 AM   15    1.01    0.00    0.00    0.00    0.00    0.00    0.00    0.00    0.00   98.99
02:47:55 AM   16    0.00    0.00    0.00    0.00    0.00    0.00    0.00    0.00    0.00  100.00
02:47:55 AM   17    0.00    0.00    0.00    0.00    0.00    0.00    0.00    0.00    0.00  100.00
02:47:55 AM   18    2.00    0.00    0.00    0.00    0.00    0.00    0.00    0.00    0.00   98.00
02:47:55 AM   19    0.00    0.00    1.01    0.00    0.00    0.00    0.00    0.00    0.00   98.99
02:47:55 AM   20    1.00    0.00    0.00    0.00    0.00    0.00    0.00    0.00    0.00   99.00
02:47:55 AM   21    1.01    0.00    0.00    0.00    0.00    0.00    0.00    0.00    0.00   98.99
02:47:55 AM   22   21.00    0.00   50.00    0.00    0.00   29.00    0.00    0.00    0.00    0.00
02:47:55 AM   23   18.75    0.00   45.83    0.00    0.00   31.25    0.00    0.00    0.00    4.17
02:47:55 AM   24    1.00    0.00    1.00    0.00    0.00    0.00    0.00    0.00    0.00   98.00
02:47:55 AM   25    0.00    0.00    0.00    0.00    0.00    0.00    0.00    0.00    0.00  100.00
02:47:55 AM   26    0.00    0.00    1.00    0.00    0.00    0.00    0.00    0.00    0.00   99.00
02:47:55 AM   27    1.01    0.00    0.00    0.00    0.00    0.00    0.00    0.00    0.00   98.99
02:47:55 AM   28    0.00    0.00    0.00    0.00    0.00    0.00    0.00    0.00    0.00  100.00
02:47:55 AM   29    1.98    0.00    0.00    0.00    0.00    0.00    0.00    0.00    0.00   98.02
02:47:55 AM   30    0.00    0.00    1.01    0.00    0.00    0.00    0.00    0.00    0.00   98.99
02:47:55 AM   31    1.00    0.00    1.00    0.00    0.00    0.00    0.00    0.00    0.00   98.00
02:47:55 AM   32    1.02    0.00    0.00    0.00    0.00    0.00    0.00    0.00    0.00   98.98
02:47:55 AM   33    1.01    0.00    0.00    0.00    0.00    0.00    0.00    0.00    0.00   98.99
02:47:55 AM   34    0.00    0.00    0.00    0.00    0.00    0.00    0.00    0.00    0.00  100.00
02:47:55 AM   35    1.01    0.00    1.01    0.00    0.00    0.00    0.00    0.00    0.00   97.98

02:47:55 AM  CPU    %usr   %nice    %sys %iowait    %irq   %soft  %steal  %guest  %gnice   %idle
02:47:56 AM  all    1.95    0.00    3.09    0.06    0.00    2.01    0.00    0.00    0.00   92.89
02:47:56 AM    0    0.95    0.00    0.00    0.00    0.00    7.62    0.00    0.00    0.00   91.43
02:47:56 AM    1    0.99    0.00    0.99    0.00    0.00    0.99    0.00    0.00    0.00   97.03
02:47:56 AM    2    1.00    0.00    0.00    0.00    0.00    0.00    0.00    0.00    0.00   99.00
02:47:56 AM    3    1.00    0.00    0.00    0.00    0.00    0.00    0.00    0.00    0.00   99.00
02:47:56 AM    4    0.00    0.00    0.00    0.00    0.00    0.00    0.00    0.00    0.00  100.00
02:47:56 AM    5    1.01    0.00    0.00    0.00    0.00    0.00    0.00    0.00    0.00   98.99
02:47:56 AM    6    1.00    0.00    1.00    0.00    0.00    0.00    0.00    0.00    0.00   98.00
02:47:56 AM    7    3.00    0.00    6.00    0.00    0.00    0.00    0.00    0.00    0.00   91.00
02:47:56 AM    8    1.98    0.00    0.00    0.00    0.00    0.00    0.00    0.00    0.00   98.02
02:47:56 AM    9    0.99    0.00    1.98    0.00    0.00    0.00    0.00    0.00    0.00   97.03
02:47:56 AM   10    1.01    0.00    0.00    0.00    0.00    0.00    0.00    0.00    0.00   98.99
02:47:56 AM   11    1.00    0.00    0.00    0.00    0.00    0.00    0.00    0.00    0.00   99.00
02:47:56 AM   12    2.04    0.00    2.04    0.00    0.00    0.00    0.00    0.00    0.00   95.92
02:47:56 AM   13    1.01    0.00    0.00    0.00    0.00    0.00    0.00    0.00    0.00   98.99
02:47:56 AM   14    1.00    0.00    0.00    0.00    0.00    0.00    0.00    0.00    0.00   99.00
02:47:56 AM   15    0.99    0.00    0.99    0.00    0.00    0.99    0.00    0.00    0.00   97.03
02:47:56 AM   16    1.01    0.00    0.00    0.00    0.00    0.00    0.00    0.00    0.00   98.99
02:47:56 AM   17    1.01    0.00    0.00    0.00    0.00    0.00    0.00    0.00    0.00   98.99
02:47:56 AM   18    1.00    0.00    2.00    0.00    0.00    0.00    0.00    0.00    0.00   97.00
02:47:56 AM   19    1.01    0.00    0.00    0.00    0.00    0.00    0.00    0.00    0.00   98.99
02:47:56 AM   20    0.00    0.00    0.00    0.00    0.00    0.00    0.00    0.00    0.00  100.00
02:47:56 AM   21    0.00    0.00    0.00    0.00    0.00    0.00    0.00    0.00    0.00  100.00
02:47:56 AM   22   17.00    0.00   50.00    0.00    0.00   33.00    0.00    0.00    0.00    0.00
02:47:56 AM   23   25.00    0.00   42.00    0.00    0.00   29.00    0.00    0.00    0.00    4.00
02:47:56 AM   24    0.00    0.00    0.00    0.00    0.00    0.00    0.00    0.00    0.00  100.00
02:47:56 AM   25    1.00    0.00    1.00    0.00    0.00    0.00    0.00    0.00    0.00   98.00
02:47:56 AM   26    1.01    0.00    0.00    0.00    0.00    0.00    0.00    0.00    0.00   98.99
02:47:56 AM   27    0.00    0.00    0.00    0.00    0.00    0.00    0.00    0.00    0.00  100.00
02:47:56 AM   28    0.00    0.00    0.00    0.00    0.00    0.00    0.00    0.00    0.00  100.00
02:47:56 AM   29    0.00    0.00    0.00    1.01    0.00    0.00    0.00    0.00    0.00   98.99
02:47:56 AM   30    0.00    0.00    0.00    0.00    0.00    0.00    0.00    0.00    0.00  100.00
02:47:56 AM   31    1.00    0.00    0.00    1.00    0.00    0.00    0.00    0.00    0.00   98.00
02:47:56 AM   32    1.01    0.00    1.01    0.00    0.00    0.00    0.00    0.00    0.00   97.98
02:47:56 AM   33    0.00    0.00    1.00    0.00    0.00    0.00    0.00    0.00    0.00   99.00
02:47:56 AM   34    1.00    0.00    0.00    0.00    0.00    0.00    0.00    0.00    0.00   99.00
02:47:56 AM   35    0.00    0.00    1.00    0.00    0.00    0.00    0.00    0.00    0.00   99.00

02:47:56 AM  CPU    %usr   %nice    %sys %iowait    %irq   %soft  %steal  %guest  %gnice   %idle
02:47:57 AM  all    1.76    0.06    3.02    0.03    0.00    1.87    0.00    0.00    0.00   93.27
02:47:57 AM    0    0.00    0.00    0.98    0.00    0.00    5.88    0.00    0.00    0.00   93.14
02:47:57 AM    1    0.00    0.00    0.00    0.00    0.00    1.01    0.00    0.00    0.00   98.99
02:47:57 AM    2    0.00    0.00    0.00    0.00    0.00    0.00    0.00    0.00    0.00  100.00
02:47:57 AM    3    1.01    0.00    0.00    0.00    0.00    0.00    0.00    0.00    0.00   98.99
02:47:57 AM    4    0.00    0.00    0.00    0.00    0.00    0.00    0.00    0.00    0.00  100.00
02:47:57 AM    5    1.00    0.00    1.00    0.00    0.00    0.00    0.00    0.00    0.00   98.00
02:47:57 AM    6    0.00    0.00    0.00    0.00    0.00    1.02    0.00    0.00    0.00   98.98
02:47:57 AM    7    2.02    0.00    0.00    1.01    0.00    0.00    0.00    0.00    0.00   96.97
02:47:57 AM    8    0.00    0.00    1.02    0.00    0.00    0.00    0.00    0.00    0.00   98.98
02:47:57 AM    9    1.01    0.00    0.00    0.00    0.00    0.00    0.00    0.00    0.00   98.99
02:47:57 AM   10    0.00    0.00    1.01    0.00    0.00    0.00    0.00    0.00    0.00   98.99
02:47:57 AM   11    0.00    0.00    0.00    0.00    0.00    0.00    0.00    0.00    0.00  100.00
02:47:57 AM   12    0.99    0.00    0.99    0.00    0.00    0.00    0.00    0.00    0.00   98.02
02:47:57 AM   13    0.00    0.00    1.01    0.00    0.00    0.00    0.00    0.00    0.00   98.99
02:47:57 AM   14    1.02    0.00    0.00    0.00    0.00    0.00    0.00    0.00    0.00   98.98
02:47:57 AM   15    0.00    0.00    0.00    0.00    0.00    0.00    0.00    0.00    0.00  100.00
02:47:57 AM   16    0.98    0.98    0.00    0.00    0.00    0.98    0.00    0.00    0.00   97.06
02:47:57 AM   17    0.00    1.00    1.00    0.00    0.00    0.00    0.00    0.00    0.00   98.00
02:47:57 AM   18    1.98    0.00    0.00    0.00    0.00    0.00    0.00    0.00    0.00   98.02
02:47:57 AM   19    1.00    0.00    0.00    0.00    0.00    0.00    0.00    0.00    0.00   99.00
02:47:57 AM   20    1.01    0.00    0.00    0.00    0.00    0.00    0.00    0.00    0.00   98.99
02:47:57 AM   21    1.01    0.00    0.00    0.00    0.00    0.00    0.00    0.00    0.00   98.99
02:47:57 AM   22   22.00    0.00   49.00    0.00    0.00   29.00    0.00    0.00    0.00    0.00
02:47:57 AM   23   19.80    0.00   47.52    0.00    0.00   28.71    0.00    0.00    0.00    3.96
02:47:57 AM   24    1.00    0.00    2.00    0.00    0.00    0.00    0.00    0.00    0.00   97.00
02:47:57 AM   25    1.00    0.00    1.00    0.00    0.00    0.00    0.00    0.00    0.00   98.00
02:47:57 AM   26    1.00    0.00    0.00    0.00    0.00    0.00    0.00    0.00    0.00   99.00
02:47:57 AM   27    0.00    0.00    0.00    0.00    0.00    0.00    0.00    0.00    0.00  100.00
02:47:57 AM   28    0.00    0.00    0.00    0.00    0.00    0.00    0.00    0.00    0.00  100.00
02:47:57 AM   29    1.00    0.00    1.00    0.00    0.00    0.00    0.00    0.00    0.00   98.00
02:47:57 AM   30    0.00    0.00    0.00    0.00    0.00    0.00    0.00    0.00    0.00  100.00
02:47:57 AM   31    1.00    0.00    0.00    0.00    0.00    0.00    0.00    0.00    0.00   99.00
02:47:57 AM   32    1.01    0.00    0.00    0.00    0.00    0.00    0.00    0.00    0.00   98.99
02:47:57 AM   33    1.01    0.00    0.00    0.00    0.00    0.00    0.00    0.00    0.00   98.99
02:47:57 AM   34    0.00    0.00    0.00    0.00    0.00    0.00    0.00    0.00    0.00  100.00
02:47:57 AM   35    1.01    0.00    0.00    0.00    0.00    0.00    0.00    0.00    0.00   98.99

Average:     CPU    %usr   %nice    %sys %iowait    %irq   %soft  %steal  %guest  %gnice   %idle
Average:     all    1.82    0.01    3.09    0.05    0.00    1.94    0.00    0.00    0.00   93.08
Average:       0    0.86    0.00    0.38    0.00    0.00    7.56    0.00    0.00    0.00   91.20
Average:       1    1.10    0.10    0.60    0.10    0.00    0.80    0.00    0.00    0.00   97.31
Average:       2    1.20    0.00    0.20    0.20    0.00    0.30    0.00    0.00    0.00   98.09
Average:       3    1.11    0.00    0.30    0.20    0.00    0.10    0.00    0.00    0.00   98.29
Average:       4    0.70    0.10    0.40    0.00    0.00    0.10    0.00    0.00    0.00   98.69
Average:       5    1.11    0.00    0.30    0.00    0.00    0.00    0.00    0.00    0.00   98.58
Average:       6    0.71    0.00    0.40    0.00    0.00    0.10    0.00    0.00    0.00   98.79
Average:       7    1.91    0.00    3.73    0.10    0.00    0.00    0.00    0.00    0.00   94.26
Average:       8    1.11    0.00    0.50    0.10    0.00    0.00    0.00    0.00    0.00   98.29
Average:       9    1.20    0.00    0.60    0.00    0.00    0.20    0.00    0.00    0.00   97.99
Average:      10    0.80    0.00    0.40    0.10    0.00    0.00    0.00    0.00    0.00   98.69
Average:      11    0.91    0.00    0.30    0.00    0.00    0.00    0.00    0.00    0.00   98.79
Average:      12    0.91    0.00    1.01    0.00    0.00    0.00    0.00    0.00    0.00   98.08
Average:      13    0.71    0.00    0.40    0.00    0.00    0.00    0.00    0.00    0.00   98.89
Average:      14    0.71    0.00    0.20    0.00    0.00    0.10    0.00    0.00    0.00   98.99
Average:      15    0.60    0.00    0.40    0.10    0.00    0.10    0.00    0.00    0.00   98.79
Average:      16    0.91    0.10    0.10    0.00    0.00    0.10    0.00    0.00    0.00   98.79
Average:      17    0.80    0.20    0.40    0.10    0.00    0.00    0.00    0.00    0.00   98.49
Average:      18    1.10    0.00    0.40    0.10    0.00    0.00    0.00    0.00    0.00   98.40
Average:      19    0.60    0.00    0.30    0.00    0.00    0.00    0.00    0.00    0.00   99.09
Average:      20    0.70    0.00    0.20    0.00    0.00    0.00    0.00    0.00    0.00   99.09
Average:      21    0.51    0.00    0.10    0.00    0.00    0.00    0.00    0.00    0.00   99.39
Average:      22   18.52    0.00   48.65    0.00    0.00   31.23    0.00    0.00    0.00    1.60
Average:      23   19.30    0.00   47.24    0.00    0.00   28.54    0.00    0.00    0.00    4.92
Average:      24    0.51    0.00    0.61    0.00    0.00    0.00    0.00    0.00    0.00   98.89
Average:      25    1.31    0.00    0.60    0.10    0.00    0.00    0.00    0.00    0.00   97.99
Average:      26    0.50    0.00    0.20    0.10    0.00    0.00    0.00    0.00    0.00   99.20
Average:      27    0.40    0.00    0.10    0.00    0.00    0.00    0.00    0.00    0.00   99.50
Average:      28    0.40    0.00    0.10    0.00    0.00    0.00    0.00    0.00    0.00   99.50
Average:      29    0.60    0.00    0.30    0.20    0.00    0.00    0.00    0.00    0.00   98.89
Average:      30    0.40    0.00    0.30    0.10    0.00    0.00    0.00    0.00    0.00   99.19
Average:      31    0.70    0.00    0.30    0.10    0.00    0.00    0.00    0.00    0.00   98.90
Average:      32    0.60    0.00    0.30    0.00    0.00    0.00    0.00    0.00    0.00   99.09
Average:      33    0.70    0.00    0.20    0.00    0.00    0.00    0.00    0.00    0.00   99.09
Average:      34    0.60    0.00    0.20    0.00    0.00    0.00    0.00    0.00    0.00   99.20
Average:      35    0.60    0.00    0.40    0.00    0.00    0.10    0.00    0.00    0.00   98.89
