Linux 5.15.0-186-generic (rapids4) 	07/28/2026 	_x86_64_	(36 CPU)

02:52:13 AM  CPU    %usr   %nice    %sys %iowait    %irq   %soft  %steal  %guest  %gnice   %idle
02:52:14 AM  all    0.79    0.00    0.99    0.06    0.00    0.39    0.00    0.00    0.00   97.77
02:52:14 AM    0    3.06    0.00    6.12    0.00    0.00    0.00    0.00    0.00    0.00   90.82
02:52:14 AM    1    0.00    0.00    0.00    0.00    0.00    0.00    0.00    0.00    0.00  100.00
02:52:14 AM    2    0.00    0.00    0.00    0.00    0.00    0.00    0.00    0.00    0.00  100.00
02:52:14 AM    3    1.00    0.00    1.00    0.00    0.00    0.00    0.00    0.00    0.00   98.00
02:52:14 AM    4    0.00    0.00    1.01    0.00    0.00    0.00    0.00    0.00    0.00   98.99
02:52:14 AM    5    0.00    0.00    3.00    0.00    0.00    0.00    0.00    0.00    0.00   97.00
02:52:14 AM    6    1.01    0.00    0.00    0.00    0.00    0.00    0.00    0.00    0.00   98.99
02:52:14 AM    7    2.02    0.00    0.00    0.00    0.00    0.00    0.00    0.00    0.00   97.98
02:52:14 AM    8    1.01    0.00    0.00    0.00    0.00    0.00    0.00    0.00    0.00   98.99
02:52:14 AM    9    1.01    0.00    0.00    0.00    0.00    0.00    0.00    0.00    0.00   98.99
02:52:14 AM   10    0.00    0.00    0.00    0.00    0.00    0.00    0.00    0.00    0.00  100.00
02:52:14 AM   11    0.00    0.00    0.00    0.00    0.00    0.00    0.00    0.00    0.00  100.00
02:52:14 AM   12    0.99    0.00    0.99    0.00    0.00    0.00    0.00    0.00    0.00   98.02
02:52:14 AM   13    0.00    0.00    1.01    0.00    0.00    0.00    0.00    0.00    0.00   98.99
02:52:14 AM   14    1.01    0.00    0.00    0.00    0.00    0.00    0.00    0.00    0.00   98.99
02:52:14 AM   15    0.00    0.00    0.00    1.01    0.00    0.00    0.00    0.00    0.00   98.99
02:52:14 AM   16    3.03    0.00    1.01    0.00    0.00    0.00    0.00    0.00    0.00   95.96
02:52:14 AM   17    1.00    0.00    0.00    0.00    0.00    0.00    0.00    0.00    0.00   99.00
02:52:14 AM   18    2.00    0.00    0.00    0.00    0.00    0.00    0.00    0.00    0.00   98.00
02:52:14 AM   19    1.01    0.00    0.00    0.00    0.00    0.00    0.00    0.00    0.00   98.99
02:52:14 AM   20    3.23    0.00   12.90    0.00    0.00    8.60    0.00    0.00    0.00   75.27
02:52:14 AM   21    1.12    0.00    6.74    0.00    0.00    6.74    0.00    0.00    0.00   85.39
02:52:14 AM   22    2.04    0.00    0.00    0.00    0.00    0.00    0.00    0.00    0.00   97.96
02:52:14 AM   23    1.01    0.00    1.01    0.00    0.00    0.00    0.00    0.00    0.00   97.98
02:52:14 AM   24    0.00    0.00    1.02    0.00    0.00    0.00    0.00    0.00    0.00   98.98
02:52:14 AM   25    0.00    0.00    0.00    0.00    0.00    0.00    0.00    0.00    0.00  100.00
02:52:14 AM   26    0.00    0.00    0.00    0.00    0.00    0.00    0.00    0.00    0.00  100.00
02:52:14 AM   27    0.00    0.00    0.00    0.00    0.00    0.00    0.00    0.00    0.00  100.00
02:52:14 AM   28    0.00    0.00    0.00    0.00    0.00    0.00    0.00    0.00    0.00  100.00
02:52:14 AM   29    0.00    0.00    0.00    0.00    0.00    0.00    0.00    0.00    0.00  100.00
02:52:14 AM   30    1.00    0.00    0.00    0.00    0.00    0.00    0.00    0.00    0.00   99.00
02:52:14 AM   31    0.00    0.00    0.00    0.00    0.00    0.00    0.00    0.00    0.00  100.00
02:52:14 AM   32    1.00    0.00    0.00    0.00    0.00    0.00    0.00    0.00    0.00   99.00
02:52:14 AM   33    1.01    0.00    0.00    0.00    0.00    0.00    0.00    0.00    0.00   98.99
02:52:14 AM   34    0.00    0.00    0.99    0.00    0.00    0.00    0.00    0.00    0.00   99.01
02:52:14 AM   35    0.00    0.00    0.00    1.01    0.00    0.00    0.00    0.00    0.00   98.99

02:52:14 AM  CPU    %usr   %nice    %sys %iowait    %irq   %soft  %steal  %guest  %gnice   %idle
02:52:15 AM  all    0.73    0.00    0.98    0.11    0.00    0.53    0.00    0.00    0.00   97.64
02:52:15 AM    0    0.00    0.00    1.01    0.00    0.00    1.01    0.00    0.00    0.00   97.98
02:52:15 AM    1    0.99    0.00    0.00    0.00    0.00    0.00    0.00    0.00    0.00   99.01
02:52:15 AM    2    0.00    0.00    1.00    0.00    0.00    0.00    0.00    0.00    0.00   99.00
02:52:15 AM    3    1.01    0.00    0.00    1.01    0.00    0.00    0.00    0.00    0.00   97.98
02:52:15 AM    4    2.00    0.00    0.00    0.00    0.00    0.00    0.00    0.00    0.00   98.00
02:52:15 AM    5    1.98    0.00    0.00    0.00    0.00    0.99    0.00    0.00    0.00   97.03
02:52:15 AM    6    1.00    0.00    0.00    0.00    0.00    1.00    0.00    0.00    0.00   98.00
02:52:15 AM    7    0.00    0.00    0.00    0.00    0.00    0.00    0.00    0.00    0.00  100.00
02:52:15 AM    8    1.01    0.00    0.00    0.00    0.00    0.00    0.00    0.00    0.00   98.99
02:52:15 AM    9    0.99    0.00    1.98    0.00    0.00    0.00    0.00    0.00    0.00   97.03
02:52:15 AM   10    1.98    0.00    0.99    0.00    0.00    0.00    0.00    0.00    0.00   97.03
02:52:15 AM   11    1.00    0.00    0.00    0.00    0.00    0.00    0.00    0.00    0.00   99.00
02:52:15 AM   12    0.00    0.00    0.00    0.00    0.00    0.00    0.00    0.00    0.00  100.00
02:52:15 AM   13    0.00    0.00    0.00    0.00    0.00    0.00    0.00    0.00    0.00  100.00
02:52:15 AM   14    1.01    0.00    0.00    0.00    0.00    0.00    0.00    0.00    0.00   98.99
02:52:15 AM   15    2.00    0.00    0.00    0.00    0.00    0.00    0.00    0.00    0.00   98.00
02:52:15 AM   16    1.01    0.00    0.00    0.00    0.00    0.00    0.00    0.00    0.00   98.99
02:52:15 AM   17    1.01    0.00    0.00    0.00    0.00    0.00    0.00    0.00    0.00   98.99
02:52:15 AM   18    1.01    0.00    1.01    0.00    0.00    0.00    0.00    0.00    0.00   97.98
02:52:15 AM   19    0.00    0.00    0.00    0.00    0.00    0.00    0.00    0.00    0.00  100.00
02:52:15 AM   20    2.22    0.00   17.78    0.00    0.00    7.78    0.00    0.00    0.00   72.22
02:52:15 AM   21    0.00    0.00    8.14    0.00    0.00   10.47    0.00    0.00    0.00   81.40
02:52:15 AM   22    0.00    0.00    1.01    0.00    0.00    0.00    0.00    0.00    0.00   98.99
02:52:15 AM   23    0.00    0.00    1.01    0.00    0.00    0.00    0.00    0.00    0.00   98.99
02:52:15 AM   24    0.00    0.00    1.01    0.00    0.00    0.00    0.00    0.00    0.00   98.99
02:52:15 AM   25    0.00    0.00    0.00    0.00    0.00    0.00    0.00    0.00    0.00  100.00
02:52:15 AM   26    1.01    0.00    0.00    0.00    0.00    0.00    0.00    0.00    0.00   98.99
02:52:15 AM   27    1.00    0.00    1.00    0.00    0.00    0.00    0.00    0.00    0.00   98.00
02:52:15 AM   28    0.99    0.00    0.99    0.99    0.00    0.00    0.00    0.00    0.00   97.03
02:52:15 AM   29    0.00    0.00    0.00    0.00    0.00    0.00    0.00    0.00    0.00  100.00
02:52:15 AM   30    0.00    0.00    1.00    0.00    0.00    0.00    0.00    0.00    0.00   99.00
02:52:15 AM   31    1.01    0.00    0.00    0.00    0.00    0.00    0.00    0.00    0.00   98.99
02:52:15 AM   32    0.00    0.00    0.00    0.00    0.00    0.00    0.00    0.00    0.00  100.00
02:52:15 AM   33    0.00    0.00    0.00    0.00    0.00    0.00    0.00    0.00    0.00  100.00
02:52:15 AM   34    1.01    0.00    0.00    1.01    0.00    0.00    0.00    0.00    0.00   97.98
02:52:15 AM   35    1.00    0.00    0.00    1.00    0.00    0.00    0.00    0.00    0.00   98.00

02:52:15 AM  CPU    %usr   %nice    %sys %iowait    %irq   %soft  %steal  %guest  %gnice   %idle
02:52:16 AM  all    0.79    0.08    1.26    0.00    0.00    0.45    0.00    0.00    0.00   97.42
02:52:16 AM    0    2.02    0.00    8.08    0.00    0.00    0.00    0.00    0.00    0.00   89.90
02:52:16 AM    1    0.00    0.00    0.00    0.00    0.00    0.00    0.00    0.00    0.00  100.00
02:52:16 AM    2    0.99    0.99    0.00    0.00    0.00    0.00    0.00    0.00    0.00   98.02
02:52:16 AM    3    1.01    0.00    0.00    0.00    0.00    0.00    0.00    0.00    0.00   98.99
02:52:16 AM    4    0.00    1.01    0.00    0.00    0.00    0.00    0.00    0.00    0.00   98.99
02:52:16 AM    5    0.00    0.00    1.02    0.00    0.00    0.00    0.00    0.00    0.00   98.98
02:52:16 AM    6    0.99    0.00    1.98    0.00    0.00    0.00    0.00    0.00    0.00   97.03
02:52:16 AM    7    1.00    0.00    1.00    0.00    0.00    0.00    0.00    0.00    0.00   98.00
02:52:16 AM    8    0.00    0.00    0.00    0.00    0.00    0.00    0.00    0.00    0.00  100.00
02:52:16 AM    9    0.00    0.00    1.02    0.00    0.00    0.00    0.00    0.00    0.00   98.98
02:52:16 AM   10    0.00    0.00    1.01    0.00    0.00    0.00    0.00    0.00    0.00   98.99
02:52:16 AM   11    1.02    0.00    0.00    0.00    0.00    0.00    0.00    0.00    0.00   98.98
02:52:16 AM   12    0.99    0.99    0.00    0.00    0.00    0.00    0.00    0.00    0.00   98.02
02:52:16 AM   13    3.00    0.00    0.00    0.00    0.00    0.00    0.00    0.00    0.00   97.00
02:52:16 AM   14    3.96    0.00    3.96    0.00    0.00    0.00    0.00    0.00    0.00   92.08
02:52:16 AM   15    0.00    0.00    0.00    0.00    0.00    0.00    0.00    0.00    0.00  100.00
02:52:16 AM   16    1.98    0.00    0.99    0.00    0.00    0.00    0.00    0.00    0.00   97.03
02:52:16 AM   17    0.00    0.00    0.00    0.00    0.00    0.00    0.00    0.00    0.00  100.00
02:52:16 AM   18    0.00    0.00    0.00    0.00    0.00    0.00    0.00    0.00    0.00  100.00
02:52:16 AM   19    0.00    0.00    1.00    0.00    0.00    0.00    0.00    0.00    0.00   99.00
02:52:16 AM   20    5.26    0.00   13.68    0.00    0.00   10.53    0.00    0.00    0.00   70.53
02:52:16 AM   21    0.00    0.00    9.64    0.00    0.00    7.23    0.00    0.00    0.00   83.13
02:52:16 AM   22    0.00    0.00    1.00    0.00    0.00    0.00    0.00    0.00    0.00   99.00
02:52:16 AM   23    0.00    0.00    1.00    0.00    0.00    0.00    0.00    0.00    0.00   99.00
02:52:16 AM   24    1.00    0.00    0.00    0.00    0.00    0.00    0.00    0.00    0.00   99.00
02:52:16 AM   25    0.00    0.00    0.00    0.00    0.00    0.00    0.00    0.00    0.00  100.00
02:52:16 AM   26    0.00    0.00    0.00    0.00    0.00    0.00    0.00    0.00    0.00  100.00
02:52:16 AM   27    1.01    0.00    0.00    0.00    0.00    0.00    0.00    0.00    0.00   98.99
02:52:16 AM   28    0.00    0.00    0.00    0.00    0.00    0.00    0.00    0.00    0.00  100.00
02:52:16 AM   29    1.00    0.00    0.00    0.00    0.00    0.00    0.00    0.00    0.00   99.00
02:52:16 AM   30    1.00    0.00    1.00    0.00    0.00    0.00    0.00    0.00    0.00   98.00
02:52:16 AM   31    1.00    0.00    0.00    0.00    0.00    0.00    0.00    0.00    0.00   99.00
02:52:16 AM   32    1.00    0.00    0.00    0.00    0.00    0.00    0.00    0.00    0.00   99.00
02:52:16 AM   33    0.00    0.00    0.00    0.00    0.00    0.00    0.00    0.00    0.00  100.00
02:52:16 AM   34    0.00    0.00    0.00    0.00    0.00    0.00    0.00    0.00    0.00  100.00
02:52:16 AM   35    0.00    0.00    1.01    0.00    0.00    0.00    0.00    0.00    0.00   98.99

02:52:16 AM  CPU    %usr   %nice    %sys %iowait    %irq   %soft  %steal  %guest  %gnice   %idle
02:52:17 AM  all    0.59    0.00    0.90    0.08    0.00    0.48    0.00    0.00    0.00   97.95
02:52:17 AM    0    2.00    0.00    0.00    0.00    0.00    1.00    0.00    0.00    0.00   97.00
02:52:17 AM    1    0.00    0.00    0.00    0.00    0.00    0.00    0.00    0.00    0.00  100.00
02:52:17 AM    2    0.00    0.00    1.00    0.00    0.00    0.00    0.00    0.00    0.00   99.00
02:52:17 AM    3    1.00    0.00    0.00    0.00    0.00    0.00    0.00    0.00    0.00   99.00
02:52:17 AM    4    0.00    0.00    0.00    0.00    0.00    0.00    0.00    0.00    0.00  100.00
02:52:17 AM    5    0.99    0.00    0.00    0.99    0.00    0.00    0.00    0.00    0.00   98.02
02:52:17 AM    6    0.00    0.00    0.00    0.00    0.00    0.00    0.00    0.00    0.00  100.00
02:52:17 AM    7    0.00    0.00    0.00    0.00    0.00    0.00    0.00    0.00    0.00  100.00
02:52:17 AM    8    0.00    0.00    0.00    0.00    0.00    0.00    0.00    0.00    0.00  100.00
02:52:17 AM    9    1.01    0.00    0.00    0.00    0.00    0.00    0.00    0.00    0.00   98.99
02:52:17 AM   10    0.00    0.00    0.00    0.00    0.00    0.00    0.00    0.00    0.00  100.00
02:52:17 AM   11    1.98    0.00    0.99    0.00    0.00    0.00    0.00    0.00    0.00   97.03
02:52:17 AM   12    0.00    0.00    0.00    0.00    0.00    0.00    0.00    0.00    0.00  100.00
02:52:17 AM   13    3.00    0.00    0.00    0.00    0.00    0.00    0.00    0.00    0.00   97.00
02:52:17 AM   14    0.00    0.00    0.00    0.00    0.00    0.00    0.00    0.00    0.00  100.00
02:52:17 AM   15    1.00    0.00    0.00    0.00    0.00    0.00    0.00    0.00    0.00   99.00
02:52:17 AM   16    0.00    0.00    0.00    0.00    0.00    0.00    0.00    0.00    0.00  100.00
02:52:17 AM   17    1.00    0.00    1.00    0.00    0.00    0.00    0.00    0.00    0.00   98.00
02:52:17 AM   18    1.00    0.00    1.00    1.00    0.00    0.00    0.00    0.00    0.00   97.00
02:52:17 AM   19    1.00    0.00    0.00    0.00    0.00    0.00    0.00    0.00    0.00   99.00
02:52:17 AM   20    4.40    0.00   15.38    0.00    0.00    7.69    0.00    0.00    0.00   72.53
02:52:17 AM   21    0.00    0.00    8.14    0.00    0.00   10.47    0.00    0.00    0.00   81.40
02:52:17 AM   22    0.99    0.00    1.98    0.00    0.00    0.00    0.00    0.00    0.00   97.03
02:52:17 AM   23    1.00    0.00    0.00    0.00    0.00    0.00    0.00    0.00    0.00   99.00
02:52:17 AM   24    0.00    0.00    0.00    0.00    0.00    0.00    0.00    0.00    0.00  100.00
02:52:17 AM   25    0.00    0.00    1.00    0.00    0.00    0.00    0.00    0.00    0.00   99.00
02:52:17 AM   26    0.99    0.00    0.00    0.00    0.00    0.00    0.00    0.00    0.00   99.01
02:52:17 AM   27    0.00    0.00    1.01    0.00    0.00    0.00    0.00    0.00    0.00   98.99
02:52:17 AM   28    0.00    0.00    0.99    0.00    0.00    0.00    0.00    0.00    0.00   99.01
02:52:17 AM   29    0.00    0.00    1.00    0.00    0.00    0.00    0.00    0.00    0.00   99.00
02:52:17 AM   30    0.00    0.00    0.00    0.00    0.00    0.00    0.00    0.00    0.00  100.00
02:52:17 AM   31    0.00    0.00    0.00    0.00    0.00    0.00    0.00    0.00    0.00  100.00
02:52:17 AM   32    0.00    0.00    1.00    0.00    0.00    0.00    0.00    0.00    0.00   99.00
02:52:17 AM   33    0.00    0.00    0.00    1.01    0.00    0.00    0.00    0.00    0.00   98.99
02:52:17 AM   34    0.00    0.00    0.00    0.00    0.00    0.00    0.00    0.00    0.00  100.00
02:52:17 AM   35    0.00    0.00    0.00    0.00    0.00    0.00    0.00    0.00    0.00  100.00

02:52:17 AM  CPU    %usr   %nice    %sys %iowait    %irq   %soft  %steal  %guest  %gnice   %idle
02:52:18 AM  all    0.65    0.03    1.18    0.06    0.00    0.42    0.00    0.00    0.00   97.67
02:52:18 AM    0    2.02    0.00    7.07    0.00    0.00    0.00    0.00    0.00    0.00   90.91
02:52:18 AM    1    1.96    0.00    0.98    0.00    0.00    0.00    0.00    0.00    0.00   97.06
02:52:18 AM    2    2.00    0.00    0.00    0.00    0.00    0.00    0.00    0.00    0.00   98.00
02:52:18 AM    3    0.00    0.00    0.00    1.01    0.00    0.00    0.00    0.00    0.00   98.99
02:52:18 AM    4    1.01    0.00    1.01    0.00    0.00    0.00    0.00    0.00    0.00   97.98
02:52:18 AM    5    1.01    0.00    1.01    0.00    0.00    0.00    0.00    0.00    0.00   97.98
02:52:18 AM    6    0.00    0.00    0.00    0.00    0.00    0.00    0.00    0.00    0.00  100.00
02:52:18 AM    7    0.00    0.00    1.02    0.00    0.00    0.00    0.00    0.00    0.00   98.98
02:52:18 AM    8    1.00    0.00    0.00    0.00    0.00    0.00    0.00    0.00    0.00   99.00
02:52:18 AM    9    1.00    0.00    1.00    0.00    0.00    0.00    0.00    0.00    0.00   98.00
02:52:18 AM   10    0.99    0.00    0.99    0.00    0.00    0.00    0.00    0.00    0.00   98.02
02:52:18 AM   11    0.00    0.00    0.00    0.00    0.00    0.00    0.00    0.00    0.00  100.00
02:52:18 AM   12    0.00    1.01    1.01    0.00    0.00    0.00    0.00    0.00    0.00   97.98
02:52:18 AM   13    1.00    0.00    1.00    0.00    0.00    0.00    0.00    0.00    0.00   98.00
02:52:18 AM   14    0.00    0.00    0.00    0.00    0.00    0.00    0.00    0.00    0.00  100.00
02:52:18 AM   15    0.00    0.00    0.00    1.01    0.00    0.00    0.00    0.00    0.00   98.99
02:52:18 AM   16    0.00    0.00    0.00    0.00    0.00    0.00    0.00    0.00    0.00  100.00
02:52:18 AM   17    0.00    0.00    0.00    0.00    0.00    0.00    0.00    0.00    0.00  100.00
02:52:18 AM   18    0.00    0.00    1.00    0.00    0.00    0.00    0.00    0.00    0.00   99.00
02:52:18 AM   19    0.00    0.00    0.00    0.00    0.00    0.00    0.00    0.00    0.00  100.00
02:52:18 AM   20    3.19    0.00   15.96    0.00    0.00   10.64    0.00    0.00    0.00   70.21
02:52:18 AM   21    2.33    0.00   10.47    0.00    0.00    5.81    0.00    0.00    0.00   81.40
02:52:18 AM   22    0.00    0.00    0.00    0.00    0.00    0.00    0.00    0.00    0.00  100.00
02:52:18 AM   23    0.00    0.00    0.00    0.00    0.00    0.00    0.00    0.00    0.00  100.00
02:52:18 AM   24    1.00    0.00    0.00    0.00    0.00    0.00    0.00    0.00    0.00   99.00
02:52:18 AM   25    1.00    0.00    0.00    0.00    0.00    0.00    0.00    0.00    0.00   99.00
02:52:18 AM   26    0.00    0.00    0.00    0.00    0.00    0.00    0.00    0.00    0.00  100.00
02:52:18 AM   27    0.00    0.00    0.00    0.00    0.00    0.00    0.00    0.00    0.00  100.00
02:52:18 AM   28    0.00    0.00    0.00    0.00    0.00    0.00    0.00    0.00    0.00  100.00
02:52:18 AM   29    0.00    0.00    0.00    0.00    0.00    0.00    0.00    0.00    0.00  100.00
02:52:18 AM   30    0.00    0.00    0.00    0.00    0.00    0.00    0.00    0.00    0.00  100.00
02:52:18 AM   31    0.00    0.00    0.00    0.00    0.00    0.00    0.00    0.00    0.00  100.00
02:52:18 AM   32    1.98    0.00    0.99    0.00    0.00    0.00    0.00    0.00    0.00   97.03
02:52:18 AM   33    0.00    0.00    0.00    0.00    0.00    0.00    0.00    0.00    0.00  100.00
02:52:18 AM   34    1.01    0.00    0.00    0.00    0.00    0.00    0.00    0.00    0.00   98.99
02:52:18 AM   35    0.99    0.00    0.99    0.00    0.00    0.00    0.00    0.00    0.00   98.02

02:52:18 AM  CPU    %usr   %nice    %sys %iowait    %irq   %soft  %steal  %guest  %gnice   %idle
02:52:19 AM  all    1.58    0.00    1.13    0.06    0.00    0.37    0.00    0.00    0.00   96.87
02:52:19 AM    0    1.04    0.00    0.00    0.00    0.00    0.00    0.00    0.00    0.00   98.96
02:52:19 AM    1    2.00    0.00    0.00    0.00    0.00    0.00    0.00    0.00    0.00   98.00
02:52:19 AM    2    1.01    0.00    0.00    0.00    0.00    0.00    0.00    0.00    0.00   98.99
02:52:19 AM    3    1.01    0.00    0.00    0.00    0.00    0.00    0.00    0.00    0.00   98.99
02:52:19 AM    4    2.00    0.00    0.00    0.00    0.00    0.00    0.00    0.00    0.00   98.00
02:52:19 AM    5    1.00    0.00    1.00    0.00    0.00    0.00    0.00    0.00    0.00   98.00
02:52:19 AM    6    0.00    0.00    1.01    0.00    0.00    0.00    0.00    0.00    0.00   98.99
02:52:19 AM    7    2.00    0.00    1.00    0.00    0.00    0.00    0.00    0.00    0.00   97.00
02:52:19 AM    8    1.00    0.00    1.00    0.00    0.00    0.00    0.00    0.00    0.00   98.00
02:52:19 AM    9    5.05    0.00    6.06    0.00    0.00    0.00    0.00    0.00    0.00   88.89
02:52:19 AM   10    1.02    0.00    0.00    0.00    0.00    0.00    0.00    0.00    0.00   98.98
02:52:19 AM   11    2.00    0.00    0.00    0.00    0.00    0.00    0.00    0.00    0.00   98.00
02:52:19 AM   12    3.03    0.00    0.00    0.00    0.00    0.00    0.00    0.00    0.00   96.97
02:52:19 AM   13    2.02    0.00    0.00    0.00    0.00    0.00    0.00    0.00    0.00   97.98
02:52:19 AM   14    2.02    0.00    0.00    0.00    0.00    0.00    0.00    0.00    0.00   97.98
02:52:19 AM   15    1.02    0.00    0.00    0.00    0.00    0.00    0.00    0.00    0.00   98.98
02:52:19 AM   16    1.00    0.00    1.00    0.00    0.00    0.00    0.00    0.00    0.00   98.00
02:52:19 AM   17    2.00    0.00    1.00    0.00    0.00    0.00    0.00    0.00    0.00   97.00
02:52:19 AM   18    1.01    0.00    1.01    0.00    0.00    0.00    0.00    0.00    0.00   97.98
02:52:19 AM   19    2.02    0.00    0.00    0.00    0.00    0.00    0.00    0.00    0.00   97.98
02:52:19 AM   20    6.59    0.00   15.38    0.00    0.00    5.49    0.00    0.00    0.00   72.53
02:52:19 AM   21    1.18    0.00    7.06    0.00    0.00    9.41    0.00    0.00    0.00   82.35
02:52:19 AM   22    1.00    0.00    1.00    0.00    0.00    0.00    0.00    0.00    0.00   98.00
02:52:19 AM   23    1.01    0.00    1.01    0.00    0.00    0.00    0.00    0.00    0.00   97.98
02:52:19 AM   24    0.00    0.00    2.02    1.01    0.00    0.00    0.00    0.00    0.00   96.97
02:52:19 AM   25    1.01    0.00    0.00    0.00    0.00    0.00    0.00    0.00    0.00   98.99
02:52:19 AM   26    1.01    0.00    0.00    0.00    0.00    0.00    0.00    0.00    0.00   98.99
02:52:19 AM   27    2.02    0.00    0.00    0.00    0.00    0.00    0.00    0.00    0.00   97.98
02:52:19 AM   28    0.00    0.00    0.00    0.00    0.00    0.00    0.00    0.00    0.00  100.00
02:52:19 AM   29    0.00    0.00    0.00    1.02    0.00    0.00    0.00    0.00    0.00   98.98
02:52:19 AM   30    0.99    0.00    1.98    0.00    0.00    0.00    0.00    0.00    0.00   97.03
02:52:19 AM   31    1.01    0.00    1.01    0.00    0.00    0.00    0.00    0.00    0.00   97.98
02:52:19 AM   32    1.01    0.00    0.00    0.00    0.00    0.00    0.00    0.00    0.00   98.99
02:52:19 AM   33    2.00    0.00    0.00    0.00    0.00    0.00    0.00    0.00    0.00   98.00
02:52:19 AM   34    2.00    0.00    0.00    0.00    0.00    0.00    0.00    0.00    0.00   98.00
02:52:19 AM   35    3.00    0.00    0.00    0.00    0.00    0.00    0.00    0.00    0.00   97.00

02:52:19 AM  CPU    %usr   %nice    %sys %iowait    %irq   %soft  %steal  %guest  %gnice   %idle
02:52:20 AM  all    0.87    0.03    0.79    0.00    0.00    0.39    0.00    0.00    0.00   97.92
02:52:20 AM    0    0.00    0.00    0.00    0.00    0.00    0.00    0.00    0.00    0.00  100.00
02:52:20 AM    1    0.00    0.00    0.00    0.00    0.00    0.00    0.00    0.00    0.00  100.00
02:52:20 AM    2    1.98    0.00    0.00    0.00    0.00    0.00    0.00    0.00    0.00   98.02
02:52:20 AM    3    1.00    0.00    0.00    0.00    0.00    0.00    0.00    0.00    0.00   99.00
02:52:20 AM    4    1.00    0.00    0.00    0.00    0.00    0.00    0.00    0.00    0.00   99.00
02:52:20 AM    5    0.00    0.00    0.00    0.00    0.00    0.00    0.00    0.00    0.00  100.00
02:52:20 AM    6    0.00    0.00    0.00    0.00    0.00    0.00    0.00    0.00    0.00  100.00
02:52:20 AM    7    0.00    1.01    0.00    0.00    0.00    0.00    0.00    0.00    0.00   98.99
02:52:20 AM    8    2.04    0.00    0.00    0.00    0.00    0.00    0.00    0.00    0.00   97.96
02:52:20 AM    9    1.01    0.00    0.00    0.00    0.00    0.00    0.00    0.00    0.00   98.99
02:52:20 AM   10    1.00    0.00    0.00    0.00    0.00    0.00    0.00    0.00    0.00   99.00
02:52:20 AM   11    1.01    0.00    0.00    0.00    0.00    0.00    0.00    0.00    0.00   98.99
02:52:20 AM   12    0.00    0.00    0.00    0.00    0.00    0.00    0.00    0.00    0.00  100.00
02:52:20 AM   13    1.01    0.00    0.00    0.00    0.00    0.00    0.00    0.00    0.00   98.99
02:52:20 AM   14    1.01    0.00    0.00    0.00    0.00    0.00    0.00    0.00    0.00   98.99
02:52:20 AM   15    0.00    0.00    1.01    0.00    0.00    0.00    0.00    0.00    0.00   98.99
02:52:20 AM   16    1.01    0.00    0.00    0.00    0.00    0.00    0.00    0.00    0.00   98.99
02:52:20 AM   17    1.01    0.00    0.00    0.00    0.00    0.00    0.00    0.00    0.00   98.99
02:52:20 AM   18    2.00    0.00    0.00    0.00    0.00    0.00    0.00    0.00    0.00   98.00
02:52:20 AM   19    1.00    0.00    0.00    0.00    0.00    0.00    0.00    0.00    0.00   99.00
02:52:20 AM   20    2.17    0.00   18.48    0.00    0.00    7.61    0.00    0.00    0.00   71.74
02:52:20 AM   21    0.00    0.00   10.59    0.00    0.00    7.06    0.00    0.00    0.00   82.35
02:52:20 AM   22    1.02    0.00    0.00    0.00    0.00    0.00    0.00    0.00    0.00   98.98
02:52:20 AM   23    1.98    0.00    0.00    0.00    0.00    0.00    0.00    0.00    0.00   98.02
02:52:20 AM   24    1.00    0.00    0.00    0.00    0.00    0.00    0.00    0.00    0.00   99.00
02:52:20 AM   25    1.01    0.00    0.00    0.00    0.00    0.00    0.00    0.00    0.00   98.99
02:52:20 AM   26    0.00    0.00    0.00    0.00    0.00    0.00    0.00    0.00    0.00  100.00
02:52:20 AM   27    0.00    0.00    0.00    0.00    0.00    0.00    0.00    0.00    0.00  100.00
02:52:20 AM   28    1.01    0.00    0.00    0.00    0.00    0.00    0.00    0.00    0.00   98.99
02:52:20 AM   29    1.00    0.00    0.00    0.00    0.00    0.00    0.00    0.00    0.00   99.00
02:52:20 AM   30    2.00    0.00    0.00    0.00    0.00    0.00    0.00    0.00    0.00   98.00
02:52:20 AM   31    0.00    0.00    0.00    0.00    0.00    0.00    0.00    0.00    0.00  100.00
02:52:20 AM   32    1.01    0.00    0.00    0.00    0.00    0.00    0.00    0.00    0.00   98.99
02:52:20 AM   33    0.00    0.00    1.01    0.00    0.00    0.00    0.00    0.00    0.00   98.99
02:52:20 AM   34    0.00    0.00    0.00    0.00    0.00    1.01    0.00    0.00    0.00   98.99
02:52:20 AM   35    3.00    0.00    0.00    0.00    0.00    0.00    0.00    0.00    0.00   97.00

02:52:20 AM  CPU    %usr   %nice    %sys %iowait    %irq   %soft  %steal  %guest  %gnice   %idle
02:52:21 AM  all    0.70    0.00    1.07    0.03    0.00    0.56    0.00    0.00    0.00   97.64
02:52:21 AM    0    3.00    0.00    6.00    0.00    0.00    1.00    0.00    0.00    0.00   90.00
02:52:21 AM    1    1.01    0.00    0.00    0.00    0.00    0.00    0.00    0.00    0.00   98.99
02:52:21 AM    2    0.00    0.00    0.00    0.00    0.00    0.00    0.00    0.00    0.00  100.00
02:52:21 AM    3    0.00    0.00    0.00    0.00    0.00    0.00    0.00    0.00    0.00  100.00
02:52:21 AM    4    0.00    0.00    1.01    0.00    0.00    0.00    0.00    0.00    0.00   98.99
02:52:21 AM    5    1.00    0.00    0.00    0.00    0.00    0.00    0.00    0.00    0.00   99.00
02:52:21 AM    6    1.01    0.00    0.00    0.00    0.00    0.00    0.00    0.00    0.00   98.99
02:52:21 AM    7    0.00    0.00    1.00    0.00    0.00    0.00    0.00    0.00    0.00   99.00
02:52:21 AM    8    2.00    0.00    1.00    0.00    0.00    0.00    0.00    0.00    0.00   97.00
02:52:21 AM    9    0.00    0.00    0.00    0.00    0.00    0.00    0.00    0.00    0.00  100.00
02:52:21 AM   10    1.01    0.00    0.00    1.01    0.00    0.00    0.00    0.00    0.00   97.98
02:52:21 AM   11    1.01    0.00    0.00    0.00    0.00    0.00    0.00    0.00    0.00   98.99
02:52:21 AM   12    0.00    0.00    1.00    0.00    0.00    0.00    0.00    0.00    0.00   99.00
02:52:21 AM   13    1.98    0.00    0.99    0.00    0.00    0.00    0.00    0.00    0.00   97.03
02:52:21 AM   14    1.01    0.00    1.01    0.00    0.00    0.00    0.00    0.00    0.00   97.98
02:52:21 AM   15    1.00    0.00    0.00    0.00    0.00    0.00    0.00    0.00    0.00   99.00
02:52:21 AM   16    1.01    0.00    0.00    0.00    0.00    0.00    0.00    0.00    0.00   98.99
02:52:21 AM   17    0.00    0.00    2.00    0.00    0.00    0.00    0.00    0.00    0.00   98.00
02:52:21 AM   18    0.00    0.00    0.00    0.00    0.00    0.00    0.00    0.00    0.00  100.00
02:52:21 AM   19    1.00    0.00    0.00    0.00    0.00    0.00    0.00    0.00    0.00   99.00
02:52:21 AM   20    3.33    0.00   14.44    0.00    0.00    8.89    0.00    0.00    0.00   73.33
02:52:21 AM   21    0.00    0.00    6.90    0.00    0.00   11.49    0.00    0.00    0.00   81.61
02:52:21 AM   22    1.00    0.00    1.00    0.00    0.00    0.00    0.00    0.00    0.00   98.00
02:52:21 AM   23    1.01    0.00    1.01    0.00    0.00    0.00    0.00    0.00    0.00   97.98
02:52:21 AM   24    1.01    0.00    0.00    0.00    0.00    0.00    0.00    0.00    0.00   98.99
02:52:21 AM   25    1.00    0.00    0.00    0.00    0.00    0.00    0.00    0.00    0.00   99.00
02:52:21 AM   26    0.00    0.00    0.00    0.00    0.00    0.00    0.00    0.00    0.00  100.00
02:52:21 AM   27    0.00    0.00    1.00    0.00    0.00    0.00    0.00    0.00    0.00   99.00
02:52:21 AM   28    0.00    0.00    0.00    0.00    0.00    0.00    0.00    0.00    0.00  100.00
02:52:21 AM   29    0.00    0.00    0.00    0.00    0.00    0.00    0.00    0.00    0.00  100.00
02:52:21 AM   30    0.98    0.00    0.00    0.00    0.00    0.98    0.00    0.00    0.00   98.04
02:52:21 AM   31    0.99    0.00    0.99    0.00    0.00    0.00    0.00    0.00    0.00   98.02
02:52:21 AM   32    0.00    0.00    0.00    0.00    0.00    0.00    0.00    0.00    0.00  100.00
02:52:21 AM   33    0.00    0.00    0.00    0.00    0.00    0.00    0.00    0.00    0.00  100.00
02:52:21 AM   34    0.00    0.00    1.00    0.00    0.00    0.00    0.00    0.00    0.00   99.00
02:52:21 AM   35    0.00    0.00    0.00    0.00    0.00    0.00    0.00    0.00    0.00  100.00

02:52:21 AM  CPU    %usr   %nice    %sys %iowait    %irq   %soft  %steal  %guest  %gnice   %idle
02:52:22 AM  all    1.04    0.06    1.26    0.06    0.00    0.51    0.00    0.00    0.00   97.08
02:52:22 AM    0    1.02    0.00    1.02    0.00    0.00    0.00    0.00    0.00    0.00   97.96
02:52:22 AM    1    0.00    1.00    2.00    0.00    0.00    0.00    0.00    0.00    0.00   97.00
02:52:22 AM    2    2.00    0.00    0.00    0.00    0.00    0.00    0.00    0.00    0.00   98.00
02:52:22 AM    3    1.00    1.00    1.00    0.00    0.00    0.00    0.00    0.00    0.00   97.00
02:52:22 AM    4    1.98    0.00    1.98    0.00    0.00    0.99    0.00    0.00    0.00   95.05
02:52:22 AM    5    0.00    0.00    1.01    0.00    0.00    0.00    0.00    0.00    0.00   98.99
02:52:22 AM    6    1.00    0.00    0.00    0.00    0.00    1.00    0.00    0.00    0.00   98.00
02:52:22 AM    7    0.00    0.00    0.00    0.00    0.00    0.00    0.00    0.00    0.00  100.00
02:52:22 AM    8    2.00    0.00    0.00    0.00    0.00    0.00    0.00    0.00    0.00   98.00
02:52:22 AM    9    4.04    0.00    6.06    0.00    0.00    0.00    0.00    0.00    0.00   89.90
02:52:22 AM   10    1.01    0.00    0.00    0.00    0.00    0.00    0.00    0.00    0.00   98.99
02:52:22 AM   11    1.98    0.00    0.99    0.00    0.00    0.00    0.00    0.00    0.00   97.03
02:52:22 AM   12    2.02    0.00    0.00    0.00    0.00    0.00    0.00    0.00    0.00   97.98
02:52:22 AM   13    2.04    0.00    0.00    0.00    0.00    0.00    0.00    0.00    0.00   97.96
02:52:22 AM   14    0.00    0.00    0.00    1.02    0.00    0.00    0.00    0.00    0.00   98.98
02:52:22 AM   15    2.00    0.00    0.00    0.00    0.00    0.00    0.00    0.00    0.00   98.00
02:52:22 AM   16    2.02    0.00    0.00    1.01    0.00    0.00    0.00    0.00    0.00   96.97
02:52:22 AM   17    2.02    0.00    2.02    0.00    0.00    0.00    0.00    0.00    0.00   95.96
02:52:22 AM   18    2.00    0.00    1.00    0.00    0.00    0.00    0.00    0.00    0.00   97.00
02:52:22 AM   19    1.00    0.00    1.00    0.00    0.00    0.00    0.00    0.00    0.00   98.00
02:52:22 AM   20    2.17    0.00   16.30    0.00    0.00    8.70    0.00    0.00    0.00   72.83
02:52:22 AM   21    1.14    0.00   11.36    0.00    0.00    7.95    0.00    0.00    0.00   79.55
02:52:22 AM   22    1.01    0.00    0.00    0.00    0.00    0.00    0.00    0.00    0.00   98.99
02:52:22 AM   23    1.00    0.00    0.00    0.00    0.00    0.00    0.00    0.00    0.00   99.00
02:52:22 AM   24    2.00    0.00    0.00    0.00    0.00    0.00    0.00    0.00    0.00   98.00
02:52:22 AM   25    0.00    0.00    1.01    0.00    0.00    0.00    0.00    0.00    0.00   98.99
02:52:22 AM   26    0.99    0.00    0.00    0.00    0.00    0.99    0.00    0.00    0.00   98.02
02:52:22 AM   27    0.00    0.00    0.00    0.00    0.00    0.00    0.00    0.00    0.00  100.00
02:52:22 AM   28    0.00    0.00    0.00    0.00    0.00    0.00    0.00    0.00    0.00  100.00
02:52:22 AM   29    0.00    0.00    0.00    0.00    0.00    0.00    0.00    0.00    0.00  100.00
02:52:22 AM   30    0.00    0.00    0.00    0.00    0.00    0.00    0.00    0.00    0.00  100.00
02:52:22 AM   31    0.00    0.00    0.00    0.00    0.00    0.00    0.00    0.00    0.00  100.00
02:52:22 AM   32    0.00    0.00    0.00    0.00    0.00    0.00    0.00    0.00    0.00  100.00
02:52:22 AM   33    0.00    0.00    0.00    0.00    0.00    0.00    0.00    0.00    0.00  100.00
02:52:22 AM   34    0.00    0.00    1.00    0.00    0.00    0.00    0.00    0.00    0.00   99.00
02:52:22 AM   35    0.00    0.00    0.00    0.00    0.00    0.00    0.00    0.00    0.00  100.00

02:52:22 AM  CPU    %usr   %nice    %sys %iowait    %irq   %soft  %steal  %guest  %gnice   %idle
02:52:23 AM  all    0.93    0.00    1.07    0.11    0.00    0.56    0.00    0.00    0.00   97.33
02:52:23 AM    0    2.06    0.00    0.00    1.03    0.00    0.00    0.00    0.00    0.00   96.91
02:52:23 AM    1    0.00    0.00    0.00    1.02    0.00    0.00    0.00    0.00    0.00   98.98
02:52:23 AM    2    2.97    0.00    0.99    0.99    0.00    0.00    0.00    0.00    0.00   95.05
02:52:23 AM    3    0.00    0.00    0.00    0.00    0.00    1.01    0.00    0.00    0.00   98.99
02:52:23 AM    4    0.00    0.00    1.02    0.00    0.00    0.00    0.00    0.00    0.00   98.98
02:52:23 AM    5    1.02    0.00    1.02    0.00    0.00    0.00    0.00    0.00    0.00   97.96
02:52:23 AM    6    1.01    0.00    1.01    0.00    0.00    0.00    0.00    0.00    0.00   97.98
02:52:23 AM    7    3.00    0.00    0.00    1.00    0.00    0.00    0.00    0.00    0.00   96.00
02:52:23 AM    8    3.96    0.00    0.00    0.00    0.00    0.00    0.00    0.00    0.00   96.04
02:52:23 AM    9    0.00    0.00    0.00    0.00    0.00    0.00    0.00    0.00    0.00  100.00
02:52:23 AM   10    0.00    0.00    0.00    0.00    0.00    0.00    0.00    0.00    0.00  100.00
02:52:23 AM   11    3.06    0.00    0.00    0.00    0.00    0.00    0.00    0.00    0.00   96.94
02:52:23 AM   12    1.96    0.00    1.96    0.00    0.00    0.98    0.00    0.00    0.00   95.10
02:52:23 AM   13    3.00    0.00    1.00    0.00    0.00    0.00    0.00    0.00    0.00   96.00
02:52:23 AM   14    2.00    0.00    1.00    0.00    0.00    0.00    0.00    0.00    0.00   97.00
02:52:23 AM   15    3.00    0.00    0.00    0.00    0.00    0.00    0.00    0.00    0.00   97.00
02:52:23 AM   16    0.00    0.00    1.00    0.00    0.00    1.00    0.00    0.00    0.00   98.00
02:52:23 AM   17    1.01    0.00    1.01    0.00    0.00    0.00    0.00    0.00    0.00   97.98
02:52:23 AM   18    0.00    0.00    0.00    0.00    0.00    0.00    0.00    0.00    0.00  100.00
02:52:23 AM   19    0.00    0.00    0.00    0.00    0.00    0.00    0.00    0.00    0.00  100.00
02:52:23 AM   20    3.26    0.00   16.30    0.00    0.00    8.70    0.00    0.00    0.00   71.74
02:52:23 AM   21    0.00    0.00    6.02    0.00    0.00   10.84    0.00    0.00    0.00   83.13
02:52:23 AM   22    0.00    0.00    1.00    0.00    0.00    0.00    0.00    0.00    0.00   99.00
02:52:23 AM   23    0.00    0.00    1.98    0.00    0.00    0.00    0.00    0.00    0.00   98.02
02:52:23 AM   24    0.00    0.00    1.00    0.00    0.00    0.00    0.00    0.00    0.00   99.00
02:52:23 AM   25    0.00    0.00    1.00    0.00    0.00    0.00    0.00    0.00    0.00   99.00
02:52:23 AM   26    0.00    0.00    0.00    0.00    0.00    0.00    0.00    0.00    0.00  100.00
02:52:23 AM   27    0.00    0.00    0.00    0.00    0.00    0.00    0.00    0.00    0.00  100.00
02:52:23 AM   28    0.00    0.00    0.00    0.00    0.00    0.00    0.00    0.00    0.00  100.00
02:52:23 AM   29    0.99    0.00    0.99    0.00    0.00    0.00    0.00    0.00    0.00   98.02
02:52:23 AM   30    0.00    0.00    0.00    0.00    0.00    0.00    0.00    0.00    0.00  100.00
02:52:23 AM   31    0.00    0.00    0.00    0.00    0.00    0.00    0.00    0.00    0.00  100.00
02:52:23 AM   32    0.99    0.00    0.99    0.00    0.00    0.00    0.00    0.00    0.00   98.02
02:52:23 AM   33    0.00    0.00    0.00    0.00    0.00    0.00    0.00    0.00    0.00  100.00
02:52:23 AM   34    0.00    0.00    0.00    0.00    0.00    0.00    0.00    0.00    0.00  100.00
02:52:23 AM   35    0.00    0.00    1.00    0.00    0.00    0.00    0.00    0.00    0.00   99.00

Average:     CPU    %usr   %nice    %sys %iowait    %irq   %soft  %steal  %guest  %gnice   %idle
Average:     all    0.87    0.02    1.06    0.06    0.00    0.47    0.00    0.00    0.00   97.53
Average:       0    1.63    0.00    2.95    0.10    0.00    0.31    0.00    0.00    0.00   95.02
Average:       1    0.60    0.10    0.30    0.10    0.00    0.00    0.00    0.00    0.00   98.89
Average:       2    1.10    0.10    0.30    0.10    0.00    0.00    0.00    0.00    0.00   98.40
Average:       3    0.70    0.10    0.20    0.20    0.00    0.10    0.00    0.00    0.00   98.69
Average:       4    0.81    0.10    0.60    0.00    0.00    0.10    0.00    0.00    0.00   98.39
Average:       5    0.70    0.00    0.80    0.10    0.00    0.10    0.00    0.00    0.00   98.29
Average:       6    0.60    0.00    0.40    0.00    0.00    0.20    0.00    0.00    0.00   98.79
Average:       7    0.81    0.10    0.40    0.10    0.00    0.00    0.00    0.00    0.00   98.59
Average:       8    1.41    0.00    0.20    0.00    0.00    0.00    0.00    0.00    0.00   98.39
Average:       9    1.41    0.00    1.62    0.00    0.00    0.00    0.00    0.00    0.00   96.97
Average:      10    0.71    0.00    0.30    0.10    0.00    0.00    0.00    0.00    0.00   98.89
Average:      11    1.31    0.00    0.20    0.00    0.00    0.00    0.00    0.00    0.00   98.49
Average:      12    0.90    0.20    0.50    0.00    0.00    0.10    0.00    0.00    0.00   98.29
Average:      13    1.71    0.00    0.40    0.00    0.00    0.00    0.00    0.00    0.00   97.89
Average:      14    1.21    0.00    0.61    0.10    0.00    0.00    0.00    0.00    0.00   98.08
Average:      15    1.01    0.00    0.10    0.20    0.00    0.00    0.00    0.00    0.00   98.69
Average:      16    1.11    0.00    0.40    0.10    0.00    0.10    0.00    0.00    0.00   98.29
Average:      17    0.91    0.00    0.70    0.00    0.00    0.00    0.00    0.00    0.00   98.39
Average:      18    0.90    0.00    0.50    0.10    0.00    0.00    0.00    0.00    0.00   98.49
Average:      19    0.70    0.00    0.20    0.00    0.00    0.00    0.00    0.00    0.00   99.10
Average:      20    3.59    0.00   15.65    0.00    0.00    8.48    0.00    0.00    0.00   72.28
Average:      21    0.58    0.00    8.51    0.00    0.00    8.74    0.00    0.00    0.00   82.17
Average:      22    0.70    0.00    0.70    0.00    0.00    0.00    0.00    0.00    0.00   98.59
Average:      23    0.70    0.00    0.70    0.00    0.00    0.00    0.00    0.00    0.00   98.60
Average:      24    0.60    0.00    0.50    0.10    0.00    0.00    0.00    0.00    0.00   98.79
Average:      25    0.40    0.00    0.30    0.00    0.00    0.00    0.00    0.00    0.00   99.29
Average:      26    0.40    0.00    0.00    0.00    0.00    0.10    0.00    0.00    0.00   99.50
Average:      27    0.40    0.00    0.30    0.00    0.00    0.00    0.00    0.00    0.00   99.29
Average:      28    0.20    0.00    0.20    0.10    0.00    0.00    0.00    0.00    0.00   99.50
Average:      29    0.30    0.00    0.20    0.10    0.00    0.00    0.00    0.00    0.00   99.40
Average:      30    0.60    0.00    0.40    0.00    0.00    0.10    0.00    0.00    0.00   98.90
Average:      31    0.40    0.00    0.20    0.00    0.00    0.00    0.00    0.00    0.00   99.40
Average:      32    0.70    0.00    0.30    0.00    0.00    0.00    0.00    0.00    0.00   99.00
Average:      33    0.30    0.00    0.10    0.10    0.00    0.00    0.00    0.00    0.00   99.50
Average:      34    0.40    0.00    0.30    0.10    0.00    0.10    0.00    0.00    0.00   99.10
Average:      35    0.80    0.00    0.30    0.20    0.00    0.00    0.00    0.00    0.00   98.69
