Linux 5.15.0-186-generic (rapids4) 	07/28/2026 	_x86_64_	(36 CPU)

02:37:18 AM  CPU    %usr   %nice    %sys %iowait    %irq   %soft  %steal  %guest  %gnice   %idle
02:37:19 AM  all    0.98    0.03    1.93    0.06    0.00    0.48    0.00    0.00    0.00   96.53
02:37:19 AM    0    0.00    0.00    0.00    1.04    0.00    0.00    0.00    0.00    0.00   98.96
02:37:19 AM    1    0.00    0.00    0.00    0.00    0.00    0.00    0.00    0.00    0.00  100.00
02:37:19 AM    2    0.00    0.00    0.00    0.00    0.00    0.00    0.00    0.00    0.00  100.00
02:37:19 AM    3    1.00    0.00    1.00    0.00    0.00    0.00    0.00    0.00    0.00   98.00
02:37:19 AM    4    0.00    0.00    0.00    0.00    0.00    0.00    0.00    0.00    0.00  100.00
02:37:19 AM    5    1.98    0.00    0.99    0.00    0.00    0.00    0.00    0.00    0.00   97.03
02:37:19 AM    6    2.00    0.00    0.00    0.00    0.00    0.00    0.00    0.00    0.00   98.00
02:37:19 AM    7    2.00    0.00    0.00    0.00    0.00    0.00    0.00    0.00    0.00   98.00
02:37:19 AM    8    0.00    0.00    0.00    0.00    0.00    0.00    0.00    0.00    0.00  100.00
02:37:19 AM    9    2.00    0.00    1.00    0.00    0.00    0.00    0.00    0.00    0.00   97.00
02:37:19 AM   10    1.00    0.00    1.00    0.00    0.00    0.00    0.00    0.00    0.00   98.00
02:37:19 AM   11    1.98    0.00    0.99    0.00    0.00    0.00    0.00    0.00    0.00   97.03
02:37:19 AM   12    4.04    0.00    1.01    0.00    0.00    0.00    0.00    0.00    0.00   94.95
02:37:19 AM   13    1.98    0.00    0.99    0.00    0.00    0.00    0.00    0.00    0.00   97.03
02:37:19 AM   14    1.01    0.00    1.01    0.00    0.00    0.00    0.00    0.00    0.00   97.98
02:37:19 AM   15    0.00    0.00    0.00    0.00    0.00    0.00    0.00    0.00    0.00  100.00
02:37:19 AM   16    0.00    0.00    0.00    0.00    0.00    0.00    0.00    0.00    0.00  100.00
02:37:19 AM   17    1.00    0.00    1.00    0.00    0.00    0.00    0.00    0.00    0.00   98.00
02:37:19 AM   18    0.00    0.00    0.00    0.00    0.00    0.00    0.00    0.00    0.00  100.00
02:37:19 AM   19    0.00    0.00    0.00    0.00    0.00    0.00    0.00    0.00    0.00  100.00
02:37:19 AM   20    0.00    0.00    0.00    0.00    0.00    0.00    0.00    0.00    0.00  100.00
02:37:19 AM   21    0.00    0.00    0.00    0.00    0.00    0.00    0.00    0.00    0.00  100.00
02:37:19 AM   22    0.00    0.00    0.00    0.00    0.00    0.00    0.00    0.00    0.00  100.00
02:37:19 AM   23    1.01    0.00    0.00    0.00    0.00    0.00    0.00    0.00    0.00   98.99
02:37:19 AM   24   11.11    0.00   55.56    0.00    0.00   17.17    0.00    0.00    0.00   16.16
02:37:19 AM   25    1.08    0.00    1.08    0.00    0.00    0.00    0.00    0.00    0.00   97.85
02:37:19 AM   26    0.00    0.00    0.00    0.00    0.00    0.00    0.00    0.00    0.00  100.00
02:37:19 AM   27    0.00    0.00    0.00    0.00    0.00    0.00    0.00    0.00    0.00  100.00
02:37:19 AM   28    0.00    0.00    1.00    0.00    0.00    0.00    0.00    0.00    0.00   99.00
02:37:19 AM   29    0.00    0.00    1.00    0.00    0.00    0.00    0.00    0.00    0.00   99.00
02:37:19 AM   30    1.00    0.00    0.00    0.00    0.00    0.00    0.00    0.00    0.00   99.00
02:37:19 AM   31    0.00    0.00    0.00    0.00    0.00    0.00    0.00    0.00    0.00  100.00
02:37:19 AM   32    0.00    0.98    0.98    0.98    0.00    0.00    0.00    0.00    0.00   97.06
02:37:19 AM   33    0.00    0.00    0.00    0.00    0.00    0.00    0.00    0.00    0.00  100.00
02:37:19 AM   34    0.00    0.00    1.00    0.00    0.00    0.00    0.00    0.00    0.00   99.00
02:37:19 AM   35    0.99    0.00    0.00    0.00    0.00    0.00    0.00    0.00    0.00   99.01

02:37:19 AM  CPU    %usr   %nice    %sys %iowait    %irq   %soft  %steal  %guest  %gnice   %idle
02:37:20 AM  all    0.95    0.03    2.54    0.03    0.00    0.64    0.00    0.00    0.00   95.82
02:37:20 AM    0    1.01    0.00    1.01    0.00    0.00    1.01    0.00    0.00    0.00   96.97
02:37:20 AM    1    1.01    0.00    0.00    1.01    0.00    0.00    0.00    0.00    0.00   97.98
02:37:20 AM    2    0.00    0.00    0.00    0.00    0.00    0.00    0.00    0.00    0.00  100.00
02:37:20 AM    3    0.00    0.00    0.00    0.00    0.00    0.00    0.00    0.00    0.00  100.00
02:37:20 AM    4    1.00    0.00    0.00    0.00    0.00    0.00    0.00    0.00    0.00   99.00
02:37:20 AM    5    2.97    0.00    0.00    0.00    0.00    0.99    0.00    0.00    0.00   96.04
02:37:20 AM    6    1.00    0.00    1.00    0.00    0.00    0.00    0.00    0.00    0.00   98.00
02:37:20 AM    7    2.97    0.00    6.93    0.00    0.00    0.00    0.00    0.00    0.00   90.10
02:37:20 AM    8    0.00    0.00    0.00    0.00    0.00    0.00    0.00    0.00    0.00  100.00
02:37:20 AM    9    1.00    0.00    0.00    0.00    0.00    1.00    0.00    0.00    0.00   98.00
02:37:20 AM   10    1.02    0.00    0.00    0.00    0.00    0.00    0.00    0.00    0.00   98.98
02:37:20 AM   11    0.00    0.00    2.97    0.00    0.00    0.00    0.00    0.00    0.00   97.03
02:37:20 AM   12    1.00    0.00    1.00    0.00    0.00    0.00    0.00    0.00    0.00   98.00
02:37:20 AM   13    0.00    1.01    0.00    0.00    0.00    0.00    0.00    0.00    0.00   98.99
02:37:20 AM   14    2.97    0.00    0.99    0.00    0.00    0.00    0.00    0.00    0.00   96.04
02:37:20 AM   15    0.00    0.00    0.00    0.00    0.00    0.00    0.00    0.00    0.00  100.00
02:37:20 AM   16    1.01    0.00    0.00    0.00    0.00    0.00    0.00    0.00    0.00   98.99
02:37:20 AM   17    2.00    0.00    0.00    0.00    0.00    0.00    0.00    0.00    0.00   98.00
02:37:20 AM   18    0.00    0.00    0.00    0.00    0.00    0.00    0.00    0.00    0.00  100.00
02:37:20 AM   19    1.00    0.00    0.00    0.00    0.00    0.00    0.00    0.00    0.00   99.00
02:37:20 AM   20    0.00    0.00    0.00    0.00    0.00    0.00    0.00    0.00    0.00  100.00
02:37:20 AM   21    0.00    0.00    0.00    0.00    0.00    0.00    0.00    0.00    0.00  100.00
02:37:20 AM   22    0.99    0.00    0.99    0.00    0.00    0.00    0.00    0.00    0.00   98.02
02:37:20 AM   23    0.00    0.00    0.00    0.00    0.00    0.00    0.00    0.00    0.00  100.00
02:37:20 AM   24    9.00    0.00   72.00    0.00    0.00   19.00    0.00    0.00    0.00    0.00
02:37:20 AM   25    0.00    0.00    0.00    0.00    0.00    0.00    0.00    0.00    0.00  100.00
02:37:20 AM   26    0.00    0.00    0.00    0.00    0.00    0.00    0.00    0.00    0.00  100.00
02:37:20 AM   27    0.00    0.00    0.00    0.00    0.00    0.00    0.00    0.00    0.00  100.00
02:37:20 AM   28    1.98    0.00    0.99    0.00    0.00    0.00    0.00    0.00    0.00   97.03
02:37:20 AM   29    0.00    0.00    1.01    0.00    0.00    0.00    0.00    0.00    0.00   98.99
02:37:20 AM   30    0.00    0.00    1.00    0.00    0.00    0.00    0.00    0.00    0.00   99.00
02:37:20 AM   31    0.00    0.00    0.00    0.00    0.00    0.00    0.00    0.00    0.00  100.00
02:37:20 AM   32    0.00    0.00    0.00    0.00    0.00    1.00    0.00    0.00    0.00   99.00
02:37:20 AM   33    0.99    0.00    0.99    0.00    0.00    0.00    0.00    0.00    0.00   98.02
02:37:20 AM   34    0.99    0.00    0.00    0.00    0.00    0.00    0.00    0.00    0.00   99.01
02:37:20 AM   35    0.00    0.00    0.00    0.00    0.00    0.00    0.00    0.00    0.00  100.00

02:37:20 AM  CPU    %usr   %nice    %sys %iowait    %irq   %soft  %steal  %guest  %gnice   %idle
02:37:21 AM  all    0.89    0.00    2.54    0.11    0.00    0.50    0.00    0.00    0.00   95.96
02:37:21 AM    0    0.00    0.00    0.00    0.00    0.00    1.02    0.00    0.00    0.00   98.98
02:37:21 AM    1    2.02    0.00    0.00    0.00    0.00    0.00    0.00    0.00    0.00   97.98
02:37:21 AM    2    0.98    0.00    1.96    0.98    0.00    0.00    0.00    0.00    0.00   96.08
02:37:21 AM    3    1.98    0.00    0.00    0.00    0.00    0.00    0.00    0.00    0.00   98.02
02:37:21 AM    4    0.98    0.00    1.96    0.98    0.00    0.00    0.00    0.00    0.00   96.08
02:37:21 AM    5    0.99    0.00    0.99    0.00    0.00    0.00    0.00    0.00    0.00   98.02
02:37:21 AM    6    1.00    0.00    0.00    0.00    0.00    0.00    0.00    0.00    0.00   99.00
02:37:21 AM    7    0.00    0.00    0.00    0.00    0.00    0.00    0.00    0.00    0.00  100.00
02:37:21 AM    8    1.01    0.00    0.00    0.00    0.00    0.00    0.00    0.00    0.00   98.99
02:37:21 AM    9    1.00    0.00    0.00    0.00    0.00    0.00    0.00    0.00    0.00   99.00
02:37:21 AM   10    0.99    0.00    0.99    0.99    0.00    0.00    0.00    0.00    0.00   97.03
02:37:21 AM   11    0.00    0.00    1.01    0.00    0.00    0.00    0.00    0.00    0.00   98.99
02:37:21 AM   12    1.00    0.00    0.00    0.00    0.00    0.00    0.00    0.00    0.00   99.00
02:37:21 AM   13    1.00    0.00    0.00    0.00    0.00    0.00    0.00    0.00    0.00   99.00
02:37:21 AM   14    1.01    0.00    7.07    0.00    0.00    0.00    0.00    0.00    0.00   91.92
02:37:21 AM   15    1.00    0.00    1.00    0.00    0.00    0.00    0.00    0.00    0.00   98.00
02:37:21 AM   16    1.00    0.00    0.00    1.00    0.00    0.00    0.00    0.00    0.00   98.00
02:37:21 AM   17    0.00    0.00    1.02    0.00    0.00    0.00    0.00    0.00    0.00   98.98
02:37:21 AM   18    0.00    0.00    0.00    0.00    0.00    0.00    0.00    0.00    0.00  100.00
02:37:21 AM   19    0.00    0.00    0.00    0.00    0.00    0.00    0.00    0.00    0.00  100.00
02:37:21 AM   20    0.00    0.00    0.00    0.00    0.00    0.00    0.00    0.00    0.00  100.00
02:37:21 AM   21    1.00    0.00    0.00    0.00    0.00    0.00    0.00    0.00    0.00   99.00
02:37:21 AM   22    0.00    0.00    0.00    0.00    0.00    0.00    0.00    0.00    0.00  100.00
02:37:21 AM   23    0.00    0.00    0.00    0.00    0.00    0.00    0.00    0.00    0.00  100.00
02:37:21 AM   24   11.76    0.00   72.55    0.00    0.00   15.69    0.00    0.00    0.00    0.00
02:37:21 AM   25    0.00    0.00    1.09    0.00    0.00    1.09    0.00    0.00    0.00   97.83
02:37:21 AM   26    1.00    0.00    0.00    0.00    0.00    0.00    0.00    0.00    0.00   99.00
02:37:21 AM   27    0.00    0.00    0.00    0.00    0.00    0.00    0.00    0.00    0.00  100.00
02:37:21 AM   28    0.00    0.00    0.00    0.00    0.00    0.00    0.00    0.00    0.00  100.00
02:37:21 AM   29    0.99    0.00    0.00    0.00    0.00    0.00    0.00    0.00    0.00   99.01
02:37:21 AM   30    0.00    0.00    0.00    0.00    0.00    0.00    0.00    0.00    0.00  100.00
02:37:21 AM   31    1.00    0.00    0.00    0.00    0.00    0.00    0.00    0.00    0.00   99.00
02:37:21 AM   32    0.00    0.00    0.00    0.00    0.00    0.00    0.00    0.00    0.00  100.00
02:37:21 AM   33    0.00    0.00    0.00    0.00    0.00    0.00    0.00    0.00    0.00  100.00
02:37:21 AM   34    0.00    0.00    0.00    0.00    0.00    0.00    0.00    0.00    0.00  100.00
02:37:21 AM   35    0.00    0.00    0.00    0.00    0.00    0.00    0.00    0.00    0.00  100.00

02:37:21 AM  CPU    %usr   %nice    %sys %iowait    %irq   %soft  %steal  %guest  %gnice   %idle
02:37:22 AM  all    0.87    0.06    2.38    0.03    0.00    0.42    0.00    0.00    0.00   96.25
02:37:22 AM    0    0.00    0.00    0.00    0.00    0.00    0.00    0.00    0.00    0.00  100.00
02:37:22 AM    1    1.00    0.00    0.00    1.00    0.00    0.00    0.00    0.00    0.00   98.00
02:37:22 AM    2    0.00    0.00    0.00    0.00    0.00    0.00    0.00    0.00    0.00  100.00
02:37:22 AM    3    0.00    0.00    0.00    0.00    0.00    0.00    0.00    0.00    0.00  100.00
02:37:22 AM    4    0.00    0.00    0.00    0.00    0.00    0.00    0.00    0.00    0.00  100.00
02:37:22 AM    5    0.00    0.00    0.00    0.00    0.00    0.00    0.00    0.00    0.00  100.00
02:37:22 AM    6    0.98    0.00    1.96    0.00    0.00    0.00    0.00    0.00    0.00   97.06
02:37:22 AM    7    1.96    0.00    0.98    0.00    0.00    0.00    0.00    0.00    0.00   97.06
02:37:22 AM    8    0.00    0.00    1.00    0.00    0.00    0.00    0.00    0.00    0.00   99.00
02:37:22 AM    9    1.02    0.00    0.00    0.00    0.00    0.00    0.00    0.00    0.00   98.98
02:37:22 AM   10    1.00    0.00    0.00    0.00    0.00    0.00    0.00    0.00    0.00   99.00
02:37:22 AM   11    1.00    0.00    1.00    0.00    0.00    0.00    0.00    0.00    0.00   98.00
02:37:22 AM   12    0.00    0.00    0.00    0.00    0.00    0.00    0.00    0.00    0.00  100.00
02:37:22 AM   13    1.00    1.00    0.00    0.00    0.00    0.00    0.00    0.00    0.00   98.00
02:37:22 AM   14    1.00    0.00    0.00    0.00    0.00    0.00    0.00    0.00    0.00   99.00
02:37:22 AM   15    0.00    1.01    0.00    0.00    0.00    0.00    0.00    0.00    0.00   98.99
02:37:22 AM   16    0.00    0.00    1.02    0.00    0.00    0.00    0.00    0.00    0.00   98.98
02:37:22 AM   17    1.00    0.00    0.00    0.00    0.00    0.00    0.00    0.00    0.00   99.00
02:37:22 AM   18    0.00    0.00    0.00    0.00    0.00    0.00    0.00    0.00    0.00  100.00
02:37:22 AM   19    0.00    0.00    1.00    0.00    0.00    0.00    0.00    0.00    0.00   99.00
02:37:22 AM   20    0.00    0.00    0.00    0.00    0.00    0.00    0.00    0.00    0.00  100.00
02:37:22 AM   21    0.00    0.00    0.00    0.00    0.00    0.00    0.00    0.00    0.00  100.00
02:37:22 AM   22    1.00    0.00    0.00    0.00    0.00    0.00    0.00    0.00    0.00   99.00
02:37:22 AM   23    1.00    0.00    1.00    0.00    0.00    0.00    0.00    0.00    0.00   98.00
02:37:22 AM   24   12.12    0.00   72.73    0.00    0.00   15.15    0.00    0.00    0.00    0.00
02:37:22 AM   25    1.09    0.00    1.09    0.00    0.00    0.00    0.00    0.00    0.00   97.83
02:37:22 AM   26    1.01    0.00    0.00    0.00    0.00    0.00    0.00    0.00    0.00   98.99
02:37:22 AM   27    0.00    0.00    0.00    0.00    0.00    0.00    0.00    0.00    0.00  100.00
02:37:22 AM   28    1.00    0.00    0.00    0.00    0.00    0.00    0.00    0.00    0.00   99.00
02:37:22 AM   29    2.00    0.00    0.00    0.00    0.00    0.00    0.00    0.00    0.00   98.00
02:37:22 AM   30    1.01    0.00    1.01    0.00    0.00    0.00    0.00    0.00    0.00   97.98
02:37:22 AM   31    0.00    0.00    1.00    0.00    0.00    0.00    0.00    0.00    0.00   99.00
02:37:22 AM   32    0.00    0.00    0.00    0.00    0.00    0.00    0.00    0.00    0.00  100.00
02:37:22 AM   33    0.00    0.00    0.00    0.00    0.00    0.00    0.00    0.00    0.00  100.00
02:37:22 AM   34    0.00    0.00    1.00    0.00    0.00    0.00    0.00    0.00    0.00   99.00
02:37:22 AM   35    0.99    0.00    0.99    0.00    0.00    0.00    0.00    0.00    0.00   98.02

02:37:22 AM  CPU    %usr   %nice    %sys %iowait    %irq   %soft  %steal  %guest  %gnice   %idle
02:37:23 AM  all    2.19    0.00    2.61    0.00    0.00    0.59    0.00    0.00    0.00   94.61
02:37:23 AM    0    4.17    0.00    0.00    0.00    0.00    0.00    0.00    0.00    0.00   95.83
02:37:23 AM    1    3.03    0.00    1.01    0.00    0.00    1.01    0.00    0.00    0.00   94.95
02:37:23 AM    2    3.96    0.00    1.98    0.00    0.00    0.00    0.00    0.00    0.00   94.06
02:37:23 AM    3    2.02    0.00    0.00    0.00    0.00    1.01    0.00    0.00    0.00   96.97
02:37:23 AM    4    2.02    0.00    0.00    0.00    0.00    0.00    0.00    0.00    0.00   97.98
02:37:23 AM    5    3.03    0.00    0.00    0.00    0.00    0.00    0.00    0.00    0.00   96.97
02:37:23 AM    6    2.04    0.00    0.00    0.00    0.00    0.00    0.00    0.00    0.00   97.96
02:37:23 AM    7    3.06    0.00    6.12    0.00    0.00    0.00    0.00    0.00    0.00   90.82
02:37:23 AM    8    3.96    0.00    0.99    0.00    0.00    0.00    0.00    0.00    0.00   95.05
02:37:23 AM    9    4.00    0.00    1.00    0.00    0.00    0.00    0.00    0.00    0.00   95.00
02:37:23 AM   10    2.04    0.00    0.00    0.00    0.00    0.00    0.00    0.00    0.00   97.96
02:37:23 AM   11    3.00    0.00    1.00    0.00    0.00    1.00    0.00    0.00    0.00   95.00
02:37:23 AM   12    3.03    0.00    1.01    0.00    0.00    0.00    0.00    0.00    0.00   95.96
02:37:23 AM   13    3.00    0.00    0.00    0.00    0.00    0.00    0.00    0.00    0.00   97.00
02:37:23 AM   14    2.02    0.00    1.01    0.00    0.00    1.01    0.00    0.00    0.00   95.96
02:37:23 AM   15    3.00    0.00    0.00    0.00    0.00    1.00    0.00    0.00    0.00   96.00
02:37:23 AM   16    3.96    0.00    0.99    0.00    0.00    0.00    0.00    0.00    0.00   95.05
02:37:23 AM   17    1.03    0.00    0.00    0.00    0.00    0.00    0.00    0.00    0.00   98.97
02:37:23 AM   18    2.00    0.00    0.00    0.00    0.00    0.00    0.00    0.00    0.00   98.00
02:37:23 AM   19    1.01    0.00    0.00    0.00    0.00    0.00    0.00    0.00    0.00   98.99
02:37:23 AM   20    1.00    0.00    0.00    0.00    0.00    0.00    0.00    0.00    0.00   99.00
02:37:23 AM   21    0.00    0.00    0.00    0.00    0.00    0.00    0.00    0.00    0.00  100.00
02:37:23 AM   22    1.01    0.00    1.01    0.00    0.00    0.00    0.00    0.00    0.00   97.98
02:37:23 AM   23    1.00    0.00    0.00    0.00    0.00    0.00    0.00    0.00    0.00   99.00
02:37:23 AM   24    8.00    0.00   76.00    0.00    0.00   16.00    0.00    0.00    0.00    0.00
02:37:23 AM   25    1.11    0.00    0.00    0.00    0.00    0.00    0.00    0.00    0.00   98.89
02:37:23 AM   26    1.98    0.00    0.00    0.00    0.00    0.00    0.00    0.00    0.00   98.02
02:37:23 AM   27    1.98    0.00    0.99    0.00    0.00    0.00    0.00    0.00    0.00   97.03
02:37:23 AM   28    2.02    0.00    0.00    0.00    0.00    0.00    0.00    0.00    0.00   97.98
02:37:23 AM   29    0.00    0.00    0.00    0.00    0.00    0.00    0.00    0.00    0.00  100.00
02:37:23 AM   30    1.00    0.00    0.00    0.00    0.00    0.00    0.00    0.00    0.00   99.00
02:37:23 AM   31    0.00    0.00    0.00    0.00    0.00    0.00    0.00    0.00    0.00  100.00
02:37:23 AM   32    1.02    0.00    0.00    0.00    0.00    0.00    0.00    0.00    0.00   98.98
02:37:23 AM   33    0.00    0.00    0.00    0.00    0.00    0.00    0.00    0.00    0.00  100.00
02:37:23 AM   34    2.00    0.00    0.00    0.00    0.00    0.00    0.00    0.00    0.00   98.00
02:37:23 AM   35    1.01    0.00    0.00    0.00    0.00    0.00    0.00    0.00    0.00   98.99

02:37:23 AM  CPU    %usr   %nice    %sys %iowait    %irq   %soft  %steal  %guest  %gnice   %idle
02:37:24 AM  all    1.40    0.00    2.46    0.03    0.00    0.56    0.00    0.00    0.00   95.56
02:37:24 AM    0    2.06    0.00    0.00    0.00    0.00    0.00    0.00    0.00    0.00   97.94
02:37:24 AM    1    0.00    0.00    0.00    0.00    0.00    0.00    0.00    0.00    0.00  100.00
02:37:24 AM    2    0.00    0.00    1.02    0.00    0.00    0.00    0.00    0.00    0.00   98.98
02:37:24 AM    3    1.98    0.00    0.99    0.00    0.00    0.00    0.00    0.00    0.00   97.03
02:37:24 AM    4    1.00    0.00    1.00    0.00    0.00    0.00    0.00    0.00    0.00   98.00
02:37:24 AM    5    1.00    0.00    0.00    0.00    0.00    0.00    0.00    0.00    0.00   99.00
02:37:24 AM    6    2.00    0.00    0.00    0.00    0.00    0.00    0.00    0.00    0.00   98.00
02:37:24 AM    7    2.02    0.00    7.07    0.00    0.00    0.00    0.00    0.00    0.00   90.91
02:37:24 AM    8    1.00    0.00    0.00    0.00    0.00    0.00    0.00    0.00    0.00   99.00
02:37:24 AM    9    1.00    0.00    1.00    0.00    0.00    0.00    0.00    0.00    0.00   98.00
02:37:24 AM   10    2.00    0.00    1.00    0.00    0.00    0.00    0.00    0.00    0.00   97.00
02:37:24 AM   11    1.98    0.00    0.00    0.99    0.00    0.00    0.00    0.00    0.00   97.03
02:37:24 AM   12    1.01    0.00    0.00    0.00    0.00    0.00    0.00    0.00    0.00   98.99
02:37:24 AM   13    1.01    0.00    0.00    0.00    0.00    0.00    0.00    0.00    0.00   98.99
02:37:24 AM   14    1.00    0.00    0.00    0.00    0.00    0.00    0.00    0.00    0.00   99.00
02:37:24 AM   15    1.00    0.00    0.00    0.00    0.00    0.00    0.00    0.00    0.00   99.00
02:37:24 AM   16    2.02    0.00    0.00    0.00    0.00    0.00    0.00    0.00    0.00   97.98
02:37:24 AM   17    2.00    0.00    0.00    0.00    0.00    0.00    0.00    0.00    0.00   98.00
02:37:24 AM   18    1.00    0.00    1.00    0.00    0.00    0.00    0.00    0.00    0.00   98.00
02:37:24 AM   19    0.00    0.00    0.00    0.00    0.00    0.00    0.00    0.00    0.00  100.00
02:37:24 AM   20    1.00    0.00    0.00    0.00    0.00    0.00    0.00    0.00    0.00   99.00
02:37:24 AM   21    1.00    0.00    0.00    0.00    0.00    0.00    0.00    0.00    0.00   99.00
02:37:24 AM   22    0.99    0.00    0.99    0.00    0.00    0.00    0.00    0.00    0.00   98.02
02:37:24 AM   23    1.00    0.00    1.00    0.00    0.00    0.00    0.00    0.00    0.00   98.00
02:37:24 AM   24   10.00    0.00   70.00    0.00    0.00   20.00    0.00    0.00    0.00    0.00
02:37:24 AM   25    1.10    0.00    0.00    0.00    0.00    0.00    0.00    0.00    0.00   98.90
02:37:24 AM   26    1.00    0.00    1.00    0.00    0.00    0.00    0.00    0.00    0.00   98.00
02:37:24 AM   27    1.00    0.00    0.00    0.00    0.00    0.00    0.00    0.00    0.00   99.00
02:37:24 AM   28    0.99    0.00    0.00    0.00    0.00    0.00    0.00    0.00    0.00   99.01
02:37:24 AM   29    1.00    0.00    0.00    0.00    0.00    0.00    0.00    0.00    0.00   99.00
02:37:24 AM   30    1.00    0.00    0.00    0.00    0.00    0.00    0.00    0.00    0.00   99.00
02:37:24 AM   31    1.00    0.00    0.00    0.00    0.00    0.00    0.00    0.00    0.00   99.00
02:37:24 AM   32    1.98    0.00    0.00    0.00    0.00    0.00    0.00    0.00    0.00   98.02
02:37:24 AM   33    0.99    0.00    0.99    0.00    0.00    0.00    0.00    0.00    0.00   98.02
02:37:24 AM   34    0.00    0.00    1.01    0.00    0.00    0.00    0.00    0.00    0.00   98.99
02:37:24 AM   35    1.01    0.00    0.00    0.00    0.00    0.00    0.00    0.00    0.00   98.99

02:37:24 AM  CPU    %usr   %nice    %sys %iowait    %irq   %soft  %steal  %guest  %gnice   %idle
02:37:25 AM  all    1.54    0.00    2.58    0.03    0.00    0.42    0.00    0.00    0.00   95.43
02:37:25 AM    0    1.04    0.00    0.00    0.00    0.00    0.00    0.00    0.00    0.00   98.96
02:37:25 AM    1    5.00    0.00    4.00    0.00    0.00    0.00    0.00    0.00    0.00   91.00
02:37:25 AM    2    2.02    0.00    0.00    0.00    0.00    0.00    0.00    0.00    0.00   97.98
02:37:25 AM    3    0.00    0.00    1.02    0.00    0.00    0.00    0.00    0.00    0.00   98.98
02:37:25 AM    4    7.00    0.00    1.00    0.00    0.00    0.00    0.00    0.00    0.00   92.00
02:37:25 AM    5    2.00    0.00    1.00    0.00    0.00    0.00    0.00    0.00    0.00   97.00
02:37:25 AM    6    0.99    0.00    0.99    0.00    0.00    0.00    0.00    0.00    0.00   98.02
02:37:25 AM    7    0.00    0.00    0.00    0.00    0.00    1.00    0.00    0.00    0.00   99.00
02:37:25 AM    8    0.00    0.00    0.00    0.00    0.00    0.00    0.00    0.00    0.00  100.00
02:37:25 AM    9    1.00    0.00    0.00    0.00    0.00    0.00    0.00    0.00    0.00   99.00
02:37:25 AM   10    0.00    0.00    0.00    0.00    0.00    0.00    0.00    0.00    0.00  100.00
02:37:25 AM   11    1.02    0.00    1.02    0.00    0.00    0.00    0.00    0.00    0.00   97.96
02:37:25 AM   12    1.01    0.00    1.01    0.00    0.00    0.00    0.00    0.00    0.00   97.98
02:37:25 AM   13    2.00    0.00    1.00    0.00    0.00    0.00    0.00    0.00    0.00   97.00
02:37:25 AM   14    1.01    0.00    0.00    0.00    0.00    0.00    0.00    0.00    0.00   98.99
02:37:25 AM   15    0.99    0.00    0.99    0.00    0.00    0.00    0.00    0.00    0.00   98.02
02:37:25 AM   16    2.00    0.00    0.00    0.00    0.00    1.00    0.00    0.00    0.00   97.00
02:37:25 AM   17    1.00    0.00    0.00    1.00    0.00    0.00    0.00    0.00    0.00   98.00
02:37:25 AM   18    1.01    0.00    0.00    0.00    0.00    0.00    0.00    0.00    0.00   98.99
02:37:25 AM   19    1.01    0.00    0.00    0.00    0.00    0.00    0.00    0.00    0.00   98.99
02:37:25 AM   20    0.00    0.00    0.00    0.00    0.00    0.00    0.00    0.00    0.00  100.00
02:37:25 AM   21    1.01    0.00    0.00    0.00    0.00    0.00    0.00    0.00    0.00   98.99
02:37:25 AM   22    0.00    0.00    0.00    0.00    0.00    0.00    0.00    0.00    0.00  100.00
02:37:25 AM   23    0.00    0.00    1.01    0.00    0.00    0.00    0.00    0.00    0.00   98.99
02:37:25 AM   24   13.00    0.00   74.00    0.00    0.00   13.00    0.00    0.00    0.00    0.00
02:37:25 AM   25    1.10    0.00    0.00    0.00    0.00    0.00    0.00    0.00    0.00   98.90
02:37:25 AM   26    1.00    0.00    0.00    0.00    0.00    0.00    0.00    0.00    0.00   99.00
02:37:25 AM   27    1.00    0.00    0.00    0.00    0.00    0.00    0.00    0.00    0.00   99.00
02:37:25 AM   28    1.00    0.00    1.00    0.00    0.00    0.00    0.00    0.00    0.00   98.00
02:37:25 AM   29    1.00    0.00    1.00    0.00    0.00    0.00    0.00    0.00    0.00   98.00
02:37:25 AM   30    0.00    0.00    0.00    0.00    0.00    0.00    0.00    0.00    0.00  100.00
02:37:25 AM   31    1.00    0.00    1.00    0.00    0.00    0.00    0.00    0.00    0.00   98.00
02:37:25 AM   32    1.01    0.00    1.01    0.00    0.00    0.00    0.00    0.00    0.00   97.98
02:37:25 AM   33    1.00    0.00    0.00    0.00    0.00    0.00    0.00    0.00    0.00   99.00
02:37:25 AM   34    1.01    0.00    0.00    0.00    0.00    0.00    0.00    0.00    0.00   98.99
02:37:25 AM   35    2.02    0.00    1.01    0.00    0.00    0.00    0.00    0.00    0.00   96.97

02:37:25 AM  CPU    %usr   %nice    %sys %iowait    %irq   %soft  %steal  %guest  %gnice   %idle
02:37:26 AM  all    0.95    0.06    2.60    0.03    0.00    0.47    0.00    0.00    0.00   95.89
02:37:26 AM    0    0.00    0.00    1.02    0.00    0.00    1.02    0.00    0.00    0.00   97.96
02:37:26 AM    1    2.00    0.00    1.00    0.00    0.00    0.00    0.00    0.00    0.00   97.00
02:37:26 AM    2    1.98    0.00    0.99    0.00    0.00    0.00    0.00    0.00    0.00   97.03
02:37:26 AM    3    1.98    0.00    0.00    0.00    0.00    0.00    0.00    0.00    0.00   98.02
02:37:26 AM    4    0.00    0.00    0.00    0.00    0.00    0.00    0.00    0.00    0.00  100.00
02:37:26 AM    5    0.00    0.00    0.00    0.00    0.00    0.00    0.00    0.00    0.00  100.00
02:37:26 AM    6    1.01    0.00    0.00    0.00    0.00    0.00    0.00    0.00    0.00   98.99
02:37:26 AM    7    2.02    0.00    7.07    0.00    0.00    0.00    0.00    0.00    0.00   90.91
02:37:26 AM    8    1.00    0.00    0.00    1.00    0.00    0.00    0.00    0.00    0.00   98.00
02:37:26 AM    9    0.00    0.00    1.00    0.00    0.00    0.00    0.00    0.00    0.00   99.00
02:37:26 AM   10    1.00    0.00    0.00    0.00    0.00    0.00    0.00    0.00    0.00   99.00
02:37:26 AM   11    0.00    0.00    0.00    0.00    0.00    0.00    0.00    0.00    0.00  100.00
02:37:26 AM   12    1.00    1.00    0.00    0.00    0.00    0.00    0.00    0.00    0.00   98.00
02:37:26 AM   13    1.01    0.00    0.00    0.00    0.00    0.00    0.00    0.00    0.00   98.99
02:37:26 AM   14    1.00    0.00    0.00    0.00    0.00    0.00    0.00    0.00    0.00   99.00
02:37:26 AM   15    0.00    0.00    1.00    0.00    0.00    0.00    0.00    0.00    0.00   99.00
02:37:26 AM   16    0.00    0.00    0.00    0.00    0.00    0.00    0.00    0.00    0.00  100.00
02:37:26 AM   17    1.00    1.00    0.00    0.00    0.00    0.00    0.00    0.00    0.00   98.00
02:37:26 AM   18    0.00    0.00    0.00    0.00    0.00    0.00    0.00    0.00    0.00  100.00
02:37:26 AM   19    0.00    0.00    1.00    0.00    0.00    0.00    0.00    0.00    0.00   99.00
02:37:26 AM   20    1.00    0.00    1.00    0.00    0.00    0.00    0.00    0.00    0.00   98.00
02:37:26 AM   21    0.00    0.00    0.00    0.00    0.00    0.00    0.00    0.00    0.00  100.00
02:37:26 AM   22    0.00    0.00    0.00    0.00    0.00    0.00    0.00    0.00    0.00  100.00
02:37:26 AM   23    1.98    0.00    0.99    0.00    0.00    0.00    0.00    0.00    0.00   97.03
02:37:26 AM   24   10.89    0.00   73.27    0.00    0.00   15.84    0.00    0.00    0.00    0.00
02:37:26 AM   25    0.00    0.00    1.09    0.00    0.00    0.00    0.00    0.00    0.00   98.91
02:37:26 AM   26    0.00    0.00    1.01    0.00    0.00    0.00    0.00    0.00    0.00   98.99
02:37:26 AM   27    1.00    0.00    1.00    0.00    0.00    0.00    0.00    0.00    0.00   98.00
02:37:26 AM   28    1.00    0.00    0.00    0.00    0.00    0.00    0.00    0.00    0.00   99.00
02:37:26 AM   29    1.00    0.00    0.00    0.00    0.00    0.00    0.00    0.00    0.00   99.00
02:37:26 AM   30    1.00    0.00    0.00    0.00    0.00    0.00    0.00    0.00    0.00   99.00
02:37:26 AM   31    0.00    0.00    0.00    0.00    0.00    0.00    0.00    0.00    0.00  100.00
02:37:26 AM   32    0.00    0.00    0.00    0.00    0.00    0.00    0.00    0.00    0.00  100.00
02:37:26 AM   33    0.00    0.00    0.00    0.00    0.00    0.00    0.00    0.00    0.00  100.00
02:37:26 AM   34    0.00    0.00    0.00    0.00    0.00    0.00    0.00    0.00    0.00  100.00
02:37:26 AM   35    0.98    0.00    0.98    0.00    0.00    0.00    0.00    0.00    0.00   98.04

02:37:26 AM  CPU    %usr   %nice    %sys %iowait    %irq   %soft  %steal  %guest  %gnice   %idle
02:37:27 AM  all    1.56    0.08    2.31    0.03    0.00    0.50    0.00    0.00    0.00   95.51
02:37:27 AM    0    2.02    1.01    0.00    0.00    0.00    1.01    0.00    0.00    0.00   95.96
02:37:27 AM    1    2.02    0.00    0.00    0.00    0.00    0.00    0.00    0.00    0.00   97.98
02:37:27 AM    2    2.02    0.00    0.00    0.00    0.00    0.00    0.00    0.00    0.00   97.98
02:37:27 AM    3    1.96    0.00    2.94    0.98    0.00    0.00    0.00    0.00    0.00   94.12
02:37:27 AM    4    1.98    0.99    0.00    0.00    0.00    0.00    0.00    0.00    0.00   97.03
02:37:27 AM    5    2.00    1.00    1.00    0.00    0.00    0.00    0.00    0.00    0.00   96.00
02:37:27 AM    6    2.00    0.00    0.00    0.00    0.00    0.00    0.00    0.00    0.00   98.00
02:37:27 AM    7    2.00    0.00    3.00    0.00    0.00    0.00    0.00    0.00    0.00   95.00
02:37:27 AM    8    2.00    0.00    0.00    0.00    0.00    0.00    0.00    0.00    0.00   98.00
02:37:27 AM    9    2.00    0.00    0.00    0.00    0.00    0.00    0.00    0.00    0.00   98.00
02:37:27 AM   10    1.01    0.00    0.00    0.00    0.00    0.00    0.00    0.00    0.00   98.99
02:37:27 AM   11    2.00    0.00    0.00    0.00    0.00    0.00    0.00    0.00    0.00   98.00
02:37:27 AM   12    1.98    0.00    0.99    0.00    0.00    0.00    0.00    0.00    0.00   97.03
02:37:27 AM   13    2.97    0.00    0.00    0.00    0.00    0.00    0.00    0.00    0.00   97.03
02:37:27 AM   14    1.01    0.00    0.00    0.00    0.00    0.00    0.00    0.00    0.00   98.99
02:37:27 AM   15    1.01    0.00    0.00    0.00    0.00    0.00    0.00    0.00    0.00   98.99
02:37:27 AM   16    2.00    0.00    1.00    0.00    0.00    0.00    0.00    0.00    0.00   97.00
02:37:27 AM   17    1.00    0.00    1.00    0.00    0.00    0.00    0.00    0.00    0.00   98.00
02:37:27 AM   18    0.99    0.00    0.00    0.00    0.00    0.00    0.00    0.00    0.00   99.01
02:37:27 AM   19    1.00    0.00    0.00    0.00    0.00    0.00    0.00    0.00    0.00   99.00
02:37:27 AM   20    0.00    0.00    0.00    0.00    0.00    0.00    0.00    0.00    0.00  100.00
02:37:27 AM   21    0.00    0.00    0.00    0.00    0.00    0.00    0.00    0.00    0.00  100.00
02:37:27 AM   22    0.00    0.00    1.00    0.00    0.00    0.00    0.00    0.00    0.00   99.00
02:37:27 AM   23    0.00    0.00    0.00    0.00    0.00    0.00    0.00    0.00    0.00  100.00
02:37:27 AM   24   13.13    0.00   69.70    0.00    0.00   17.17    0.00    0.00    0.00    0.00
02:37:27 AM   25    1.10    0.00    0.00    0.00    0.00    0.00    0.00    0.00    0.00   98.90
02:37:27 AM   26    1.00    0.00    0.00    0.00    0.00    0.00    0.00    0.00    0.00   99.00
02:37:27 AM   27    0.00    0.00    1.00    0.00    0.00    0.00    0.00    0.00    0.00   99.00
02:37:27 AM   28    0.00    0.00    0.00    0.00    0.00    0.00    0.00    0.00    0.00  100.00
02:37:27 AM   29    0.99    0.00    1.98    0.00    0.00    0.00    0.00    0.00    0.00   97.03
02:37:27 AM   30    1.00    0.00    0.00    0.00    0.00    0.00    0.00    0.00    0.00   99.00
02:37:27 AM   31    1.00    0.00    0.00    0.00    0.00    0.00    0.00    0.00    0.00   99.00
02:37:27 AM   32    1.98    0.00    0.00    0.00    0.00    0.00    0.00    0.00    0.00   98.02
02:37:27 AM   33    0.00    0.00    0.00    0.00    0.00    0.00    0.00    0.00    0.00  100.00
02:37:27 AM   34    0.00    0.00    0.00    0.00    0.00    0.00    0.00    0.00    0.00  100.00
02:37:27 AM   35    1.01    0.00    0.00    0.00    0.00    0.00    0.00    0.00    0.00   98.99

02:37:27 AM  CPU    %usr   %nice    %sys %iowait    %irq   %soft  %steal  %guest  %gnice   %idle
02:37:28 AM  all    1.01    0.08    2.35    0.03    0.00    0.48    0.00    0.00    0.00   96.05
02:37:28 AM    0    1.01    0.00    1.01    1.01    0.00    1.01    0.00    0.00    0.00   95.96
02:37:28 AM    1    1.01    0.00    1.01    0.00    0.00    0.00    0.00    0.00    0.00   97.98
02:37:28 AM    2    2.02    0.00    0.00    0.00    0.00    0.00    0.00    0.00    0.00   97.98
02:37:28 AM    3    0.00    0.00    1.01    0.00    0.00    0.00    0.00    0.00    0.00   98.99
02:37:28 AM    4    2.02    0.00    0.00    0.00    0.00    0.00    0.00    0.00    0.00   97.98
02:37:28 AM    5    1.00    1.00    0.00    0.00    0.00    0.00    0.00    0.00    0.00   98.00
02:37:28 AM    6    1.01    0.00    0.00    0.00    0.00    0.00    0.00    0.00    0.00   98.99
02:37:28 AM    7    1.02    0.00    4.08    0.00    0.00    0.00    0.00    0.00    0.00   94.90
02:37:28 AM    8    0.99    0.00    0.99    0.00    0.00    0.00    0.00    0.00    0.00   98.02
02:37:28 AM    9    1.01    0.00    0.00    0.00    0.00    0.00    0.00    0.00    0.00   98.99
02:37:28 AM   10    1.00    0.00    0.00    0.00    0.00    0.00    0.00    0.00    0.00   99.00
02:37:28 AM   11    1.00    0.00    0.00    0.00    0.00    0.00    0.00    0.00    0.00   99.00
02:37:28 AM   12    0.00    0.00    0.00    0.00    0.00    0.00    0.00    0.00    0.00  100.00
02:37:28 AM   13    0.00    1.00    1.00    0.00    0.00    0.00    0.00    0.00    0.00   98.00
02:37:28 AM   14    0.00    0.00    1.01    0.00    0.00    0.00    0.00    0.00    0.00   98.99
02:37:28 AM   15    1.00    0.00    0.00    0.00    0.00    0.00    0.00    0.00    0.00   99.00
02:37:28 AM   16    2.00    0.00    0.00    0.00    0.00    0.00    0.00    0.00    0.00   98.00
02:37:28 AM   17    1.02    0.00    0.00    0.00    0.00    0.00    0.00    0.00    0.00   98.98
02:37:28 AM   18    0.00    0.00    0.00    0.00    0.00    0.00    0.00    0.00    0.00  100.00
02:37:28 AM   19    0.00    0.00    0.00    0.00    0.00    0.00    0.00    0.00    0.00  100.00
02:37:28 AM   20    1.00    0.00    0.00    0.00    0.00    0.00    0.00    0.00    0.00   99.00
02:37:28 AM   21    0.00    0.00    0.00    0.00    0.00    0.00    0.00    0.00    0.00  100.00
02:37:28 AM   22    0.00    0.00    0.00    0.00    0.00    0.00    0.00    0.00    0.00  100.00
02:37:28 AM   23    1.00    0.00    0.00    0.00    0.00    0.00    0.00    0.00    0.00   99.00
02:37:28 AM   24   12.00    0.00   72.00    0.00    0.00   16.00    0.00    0.00    0.00    0.00
02:37:28 AM   25    0.00    0.00    0.00    0.00    0.00    0.00    0.00    0.00    0.00  100.00
02:37:28 AM   26    1.01    0.00    0.00    0.00    0.00    0.00    0.00    0.00    0.00   98.99
02:37:28 AM   27    0.99    0.00    0.99    0.00    0.00    0.00    0.00    0.00    0.00   98.02
02:37:28 AM   28    0.00    0.00    0.00    0.00    0.00    0.00    0.00    0.00    0.00  100.00
02:37:28 AM   29    1.00    0.00    0.00    0.00    0.00    0.00    0.00    0.00    0.00   99.00
02:37:28 AM   30    0.00    0.00    0.00    0.00    0.00    0.00    0.00    0.00    0.00  100.00
02:37:28 AM   31    0.00    0.00    0.00    0.00    0.00    0.00    0.00    0.00    0.00  100.00
02:37:28 AM   32    0.00    0.00    1.00    0.00    0.00    0.00    0.00    0.00    0.00   99.00
02:37:28 AM   33    1.00    0.00    0.00    0.00    0.00    0.00    0.00    0.00    0.00   99.00
02:37:28 AM   34    0.99    0.99    0.00    0.00    0.00    0.00    0.00    0.00    0.00   98.02
02:37:28 AM   35    0.00    0.00    0.00    0.00    0.00    0.00    0.00    0.00    0.00  100.00

Average:     CPU    %usr   %nice    %sys %iowait    %irq   %soft  %steal  %guest  %gnice   %idle
Average:     all    1.23    0.03    2.43    0.04    0.00    0.51    0.00    0.00    0.00   95.76
Average:       0    1.13    0.10    0.31    0.21    0.00    0.51    0.00    0.00    0.00   97.74
Average:       1    1.72    0.00    0.71    0.20    0.00    0.10    0.00    0.00    0.00   97.28
Average:       2    1.31    0.00    0.60    0.10    0.00    0.00    0.00    0.00    0.00   97.99
Average:       3    1.10    0.00    0.70    0.10    0.00    0.10    0.00    0.00    0.00   98.00
Average:       4    1.60    0.10    0.40    0.10    0.00    0.00    0.00    0.00    0.00   97.79
Average:       5    1.50    0.20    0.40    0.00    0.00    0.10    0.00    0.00    0.00   97.80
Average:       6    1.40    0.00    0.40    0.00    0.00    0.00    0.00    0.00    0.00   98.20
Average:       7    1.71    0.00    3.52    0.00    0.00    0.10    0.00    0.00    0.00   94.67
Average:       8    1.00    0.00    0.30    0.10    0.00    0.00    0.00    0.00    0.00   98.59
Average:       9    1.40    0.00    0.40    0.00    0.00    0.10    0.00    0.00    0.00   98.09
Average:      10    1.11    0.00    0.30    0.10    0.00    0.00    0.00    0.00    0.00   98.49
Average:      11    1.20    0.00    0.80    0.10    0.00    0.10    0.00    0.00    0.00   97.80
Average:      12    1.41    0.10    0.50    0.00    0.00    0.00    0.00    0.00    0.00   97.99
Average:      13    1.40    0.30    0.30    0.00    0.00    0.00    0.00    0.00    0.00   98.00
Average:      14    1.21    0.00    1.11    0.00    0.00    0.10    0.00    0.00    0.00   97.59
Average:      15    0.80    0.10    0.30    0.00    0.00    0.10    0.00    0.00    0.00   98.69
Average:      16    1.41    0.00    0.30    0.10    0.00    0.10    0.00    0.00    0.00   98.09
Average:      17    1.11    0.10    0.30    0.10    0.00    0.00    0.00    0.00    0.00   98.39
Average:      18    0.50    0.00    0.10    0.00    0.00    0.00    0.00    0.00    0.00   99.40
Average:      19    0.40    0.00    0.20    0.00    0.00    0.00    0.00    0.00    0.00   99.40
Average:      20    0.40    0.00    0.10    0.00    0.00    0.00    0.00    0.00    0.00   99.50
Average:      21    0.30    0.00    0.00    0.00    0.00    0.00    0.00    0.00    0.00   99.70
Average:      22    0.40    0.00    0.40    0.00    0.00    0.00    0.00    0.00    0.00   99.20
Average:      23    0.70    0.00    0.40    0.00    0.00    0.00    0.00    0.00    0.00   98.89
Average:      24   11.10    0.00   70.80    0.00    0.00   16.50    0.00    0.00    0.00    1.60
Average:      25    0.66    0.00    0.44    0.00    0.00    0.11    0.00    0.00    0.00   98.80
Average:      26    0.80    0.00    0.20    0.00    0.00    0.00    0.00    0.00    0.00   99.00
Average:      27    0.60    0.00    0.40    0.00    0.00    0.00    0.00    0.00    0.00   99.00
Average:      28    0.80    0.00    0.30    0.00    0.00    0.00    0.00    0.00    0.00   98.90
Average:      29    0.80    0.00    0.50    0.00    0.00    0.00    0.00    0.00    0.00   98.70
Average:      30    0.60    0.00    0.20    0.00    0.00    0.00    0.00    0.00    0.00   99.20
Average:      31    0.40    0.00    0.20    0.00    0.00    0.00    0.00    0.00    0.00   99.40
Average:      32    0.60    0.10    0.30    0.10    0.00    0.10    0.00    0.00    0.00   98.80
Average:      33    0.40    0.00    0.20    0.00    0.00    0.00    0.00    0.00    0.00   99.40
Average:      34    0.50    0.10    0.30    0.00    0.00    0.00    0.00    0.00    0.00   99.10
Average:      35    0.80    0.00    0.30    0.00    0.00    0.00    0.00    0.00    0.00   98.90
