Linux 5.15.0-186-generic (rapids4) 	07/28/2026 	_x86_64_	(36 CPU)

03:13:33 AM  CPU    %usr   %nice    %sys %iowait    %irq   %soft  %steal  %guest  %gnice   %idle
03:13:34 AM  all    1.79    0.03    2.66    0.08    0.00    1.32    0.00    0.00    0.00   94.12
03:13:34 AM    0    1.00    0.00    1.00    0.00    0.00    2.00    0.00    0.00    0.00   96.00
03:13:34 AM    1    0.00    0.00    0.00    0.00    0.00    0.00    0.00    0.00    0.00  100.00
03:13:34 AM    2    1.02    0.00    0.00    0.00    0.00    0.00    0.00    0.00    0.00   98.98
03:13:34 AM    3    4.00    0.00    6.00    0.00    0.00    0.00    0.00    0.00    0.00   90.00
03:13:34 AM    4    1.96    0.98    0.98    0.00    0.00    0.00    0.00    0.00    0.00   96.08
03:13:34 AM    5    1.00    0.00    2.00    0.00    0.00    0.00    0.00    0.00    0.00   97.00
03:13:34 AM    6    2.02    0.00    0.00    0.00    0.00    0.00    0.00    0.00    0.00   97.98
03:13:34 AM    7    1.00    0.00    1.00    0.00    0.00    0.00    0.00    0.00    0.00   98.00
03:13:34 AM    8    0.00    0.00    0.00    1.02    0.00    0.00    0.00    0.00    0.00   98.98
03:13:34 AM    9    1.01    0.00    0.00    0.00    0.00    0.00    0.00    0.00    0.00   98.99
03:13:34 AM   10    1.02    0.00    0.00    0.00    0.00    0.00    0.00    0.00    0.00   98.98
03:13:34 AM   11    0.00    0.00    0.00    0.00    0.00    0.00    0.00    0.00    0.00  100.00
03:13:34 AM   12    1.00    0.00    1.00    1.00    0.00    0.00    0.00    0.00    0.00   97.00
03:13:34 AM   13    1.01    0.00    0.00    0.00    0.00    0.00    0.00    0.00    0.00   98.99
03:13:34 AM   14    2.04    0.00    0.00    0.00    0.00    0.00    0.00    0.00    0.00   97.96
03:13:34 AM   15    1.01    0.00    1.01    0.00    0.00    0.00    0.00    0.00    0.00   97.98
03:13:34 AM   16    1.01    0.00    1.01    0.00    0.00    0.00    0.00    0.00    0.00   97.98
03:13:34 AM   17    0.00    0.00    0.00    0.00    0.00    0.00    0.00    0.00    0.00  100.00
03:13:34 AM   18    0.00    0.00    0.00    0.00    0.00    0.00    0.00    0.00    0.00  100.00
03:13:34 AM   19    0.00    0.00    0.00    0.00    0.00    0.00    0.00    0.00    0.00  100.00
03:13:34 AM   20    1.01    0.00    0.00    0.00    0.00    0.00    0.00    0.00    0.00   98.99
03:13:34 AM   21    0.00    0.00    0.00    0.00    0.00    0.00    0.00    0.00    0.00  100.00
03:13:34 AM   22    0.00    0.00    0.00    0.00    0.00    0.00    0.00    0.00    0.00  100.00
03:13:34 AM   23    0.00    0.00    1.00    1.00    0.00    0.00    0.00    0.00    0.00   98.00
03:13:34 AM   24   18.18    0.00   40.40    0.00    0.00   25.25    0.00    0.00    0.00   16.16
03:13:34 AM   25   19.61    0.00   35.29    0.00    0.00   19.61    0.00    0.00    0.00   25.49
03:13:34 AM   26    1.00    0.00    0.00    0.00    0.00    0.00    0.00    0.00    0.00   99.00
03:13:34 AM   27    0.00    0.00    1.00    0.00    0.00    0.00    0.00    0.00    0.00   99.00
03:13:34 AM   28    0.00    0.00    1.00    0.00    0.00    0.00    0.00    0.00    0.00   99.00
03:13:34 AM   29    1.00    0.00    1.00    0.00    0.00    0.00    0.00    0.00    0.00   98.00
03:13:34 AM   30    2.00    0.00    0.00    0.00    0.00    0.00    0.00    0.00    0.00   98.00
03:13:34 AM   31    0.00    0.00    0.00    0.00    0.00    0.00    0.00    0.00    0.00  100.00
03:13:34 AM   32    1.00    0.00    1.00    0.00    0.00    0.00    0.00    0.00    0.00   98.00
03:13:34 AM   33    0.00    0.00    0.00    0.00    0.00    0.00    0.00    0.00    0.00  100.00
03:13:34 AM   34    0.00    0.00    0.00    0.00    0.00    0.00    0.00    0.00    0.00  100.00
03:13:34 AM   35    0.00    0.00    0.00    0.00    0.00    0.00    0.00    0.00    0.00  100.00

03:13:34 AM  CPU    %usr   %nice    %sys %iowait    %irq   %soft  %steal  %guest  %gnice   %idle
03:13:35 AM  all    2.03    0.06    3.14    0.03    0.00    1.64    0.00    0.00    0.00   93.11
03:13:35 AM    0    0.00    0.00    0.00    0.00    0.00    4.95    0.00    0.00    0.00   95.05
03:13:35 AM    1    1.00    0.00    1.00    0.00    0.00    0.00    0.00    0.00    0.00   98.00
03:13:35 AM    2    1.98    0.00    0.99    0.00    0.00    0.00    0.00    0.00    0.00   97.03
03:13:35 AM    3    2.00    0.00    8.00    0.00    0.00    0.00    0.00    0.00    0.00   90.00
03:13:35 AM    4    2.00    0.00    0.00    0.00    0.00    0.00    0.00    0.00    0.00   98.00
03:13:35 AM    5    0.00    0.00    1.00    0.00    0.00    0.00    0.00    0.00    0.00   99.00
03:13:35 AM    6    0.00    0.00    0.00    0.00    0.00    0.00    0.00    0.00    0.00  100.00
03:13:35 AM    7    1.00    2.00    1.00    0.00    0.00    0.00    0.00    0.00    0.00   96.00
03:13:35 AM    8    0.00    0.00    1.02    0.00    0.00    0.00    0.00    0.00    0.00   98.98
03:13:35 AM    9    0.00    0.00    0.00    0.00    0.00    0.00    0.00    0.00    0.00  100.00
03:13:35 AM   10    1.00    0.00    0.00    0.00    0.00    0.00    0.00    0.00    0.00   99.00
03:13:35 AM   11    0.00    0.00    1.01    0.00    0.00    0.00    0.00    0.00    0.00   98.99
03:13:35 AM   12    0.00    0.00    0.00    0.00    0.00    0.00    0.00    0.00    0.00  100.00
03:13:35 AM   13    0.99    0.00    0.99    0.00    0.00    0.00    0.00    0.00    0.00   98.02
03:13:35 AM   14    1.00    0.00    1.00    0.00    0.00    0.00    0.00    0.00    0.00   98.00
03:13:35 AM   15    1.00    0.00    0.00    0.00    0.00    0.00    0.00    0.00    0.00   99.00
03:13:35 AM   16    0.00    0.00    1.01    0.00    0.00    0.00    0.00    0.00    0.00   98.99
03:13:35 AM   17    0.99    0.00    0.99    0.00    0.00    0.00    0.00    0.00    0.00   98.02
03:13:35 AM   18    1.00    0.00    0.00    0.00    0.00    0.00    0.00    0.00    0.00   99.00
03:13:35 AM   19    2.97    0.00    4.95    0.00    0.00    0.00    0.00    0.00    0.00   92.08
03:13:35 AM   20    1.00    0.00    0.00    0.00    0.00    0.00    0.00    0.00    0.00   99.00
03:13:35 AM   21    1.00    0.00    0.00    0.00    0.00    0.00    0.00    0.00    0.00   99.00
03:13:35 AM   22    0.00    0.00    1.00    1.00    0.00    0.00    0.00    0.00    0.00   98.00
03:13:35 AM   23    1.00    0.00    0.00    0.00    0.00    0.00    0.00    0.00    0.00   99.00
03:13:35 AM   24   27.00    0.00   44.00    0.00    0.00   29.00    0.00    0.00    0.00    0.00
03:13:35 AM   25   21.57    0.00   43.14    0.00    0.00   24.51    0.00    0.00    0.00   10.78
03:13:35 AM   26    0.00    0.00    0.00    0.00    0.00    0.00    0.00    0.00    0.00  100.00
03:13:35 AM   27    0.00    0.00    0.00    0.00    0.00    0.00    0.00    0.00    0.00  100.00
03:13:35 AM   28    0.00    0.00    0.00    0.00    0.00    0.00    0.00    0.00    0.00  100.00
03:13:35 AM   29    1.00    0.00    0.00    0.00    0.00    0.00    0.00    0.00    0.00   99.00
03:13:35 AM   30    0.00    0.00    0.99    0.00    0.00    0.00    0.00    0.00    0.00   99.01
03:13:35 AM   31    0.00    0.00    0.00    0.00    0.00    0.00    0.00    0.00    0.00  100.00
03:13:35 AM   32    0.00    0.00    0.00    0.00    0.00    0.00    0.00    0.00    0.00  100.00
03:13:35 AM   33    1.00    0.00    0.00    0.00    0.00    0.00    0.00    0.00    0.00   99.00
03:13:35 AM   34    0.99    0.00    0.00    0.00    0.00    0.00    0.00    0.00    0.00   99.01
03:13:35 AM   35    1.00    0.00    0.00    0.00    0.00    0.00    0.00    0.00    0.00   99.00

03:13:35 AM  CPU    %usr   %nice    %sys %iowait    %irq   %soft  %steal  %guest  %gnice   %idle
03:13:36 AM  all    1.76    0.03    2.65    0.11    0.00    1.84    0.00    0.00    0.00   93.61
03:13:36 AM    0    0.97    0.00    0.00    0.97    0.00    5.83    0.00    0.00    0.00   92.23
03:13:36 AM    1    1.00    0.00    0.00    0.00    0.00    0.00    0.00    0.00    0.00   99.00
03:13:36 AM    2    0.00    0.00    0.00    0.00    0.00    0.00    0.00    0.00    0.00  100.00
03:13:36 AM    3    0.00    0.00    0.00    0.00    0.00    0.00    0.00    0.00    0.00  100.00
03:13:36 AM    4    1.00    0.00    1.00    0.00    0.00    0.00    0.00    0.00    0.00   98.00
03:13:36 AM    5    2.00    0.00    0.00    0.00    0.00    0.00    0.00    0.00    0.00   98.00
03:13:36 AM    6    0.00    0.00    0.00    0.00    0.00    0.00    0.00    0.00    0.00  100.00
03:13:36 AM    7    1.01    0.00    0.00    0.00    0.00    0.00    0.00    0.00    0.00   98.99
03:13:36 AM    8    1.00    1.00    0.00    0.00    0.00    0.00    0.00    0.00    0.00   98.00
03:13:36 AM    9    0.00    0.00    0.00    1.02    0.00    0.00    0.00    0.00    0.00   98.98
03:13:36 AM   10    1.98    0.00    0.99    0.00    0.00    0.00    0.00    0.00    0.00   97.03
03:13:36 AM   11    1.01    0.00    0.00    0.00    0.00    0.00    0.00    0.00    0.00   98.99
03:13:36 AM   12    1.00    0.00    1.00    0.00    0.00    0.00    0.00    0.00    0.00   98.00
03:13:36 AM   13    0.00    0.00    0.00    0.00    0.00    0.00    0.00    0.00    0.00  100.00
03:13:36 AM   14    2.97    0.00    0.00    0.00    0.00    0.00    0.00    0.00    0.00   97.03
03:13:36 AM   15    0.00    0.00    0.00    0.00    0.00    0.00    0.00    0.00    0.00  100.00
03:13:36 AM   16    1.01    0.00    0.00    0.00    0.00    0.00    0.00    0.00    0.00   98.99
03:13:36 AM   17    1.00    0.00    1.00    1.00    0.00    0.00    0.00    0.00    0.00   97.00
03:13:36 AM   18    0.00    0.00    1.01    1.01    0.00    0.00    0.00    0.00    0.00   97.98
03:13:36 AM   19    1.00    0.00    0.00    0.00    0.00    0.00    0.00    0.00    0.00   99.00
03:13:36 AM   20    0.99    0.00    0.99    0.00    0.00    0.00    0.00    0.00    0.00   98.02
03:13:36 AM   21    0.00    0.00    1.00    0.00    0.00    0.00    0.00    0.00    0.00   99.00
03:13:36 AM   22    0.00    0.00    0.00    0.00    0.00    0.00    0.00    0.00    0.00  100.00
03:13:36 AM   23    0.00    0.00    0.00    0.00    0.00    0.00    0.00    0.00    0.00  100.00
03:13:36 AM   24   18.00    0.00   46.00    0.00    0.00   36.00    0.00    0.00    0.00    0.00
03:13:36 AM   25   21.05    0.00   43.16    0.00    0.00   25.26    0.00    0.00    0.00   10.53
03:13:36 AM   26    1.00    0.00    0.00    0.00    0.00    0.00    0.00    0.00    0.00   99.00
03:13:36 AM   27    1.00    0.00    0.00    0.00    0.00    0.00    0.00    0.00    0.00   99.00
03:13:36 AM   28    0.99    0.00    0.00    0.00    0.00    0.00    0.00    0.00    0.00   99.01
03:13:36 AM   29    1.00    0.00    0.00    0.00    0.00    0.00    0.00    0.00    0.00   99.00
03:13:36 AM   30    0.00    0.00    0.00    0.00    0.00    0.00    0.00    0.00    0.00  100.00
03:13:36 AM   31    0.99    0.00    0.00    0.00    0.00    0.00    0.00    0.00    0.00   99.01
03:13:36 AM   32    0.00    0.00    0.00    0.00    0.00    0.00    0.00    0.00    0.00  100.00
03:13:36 AM   33    1.00    0.00    1.00    0.00    0.00    0.00    0.00    0.00    0.00   98.00
03:13:36 AM   34    0.00    0.00    0.00    0.00    0.00    0.00    0.00    0.00    0.00  100.00
03:13:36 AM   35    1.01    0.00    0.00    0.00    0.00    0.00    0.00    0.00    0.00   98.99

03:13:36 AM  CPU    %usr   %nice    %sys %iowait    %irq   %soft  %steal  %guest  %gnice   %idle
03:13:37 AM  all    1.99    0.03    2.77    0.08    0.00    1.79    0.00    0.00    0.00   93.34
03:13:37 AM    0    0.00    0.00    0.00    0.00    0.00    6.00    0.00    0.00    0.00   94.00
03:13:37 AM    1    0.00    0.00    0.00    0.00    0.00    0.00    0.00    0.00    0.00  100.00
03:13:37 AM    2    1.00    0.00    1.00    0.00    0.00    0.00    0.00    0.00    0.00   98.00
03:13:37 AM    3    1.01    0.00    8.08    0.00    0.00    0.00    0.00    0.00    0.00   90.91
03:13:37 AM    4    0.00    0.00    0.00    0.00    0.00    0.00    0.00    0.00    0.00  100.00
03:13:37 AM    5    1.00    0.00    1.00    0.00    0.00    0.00    0.00    0.00    0.00   98.00
03:13:37 AM    6    1.00    0.00    1.00    1.00    0.00    0.00    0.00    0.00    0.00   97.00
03:13:37 AM    7    0.00    1.00    1.00    0.00    0.00    0.00    0.00    0.00    0.00   98.00
03:13:37 AM    8    0.00    0.00    1.01    0.00    0.00    0.00    0.00    0.00    0.00   98.99
03:13:37 AM    9    1.01    0.00    0.00    0.00    0.00    0.00    0.00    0.00    0.00   98.99
03:13:37 AM   10    1.01    0.00    0.00    0.00    0.00    0.00    0.00    0.00    0.00   98.99
03:13:37 AM   11    0.99    0.00    1.98    0.00    0.00    0.00    0.00    0.00    0.00   97.03
03:13:37 AM   12    1.02    0.00    0.00    0.00    0.00    0.00    0.00    0.00    0.00   98.98
03:13:37 AM   13    0.00    0.00    1.01    0.00    0.00    0.00    0.00    0.00    0.00   98.99
03:13:37 AM   14    2.02    0.00    0.00    0.00    0.00    0.00    0.00    0.00    0.00   97.98
03:13:37 AM   15    1.00    0.00    0.00    0.00    0.00    0.00    0.00    0.00    0.00   99.00
03:13:37 AM   16    1.00    0.00    0.00    0.00    0.00    0.00    0.00    0.00    0.00   99.00
03:13:37 AM   17    0.00    0.00    0.00    0.00    0.00    0.00    0.00    0.00    0.00  100.00
03:13:37 AM   18    1.00    0.00    0.00    0.00    0.00    0.00    0.00    0.00    0.00   99.00
03:13:37 AM   19    1.00    0.00    1.00    0.00    0.00    0.00    0.00    0.00    0.00   98.00
03:13:37 AM   20    1.00    0.00    0.00    0.00    0.00    0.00    0.00    0.00    0.00   99.00
03:13:37 AM   21    1.01    0.00    0.00    0.00    0.00    0.00    0.00    0.00    0.00   98.99
03:13:37 AM   22    1.01    0.00    0.00    0.00    0.00    0.00    0.00    0.00    0.00   98.99
03:13:37 AM   23    0.00    0.00    1.00    0.00    0.00    0.00    0.00    0.00    0.00   99.00
03:13:37 AM   24   26.00    0.00   40.00    0.00    0.00   34.00    0.00    0.00    0.00    0.00
03:13:37 AM   25   23.71    0.00   40.21    0.00    0.00   24.74    0.00    0.00    0.00   11.34
03:13:37 AM   26    0.00    0.00    1.00    2.00    0.00    0.00    0.00    0.00    0.00   97.00
03:13:37 AM   27    0.00    0.00    0.00    0.00    0.00    0.00    0.00    0.00    0.00  100.00
03:13:37 AM   28    0.00    0.00    0.00    0.00    0.00    0.00    0.00    0.00    0.00  100.00
03:13:37 AM   29    0.00    0.00    0.00    0.00    0.00    0.00    0.00    0.00    0.00  100.00
03:13:37 AM   30    2.02    0.00    0.00    0.00    0.00    0.00    0.00    0.00    0.00   97.98
03:13:37 AM   31    1.01    0.00    0.00    0.00    0.00    0.00    0.00    0.00    0.00   98.99
03:13:37 AM   32    1.01    0.00    0.00    0.00    0.00    0.00    0.00    0.00    0.00   98.99
03:13:37 AM   33    1.00    0.00    0.00    0.00    0.00    0.00    0.00    0.00    0.00   99.00
03:13:37 AM   34    0.00    0.00    1.00    0.00    0.00    0.00    0.00    0.00    0.00   99.00
03:13:37 AM   35    0.00    0.00    0.00    0.00    0.00    0.00    0.00    0.00    0.00  100.00

03:13:37 AM  CPU    %usr   %nice    %sys %iowait    %irq   %soft  %steal  %guest  %gnice   %idle
03:13:38 AM  all    2.15    0.06    2.65    0.06    0.00    1.70    0.00    0.00    0.00   93.39
03:13:38 AM    0    0.99    0.00    0.99    0.99    0.00    2.97    0.00    0.00    0.00   94.06
03:13:38 AM    1    1.00    0.00    1.00    0.00    0.00    0.00    0.00    0.00    0.00   98.00
03:13:38 AM    2    1.00    0.00    1.00    0.00    0.00    1.00    0.00    0.00    0.00   97.00
03:13:38 AM    3    1.01    0.00    0.00    0.00    0.00    0.00    0.00    0.00    0.00   98.99
03:13:38 AM    4    2.00    0.00    1.00    0.00    0.00    0.00    0.00    0.00    0.00   97.00
03:13:38 AM    5    1.00    1.00    0.00    0.00    0.00    0.00    0.00    0.00    0.00   98.00
03:13:38 AM    6    0.00    0.00    0.00    0.00    0.00    0.00    0.00    0.00    0.00  100.00
03:13:38 AM    7    1.00    0.00    0.00    0.00    0.00    1.00    0.00    0.00    0.00   98.00
03:13:38 AM    8    0.99    0.00    1.98    0.00    0.00    0.00    0.00    0.00    0.00   97.03
03:13:38 AM    9    0.00    0.00    1.01    0.00    0.00    0.00    0.00    0.00    0.00   98.99
03:13:38 AM   10    1.00    0.00    0.00    1.00    0.00    0.00    0.00    0.00    0.00   98.00
03:13:38 AM   11    1.96    0.98    0.98    0.00    0.00    0.00    0.00    0.00    0.00   96.08
03:13:38 AM   12    1.01    0.00    1.01    0.00    0.00    0.00    0.00    0.00    0.00   97.98
03:13:38 AM   13    1.01    0.00    0.00    0.00    0.00    0.00    0.00    0.00    0.00   98.99
03:13:38 AM   14    1.01    0.00    0.00    0.00    0.00    0.00    0.00    0.00    0.00   98.99
03:13:38 AM   15    1.02    0.00    0.00    0.00    0.00    0.00    0.00    0.00    0.00   98.98
03:13:38 AM   16    1.01    0.00    0.00    0.00    0.00    0.00    0.00    0.00    0.00   98.99
03:13:38 AM   17    1.00    0.00    1.00    0.00    0.00    0.00    0.00    0.00    0.00   98.00
03:13:38 AM   18    0.00    0.00    0.00    0.00    0.00    0.00    0.00    0.00    0.00  100.00
03:13:38 AM   19    0.00    0.00    0.00    0.00    0.00    0.00    0.00    0.00    0.00  100.00
03:13:38 AM   20    0.00    0.00    1.01    0.00    0.00    0.00    0.00    0.00    0.00   98.99
03:13:38 AM   21    1.98    0.00    0.00    0.00    0.00    0.00    0.00    0.00    0.00   98.02
03:13:38 AM   22    0.99    0.00    0.99    0.00    0.00    0.00    0.00    0.00    0.00   98.02
03:13:38 AM   23    0.00    0.00    0.00    0.00    0.00    0.00    0.00    0.00    0.00  100.00
03:13:38 AM   24   23.00    0.00   45.00    0.00    0.00   32.00    0.00    0.00    0.00    0.00
03:13:38 AM   25   26.26    0.00   38.38    0.00    0.00   24.24    0.00    0.00    0.00   11.11
03:13:38 AM   26    1.00    0.00    0.00    0.00    0.00    0.00    0.00    0.00    0.00   99.00
03:13:38 AM   27    0.00    0.00    0.00    0.00    0.00    0.00    0.00    0.00    0.00  100.00
03:13:38 AM   28    0.00    0.00    0.00    0.00    0.00    0.00    0.00    0.00    0.00  100.00
03:13:38 AM   29    1.98    0.00    0.00    0.00    0.00    0.00    0.00    0.00    0.00   98.02
03:13:38 AM   30    0.99    0.00    0.00    0.00    0.00    0.00    0.00    0.00    0.00   99.01
03:13:38 AM   31    1.00    0.00    0.00    0.00    0.00    0.00    0.00    0.00    0.00   99.00
03:13:38 AM   32    0.00    0.00    0.00    0.00    0.00    0.00    0.00    0.00    0.00  100.00
03:13:38 AM   33    0.00    0.00    0.00    0.00    0.00    0.00    0.00    0.00    0.00  100.00
03:13:38 AM   34    1.01    0.00    0.00    0.00    0.00    0.00    0.00    0.00    0.00   98.99
03:13:38 AM   35    1.01    0.00    0.00    0.00    0.00    0.00    0.00    0.00    0.00   98.99

03:13:38 AM  CPU    %usr   %nice    %sys %iowait    %irq   %soft  %steal  %guest  %gnice   %idle
03:13:39 AM  all    2.04    0.00    3.05    0.03    0.00    1.62    0.00    0.00    0.00   93.26
03:13:39 AM    0    0.97    0.00    0.00    0.00    0.00    6.80    0.00    0.00    0.00   92.23
03:13:39 AM    1    1.00    0.00    1.00    0.00    0.00    0.00    0.00    0.00    0.00   98.00
03:13:39 AM    2    1.03    0.00    0.00    0.00    0.00    0.00    0.00    0.00    0.00   98.97
03:13:39 AM    3    1.98    0.00    6.93    0.00    0.00    0.99    0.00    0.00    0.00   90.10
03:13:39 AM    4    1.00    0.00    1.00    0.00    0.00    0.00    0.00    0.00    0.00   98.00
03:13:39 AM    5    1.00    0.00    1.00    0.00    0.00    0.00    0.00    0.00    0.00   98.00
03:13:39 AM    6    1.00    0.00    1.00    0.00    0.00    0.00    0.00    0.00    0.00   98.00
03:13:39 AM    7    0.00    0.00    2.00    0.00    0.00    0.00    0.00    0.00    0.00   98.00
03:13:39 AM    8    1.98    0.00    1.98    0.00    0.00    0.00    0.00    0.00    0.00   96.04
03:13:39 AM    9    2.06    0.00    0.00    0.00    0.00    0.00    0.00    0.00    0.00   97.94
03:13:39 AM   10    1.01    0.00    1.01    0.00    0.00    0.00    0.00    0.00    0.00   97.98
03:13:39 AM   11    1.01    0.00    1.01    0.00    0.00    0.00    0.00    0.00    0.00   97.98
03:13:39 AM   12    1.01    0.00    0.00    0.00    0.00    0.00    0.00    0.00    0.00   98.99
03:13:39 AM   13    1.01    0.00    0.00    0.00    0.00    0.00    0.00    0.00    0.00   98.99
03:13:39 AM   14    1.02    0.00    0.00    0.00    0.00    0.00    0.00    0.00    0.00   98.98
03:13:39 AM   15    1.00    0.00    1.00    1.00    0.00    0.00    0.00    0.00    0.00   97.00
03:13:39 AM   16    1.02    0.00    1.02    0.00    0.00    0.00    0.00    0.00    0.00   97.96
03:13:39 AM   17    0.00    0.00    0.00    0.00    0.00    0.00    0.00    0.00    0.00  100.00
03:13:39 AM   18    0.00    0.00    0.00    0.00    0.00    0.00    0.00    0.00    0.00  100.00
03:13:39 AM   19    0.00    0.00    0.00    0.00    0.00    0.00    0.00    0.00    0.00  100.00
03:13:39 AM   20    0.00    0.00    0.00    0.00    0.00    0.00    0.00    0.00    0.00  100.00
03:13:39 AM   21    0.00    0.00    0.00    0.00    0.00    0.00    0.00    0.00    0.00  100.00
03:13:39 AM   22    0.00    0.00    0.00    0.00    0.00    0.00    0.00    0.00    0.00  100.00
03:13:39 AM   23    0.00    0.00    1.00    0.00    0.00    0.00    0.00    0.00    0.00   99.00
03:13:39 AM   24   25.00    0.00   44.00    0.00    0.00   31.00    0.00    0.00    0.00    0.00
03:13:39 AM   25   24.49    0.00   44.90    0.00    0.00   19.39    0.00    0.00    0.00   11.22
03:13:39 AM   26    0.00    0.00    1.00    0.00    0.00    0.00    0.00    0.00    0.00   99.00
03:13:39 AM   27    0.00    0.00    0.00    0.00    0.00    0.00    0.00    0.00    0.00  100.00
03:13:39 AM   28    1.00    0.00    0.00    0.00    0.00    0.00    0.00    0.00    0.00   99.00
03:13:39 AM   29    0.00    0.00    0.00    0.00    0.00    0.00    0.00    0.00    0.00  100.00
03:13:39 AM   30    0.00    0.00    0.00    0.00    0.00    0.00    0.00    0.00    0.00  100.00
03:13:39 AM   31    0.00    0.00    0.00    0.00    0.00    0.00    0.00    0.00    0.00  100.00
03:13:39 AM   32    1.00    0.00    0.00    0.00    0.00    0.00    0.00    0.00    0.00   99.00
03:13:39 AM   33    1.01    0.00    0.00    0.00    0.00    0.00    0.00    0.00    0.00   98.99
03:13:39 AM   34    1.00    0.00    0.00    0.00    0.00    0.00    0.00    0.00    0.00   99.00
03:13:39 AM   35    1.01    0.00    0.00    0.00    0.00    0.00    0.00    0.00    0.00   98.99

03:13:39 AM  CPU    %usr   %nice    %sys %iowait    %irq   %soft  %steal  %guest  %gnice   %idle
03:13:40 AM  all    2.01    0.00    2.74    0.03    0.00    1.90    0.00    0.00    0.00   93.31
03:13:40 AM    0    0.99    0.00    0.00    0.00    0.00    3.96    0.00    0.00    0.00   95.05
03:13:40 AM    1    0.00    0.00    0.00    0.00    0.00    1.01    0.00    0.00    0.00   98.99
03:13:40 AM    2    2.00    0.00    1.00    0.00    0.00    0.00    0.00    0.00    0.00   97.00
03:13:40 AM    3    1.02    0.00    7.14    0.00    0.00    0.00    0.00    0.00    0.00   91.84
03:13:40 AM    4    0.00    0.00    1.01    0.00    0.00    0.00    0.00    0.00    0.00   98.99
03:13:40 AM    5    0.99    0.00    0.99    0.00    0.00    0.99    0.00    0.00    0.00   97.03
03:13:40 AM    6    0.00    0.00    0.00    0.00    0.00    0.00    0.00    0.00    0.00  100.00
03:13:40 AM    7    1.01    0.00    0.00    0.00    0.00    0.00    0.00    0.00    0.00   98.99
03:13:40 AM    8    0.00    0.00    1.01    0.00    0.00    0.00    0.00    0.00    0.00   98.99
03:13:40 AM    9    3.03    0.00    0.00    0.00    0.00    0.00    0.00    0.00    0.00   96.97
03:13:40 AM   10    1.01    0.00    0.00    0.00    0.00    0.00    0.00    0.00    0.00   98.99
03:13:40 AM   11    1.01    0.00    0.00    0.00    0.00    0.00    0.00    0.00    0.00   98.99
03:13:40 AM   12    2.00    0.00    3.00    0.00    0.00    0.00    0.00    0.00    0.00   95.00
03:13:40 AM   13    0.00    0.00    0.00    0.00    0.00    0.00    0.00    0.00    0.00  100.00
03:13:40 AM   14    1.01    0.00    0.00    0.00    0.00    0.00    0.00    0.00    0.00   98.99
03:13:40 AM   15    0.00    0.00    0.00    0.00    0.00    0.00    0.00    0.00    0.00  100.00
03:13:40 AM   16    0.00    0.00    1.01    0.00    0.00    0.00    0.00    0.00    0.00   98.99
03:13:40 AM   17    0.99    0.00    0.99    0.00    0.00    0.00    0.00    0.00    0.00   98.02
03:13:40 AM   18    0.99    0.00    0.99    0.00    0.00    0.00    0.00    0.00    0.00   98.02
03:13:40 AM   19    0.00    0.00    1.00    0.00    0.00    0.00    0.00    0.00    0.00   99.00
03:13:40 AM   20    0.00    0.00    0.00    0.00    0.00    0.00    0.00    0.00    0.00  100.00
03:13:40 AM   21    0.00    0.00    0.00    0.00    0.00    0.00    0.00    0.00    0.00  100.00
03:13:40 AM   22    2.00    0.00    0.00    0.00    0.00    0.00    0.00    0.00    0.00   98.00
03:13:40 AM   23    0.00    0.00    0.00    0.00    0.00    0.00    0.00    0.00    0.00  100.00
03:13:40 AM   24   26.26    0.00   38.38    0.00    0.00   35.35    0.00    0.00    0.00    0.00
03:13:40 AM   25   21.65    0.00   41.24    0.00    0.00   26.80    0.00    0.00    0.00   10.31
03:13:40 AM   26    0.00    0.00    0.00    0.00    0.00    0.00    0.00    0.00    0.00  100.00
03:13:40 AM   27    1.00    0.00    0.00    0.00    0.00    0.00    0.00    0.00    0.00   99.00
03:13:40 AM   28    1.00    0.00    0.00    0.00    0.00    0.00    0.00    0.00    0.00   99.00
03:13:40 AM   29    0.00    0.00    1.00    0.00    0.00    1.00    0.00    0.00    0.00   98.00
03:13:40 AM   30    1.01    0.00    0.00    0.00    0.00    0.00    0.00    0.00    0.00   98.99
03:13:40 AM   31    0.99    0.00    0.99    0.00    0.00    0.00    0.00    0.00    0.00   98.02
03:13:40 AM   32    1.00    0.00    0.00    0.00    0.00    0.00    0.00    0.00    0.00   99.00
03:13:40 AM   33    1.98    0.00    0.00    0.99    0.00    0.00    0.00    0.00    0.00   97.03
03:13:40 AM   34    0.00    0.00    0.00    0.00    0.00    0.00    0.00    0.00    0.00  100.00
03:13:40 AM   35    0.00    0.00    0.00    0.00    0.00    0.00    0.00    0.00    0.00  100.00

03:13:40 AM  CPU    %usr   %nice    %sys %iowait    %irq   %soft  %steal  %guest  %gnice   %idle
03:13:41 AM  all    1.92    0.06    2.90    0.00    0.00    1.53    0.00    0.00    0.00   93.58
03:13:41 AM    0    1.01    0.00    0.00    0.00    0.00    2.02    0.00    0.00    0.00   96.97
03:13:41 AM    1    0.99    0.00    0.99    0.00    0.00    0.00    0.00    0.00    0.00   98.02
03:13:41 AM    2    1.00    0.00    0.00    0.00    0.00    0.00    0.00    0.00    0.00   99.00
03:13:41 AM    3    1.00    0.00    0.00    0.00    0.00    0.00    0.00    0.00    0.00   99.00
03:13:41 AM    4    0.00    0.00    0.00    0.00    0.00    0.00    0.00    0.00    0.00  100.00
03:13:41 AM    5    0.00    0.00    1.01    0.00    0.00    0.00    0.00    0.00    0.00   98.99
03:13:41 AM    6    0.99    0.00    0.99    0.00    0.00    0.00    0.00    0.00    0.00   98.02
03:13:41 AM    7    2.97    0.00    0.00    0.00    0.00    0.00    0.00    0.00    0.00   97.03
03:13:41 AM    8    0.00    0.00    0.00    0.00    0.00    0.00    0.00    0.00    0.00  100.00
03:13:41 AM    9    1.00    0.00    1.00    0.00    0.00    0.00    0.00    0.00    0.00   98.00
03:13:41 AM   10    0.00    0.00    1.02    0.00    0.00    0.00    0.00    0.00    0.00   98.98
03:13:41 AM   11    1.98    0.00    0.99    0.00    0.00    0.00    0.00    0.00    0.00   97.03
03:13:41 AM   12    1.02    0.00    0.00    0.00    0.00    0.00    0.00    0.00    0.00   98.98
03:13:41 AM   13    1.01    0.00    0.00    0.00    0.00    0.00    0.00    0.00    0.00   98.99
03:13:41 AM   14    1.98    0.99    0.99    0.00    0.00    0.00    0.00    0.00    0.00   96.04
03:13:41 AM   15    1.00    0.00    0.00    0.00    0.00    0.00    0.00    0.00    0.00   99.00
03:13:41 AM   16    0.99    0.99    0.00    0.00    0.00    0.00    0.00    0.00    0.00   98.02
03:13:41 AM   17    1.01    0.00    0.00    0.00    0.00    0.00    0.00    0.00    0.00   98.99
03:13:41 AM   18    0.00    0.00    1.00    0.00    0.00    0.00    0.00    0.00    0.00   99.00
03:13:41 AM   19    0.00    0.00    0.00    0.00    0.00    0.00    0.00    0.00    0.00  100.00
03:13:41 AM   20    1.00    0.00    0.00    0.00    0.00    0.00    0.00    0.00    0.00   99.00
03:13:41 AM   21    0.00    0.00    0.00    0.00    0.00    0.00    0.00    0.00    0.00  100.00
03:13:41 AM   22    0.00    0.00    0.00    0.00    0.00    0.00    0.00    0.00    0.00  100.00
03:13:41 AM   23    0.00    0.00    0.00    0.00    0.00    0.00    0.00    0.00    0.00  100.00
03:13:41 AM   24   25.74    0.00   44.55    0.00    0.00   29.70    0.00    0.00    0.00    0.00
03:13:41 AM   25   20.59    0.00   46.08    0.00    0.00   22.55    0.00    0.00    0.00   10.78
03:13:41 AM   26    0.00    0.00    1.00    0.00    0.00    0.00    0.00    0.00    0.00   99.00
03:13:41 AM   27    1.01    0.00    0.00    0.00    0.00    0.00    0.00    0.00    0.00   98.99
03:13:41 AM   28    0.00    0.00    0.00    0.00    0.00    0.00    0.00    0.00    0.00  100.00
03:13:41 AM   29    0.00    0.00    0.00    0.00    0.00    0.00    0.00    0.00    0.00  100.00
03:13:41 AM   30    0.00    0.00    0.00    0.00    0.00    0.00    0.00    0.00    0.00  100.00
03:13:41 AM   31    0.00    0.00    0.00    0.00    0.00    0.00    0.00    0.00    0.00  100.00
03:13:41 AM   32    0.00    0.00    0.00    0.00    0.00    0.00    0.00    0.00    0.00  100.00
03:13:41 AM   33    1.01    0.00    0.00    0.00    0.00    0.00    0.00    0.00    0.00   98.99
03:13:41 AM   34    0.99    0.00    1.98    0.00    0.00    0.00    0.00    0.00    0.00   97.03
03:13:41 AM   35    0.00    0.00    1.01    0.00    0.00    0.00    0.00    0.00    0.00   98.99

03:13:41 AM  CPU    %usr   %nice    %sys %iowait    %irq   %soft  %steal  %guest  %gnice   %idle
03:13:42 AM  all    1.62    0.06    2.99    0.06    0.00    1.87    0.00    0.00    0.00   93.41
03:13:42 AM    0    0.98    0.00    0.98    0.00    0.00    5.88    0.00    0.00    0.00   92.16
03:13:42 AM    1    1.02    0.00    0.00    0.00    0.00    0.00    0.00    0.00    0.00   98.98
03:13:42 AM    2    0.00    0.00    0.00    0.00    0.00    0.00    0.00    0.00    0.00  100.00
03:13:42 AM    3    1.02    0.00    7.14    0.00    0.00    0.00    0.00    0.00    0.00   91.84
03:13:42 AM    4    2.00    0.00    0.00    0.00    0.00    0.00    0.00    0.00    0.00   98.00
03:13:42 AM    5    1.98    0.99    0.00    0.99    0.00    0.00    0.00    0.00    0.00   96.04
03:13:42 AM    6    1.01    0.00    0.00    0.00    0.00    0.00    0.00    0.00    0.00   98.99
03:13:42 AM    7    0.00    1.01    0.00    0.00    0.00    0.00    0.00    0.00    0.00   98.99
03:13:42 AM    8    0.00    0.00    1.00    0.00    0.00    0.00    0.00    0.00    0.00   99.00
03:13:42 AM    9    2.02    0.00    0.00    0.00    0.00    0.00    0.00    0.00    0.00   97.98
03:13:42 AM   10    1.01    0.00    0.00    0.00    0.00    0.00    0.00    0.00    0.00   98.99
03:13:42 AM   11    0.00    0.00    0.00    0.00    0.00    0.00    0.00    0.00    0.00  100.00
03:13:42 AM   12    1.01    0.00    0.00    1.01    0.00    0.00    0.00    0.00    0.00   97.98
03:13:42 AM   13    0.00    0.00    0.00    0.00    0.00    0.00    0.00    0.00    0.00  100.00
03:13:42 AM   14    1.00    0.00    1.00    0.00    0.00    0.00    0.00    0.00    0.00   98.00
03:13:42 AM   15    0.00    0.00    0.00    0.00    0.00    0.00    0.00    0.00    0.00  100.00
03:13:42 AM   16    0.00    0.00    2.02    0.00    0.00    0.00    0.00    0.00    0.00   97.98
03:13:42 AM   17    0.00    0.00    0.00    0.00    0.00    0.00    0.00    0.00    0.00  100.00
03:13:42 AM   18    0.00    0.00    1.00    0.00    0.00    0.00    0.00    0.00    0.00   99.00
03:13:42 AM   19    0.99    0.00    0.99    0.00    0.00    0.00    0.00    0.00    0.00   98.02
03:13:42 AM   20    0.00    0.00    1.00    0.00    0.00    0.00    0.00    0.00    0.00   99.00
03:13:42 AM   21    0.99    0.00    0.00    0.00    0.00    0.00    0.00    0.00    0.00   99.01
03:13:42 AM   22    0.00    0.00    1.00    0.00    0.00    0.00    0.00    0.00    0.00   99.00
03:13:42 AM   23    0.00    0.00    0.00    0.00    0.00    0.00    0.00    0.00    0.00  100.00
03:13:42 AM   24   22.00    0.00   41.00    0.00    0.00   37.00    0.00    0.00    0.00    0.00
03:13:42 AM   25   19.42    0.00   46.60    0.00    0.00   23.30    0.00    0.00    0.00   10.68
03:13:42 AM   26    0.00    0.00    0.00    0.00    0.00    0.00    0.00    0.00    0.00  100.00
03:13:42 AM   27    0.00    0.00    0.00    0.00    0.00    0.00    0.00    0.00    0.00  100.00
03:13:42 AM   28    0.00    0.00    0.00    0.00    0.00    0.00    0.00    0.00    0.00  100.00
03:13:42 AM   29    0.00    0.00    0.99    0.00    0.00    0.00    0.00    0.00    0.00   99.01
03:13:42 AM   30    0.00    0.00    0.00    0.00    0.00    0.00    0.00    0.00    0.00  100.00
03:13:42 AM   31    0.00    0.00    0.00    0.00    0.00    0.00    0.00    0.00    0.00  100.00
03:13:42 AM   32    1.00    0.00    0.00    0.00    0.00    0.00    0.00    0.00    0.00   99.00
03:13:42 AM   33    0.00    0.00    0.99    0.00    0.00    0.00    0.00    0.00    0.00   99.01
03:13:42 AM   34    0.00    0.00    0.00    0.00    0.00    0.00    0.00    0.00    0.00  100.00
03:13:42 AM   35    0.00    0.00    0.00    0.00    0.00    0.00    0.00    0.00    0.00  100.00

03:13:42 AM  CPU    %usr   %nice    %sys %iowait    %irq   %soft  %steal  %guest  %gnice   %idle
03:13:43 AM  all    2.32    0.03    2.71    0.11    0.00    1.54    0.00    0.00    0.00   93.28
03:13:43 AM    0    2.02    0.00    0.00    0.00    0.00    2.02    0.00    0.00    0.00   95.96
03:13:43 AM    1    1.00    1.00    0.00    0.00    0.00    0.00    0.00    0.00    0.00   98.00
03:13:43 AM    2    1.98    0.00    0.00    0.99    0.00    0.00    0.00    0.00    0.00   97.03
03:13:43 AM    3    1.01    0.00    0.00    0.00    0.00    0.00    0.00    0.00    0.00   98.99
03:13:43 AM    4    0.00    0.00    0.00    0.00    0.00    0.00    0.00    0.00    0.00  100.00
03:13:43 AM    5    0.00    0.00    1.01    0.00    0.00    0.00    0.00    0.00    0.00   98.99
03:13:43 AM    6    0.00    0.00    0.00    0.00    0.00    0.00    0.00    0.00    0.00  100.00
03:13:43 AM    7    1.01    0.00    0.00    0.00    0.00    0.00    0.00    0.00    0.00   98.99
03:13:43 AM    8    1.01    0.00    0.00    0.00    0.00    0.00    0.00    0.00    0.00   98.99
03:13:43 AM    9    1.00    0.00    0.00    0.00    0.00    0.00    0.00    0.00    0.00   99.00
03:13:43 AM   10    0.99    0.00    0.99    0.99    0.00    0.00    0.00    0.00    0.00   97.03
03:13:43 AM   11    0.00    0.00    0.00    0.00    0.00    0.00    0.00    0.00    0.00  100.00
03:13:43 AM   12    1.00    0.00    0.00    0.00    0.00    0.00    0.00    0.00    0.00   99.00
03:13:43 AM   13    1.00    0.00    0.00    1.00    0.00    0.00    0.00    0.00    0.00   98.00
03:13:43 AM   14    2.02    0.00    7.07    0.00    0.00    0.00    0.00    0.00    0.00   90.91
03:13:43 AM   15    2.02    0.00    0.00    0.00    0.00    0.00    0.00    0.00    0.00   97.98
03:13:43 AM   16    1.01    0.00    0.00    1.01    0.00    0.00    0.00    0.00    0.00   97.98
03:13:43 AM   17    1.01    0.00    0.00    0.00    0.00    0.00    0.00    0.00    0.00   98.99
03:13:43 AM   18    2.00    0.00    1.00    0.00    0.00    0.00    0.00    0.00    0.00   97.00
03:13:43 AM   19    1.02    0.00    0.00    0.00    0.00    0.00    0.00    0.00    0.00   98.98
03:13:43 AM   20    1.01    0.00    1.01    0.00    0.00    0.00    0.00    0.00    0.00   97.98
03:13:43 AM   21    1.01    0.00    0.00    0.00    0.00    0.00    0.00    0.00    0.00   98.99
03:13:43 AM   22    0.00    0.00    1.01    0.00    0.00    0.00    0.00    0.00    0.00   98.99
03:13:43 AM   23    1.01    0.00    0.00    0.00    0.00    0.00    0.00    0.00    0.00   98.99
03:13:43 AM   24   26.00    0.00   41.00    0.00    0.00   33.00    0.00    0.00    0.00    0.00
03:13:43 AM   25   28.00    0.00   43.00    0.00    0.00   19.00    0.00    0.00    0.00   10.00
03:13:43 AM   26    0.00    0.00    0.00    0.00    0.00    0.00    0.00    0.00    0.00  100.00
03:13:43 AM   27    0.00    0.00    0.00    0.00    0.00    0.00    0.00    0.00    0.00  100.00
03:13:43 AM   28    0.00    0.00    0.00    0.00    0.00    0.00    0.00    0.00    0.00  100.00
03:13:43 AM   29    0.00    0.00    0.00    0.00    0.00    0.00    0.00    0.00    0.00  100.00
03:13:43 AM   30    0.00    0.00    0.00    0.00    0.00    0.00    0.00    0.00    0.00  100.00
03:13:43 AM   31    0.00    0.00    0.00    0.00    0.00    0.00    0.00    0.00    0.00  100.00
03:13:43 AM   32    0.00    0.00    0.00    0.00    0.00    0.00    0.00    0.00    0.00  100.00
03:13:43 AM   33    1.01    0.00    0.00    0.00    0.00    1.01    0.00    0.00    0.00   97.98
03:13:43 AM   34    3.03    0.00    0.00    0.00    0.00    0.00    0.00    0.00    0.00   96.97
03:13:43 AM   35    1.00    0.00    1.00    0.00    0.00    0.00    0.00    0.00    0.00   98.00

Average:     CPU    %usr   %nice    %sys %iowait    %irq   %soft  %steal  %guest  %gnice   %idle
Average:     all    1.96    0.03    2.83    0.06    0.00    1.68    0.00    0.00    0.00   93.44
Average:       0    0.89    0.00    0.30    0.20    0.00    4.26    0.00    0.00    0.00   94.35
Average:       1    0.70    0.10    0.40    0.00    0.00    0.10    0.00    0.00    0.00   98.69
Average:       2    1.11    0.00    0.40    0.10    0.00    0.10    0.00    0.00    0.00   98.29
Average:       3    1.41    0.00    4.33    0.00    0.00    0.10    0.00    0.00    0.00   94.16
Average:       4    1.00    0.10    0.50    0.00    0.00    0.00    0.00    0.00    0.00   98.39
Average:       5    0.90    0.20    0.80    0.10    0.00    0.10    0.00    0.00    0.00   97.90
Average:       6    0.61    0.00    0.30    0.10    0.00    0.00    0.00    0.00    0.00   98.99
Average:       7    0.90    0.40    0.50    0.00    0.00    0.10    0.00    0.00    0.00   98.09
Average:       8    0.50    0.10    0.81    0.10    0.00    0.00    0.00    0.00    0.00   98.49
Average:       9    1.11    0.00    0.20    0.10    0.00    0.00    0.00    0.00    0.00   98.58
Average:      10    1.01    0.00    0.40    0.20    0.00    0.00    0.00    0.00    0.00   98.39
Average:      11    0.80    0.10    0.60    0.00    0.00    0.00    0.00    0.00    0.00   98.49
Average:      12    1.01    0.00    0.60    0.20    0.00    0.00    0.00    0.00    0.00   98.19
Average:      13    0.61    0.00    0.20    0.10    0.00    0.00    0.00    0.00    0.00   99.09
Average:      14    1.61    0.10    1.01    0.00    0.00    0.00    0.00    0.00    0.00   97.28
Average:      15    0.81    0.00    0.20    0.10    0.00    0.00    0.00    0.00    0.00   98.89
Average:      16    0.71    0.10    0.60    0.10    0.00    0.00    0.00    0.00    0.00   98.49
Average:      17    0.61    0.00    0.40    0.10    0.00    0.00    0.00    0.00    0.00   98.89
Average:      18    0.50    0.00    0.50    0.10    0.00    0.00    0.00    0.00    0.00   98.90
Average:      19    0.70    0.00    0.80    0.00    0.00    0.00    0.00    0.00    0.00   98.50
Average:      20    0.60    0.00    0.40    0.00    0.00    0.00    0.00    0.00    0.00   99.00
Average:      21    0.60    0.00    0.10    0.00    0.00    0.00    0.00    0.00    0.00   99.30
Average:      22    0.40    0.00    0.40    0.10    0.00    0.00    0.00    0.00    0.00   99.09
Average:      23    0.20    0.00    0.30    0.10    0.00    0.00    0.00    0.00    0.00   99.40
Average:      24   23.72    0.00   42.44    0.00    0.00   32.23    0.00    0.00    0.00    1.60
Average:      25   22.61    0.00   42.21    0.00    0.00   22.91    0.00    0.00    0.00   12.26
Average:      26    0.30    0.00    0.30    0.20    0.00    0.00    0.00    0.00    0.00   99.20
Average:      27    0.30    0.00    0.10    0.00    0.00    0.00    0.00    0.00    0.00   99.60
Average:      28    0.30    0.00    0.10    0.00    0.00    0.00    0.00    0.00    0.00   99.60
Average:      29    0.50    0.00    0.30    0.00    0.00    0.10    0.00    0.00    0.00   99.10
Average:      30    0.60    0.00    0.10    0.00    0.00    0.00    0.00    0.00    0.00   99.30
Average:      31    0.40    0.00    0.10    0.00    0.00    0.00    0.00    0.00    0.00   99.50
Average:      32    0.50    0.00    0.10    0.00    0.00    0.00    0.00    0.00    0.00   99.40
Average:      33    0.80    0.00    0.20    0.10    0.00    0.10    0.00    0.00    0.00   98.80
Average:      34    0.70    0.00    0.30    0.00    0.00    0.00    0.00    0.00    0.00   99.00
Average:      35    0.51    0.00    0.20    0.00    0.00    0.00    0.00    0.00    0.00   99.29
