Linux 5.15.0-186-generic (rapids4) 	07/28/2026 	_x86_64_	(36 CPU)

02:59:57 AM  CPU    %usr   %nice    %sys %iowait    %irq   %soft  %steal  %guest  %gnice   %idle
02:59:58 AM  all    1.22    0.03    2.52    0.03    0.00    2.52    0.00    0.00    0.00   93.68
02:59:58 AM    0    1.82    0.00    2.73    0.00    0.00    9.09    0.00    0.00    0.00   86.36
02:59:58 AM    1    1.85    0.00    0.93    0.00    0.00    7.41    0.00    0.00    0.00   89.81
02:59:58 AM    2    0.00    0.00    0.99    0.00    0.00    1.98    0.00    0.00    0.00   97.03
02:59:58 AM    3    1.01    0.00    0.00    0.00    0.00    0.00    0.00    0.00    0.00   98.99
02:59:58 AM    4    1.00    0.00    1.00    0.00    0.00    0.00    0.00    0.00    0.00   98.00
02:59:58 AM    5    0.00    0.00    1.01    0.00    0.00    0.00    0.00    0.00    0.00   98.99
02:59:58 AM    6    1.98    0.00    0.99    0.00    0.00    0.00    0.00    0.00    0.00   97.03
02:59:58 AM    7    1.00    0.00    1.00    0.00    0.00    0.00    0.00    0.00    0.00   98.00
02:59:58 AM    8    2.00    0.00    1.00    0.00    0.00    0.00    0.00    0.00    0.00   97.00
02:59:58 AM    9    0.00    0.00    1.01    0.00    0.00    0.00    0.00    0.00    0.00   98.99
02:59:58 AM   10    1.98    0.00    0.99    0.00    0.00    0.00    0.00    0.00    0.00   97.03
02:59:58 AM   11    1.01    0.00    0.00    0.00    0.00    0.00    0.00    0.00    0.00   98.99
02:59:58 AM   12    0.00    0.00    0.00    0.00    0.00    0.00    0.00    0.00    0.00  100.00
02:59:58 AM   13    0.00    0.00    0.00    0.00    0.00    0.00    0.00    0.00    0.00  100.00
02:59:58 AM   14    1.01    0.00    0.00    0.00    0.00    0.00    0.00    0.00    0.00   98.99
02:59:58 AM   15    0.99    0.99    0.99    0.99    0.00    0.00    0.00    0.00    0.00   96.04
02:59:58 AM   16    2.97    0.00    0.99    0.00    0.00    0.00    0.00    0.00    0.00   96.04
02:59:58 AM   17    2.94    0.00    1.96    0.00    0.00    0.00    0.00    0.00    0.00   95.10
02:59:58 AM   18    1.00    0.00    0.00    0.00    0.00    0.00    0.00    0.00    0.00   99.00
02:59:58 AM   19    0.00    0.00    0.00    0.00    0.00    0.00    0.00    0.00    0.00  100.00
02:59:58 AM   20    5.00    0.00   44.00    0.00    0.00   36.00    0.00    0.00    0.00   15.00
02:59:58 AM   21    3.19    0.00   28.72    0.00    0.00   37.23    0.00    0.00    0.00   30.85
02:59:58 AM   22    1.01    0.00    0.00    0.00    0.00    0.00    0.00    0.00    0.00   98.99
02:59:58 AM   23    1.98    0.00    0.99    0.00    0.00    0.00    0.00    0.00    0.00   97.03
02:59:58 AM   24    1.01    0.00    0.00    0.00    0.00    0.00    0.00    0.00    0.00   98.99
02:59:58 AM   25    0.00    0.00    0.00    0.00    0.00    0.00    0.00    0.00    0.00  100.00
02:59:58 AM   26    0.99    0.00    0.99    0.00    0.00    0.00    0.00    0.00    0.00   98.02
02:59:58 AM   27    1.00    0.00    0.00    0.00    0.00    0.00    0.00    0.00    0.00   99.00
02:59:58 AM   28    0.00    0.00    0.00    0.00    0.00    0.00    0.00    0.00    0.00  100.00
02:59:58 AM   29    0.00    0.00    0.00    0.00    0.00    0.00    0.00    0.00    0.00  100.00
02:59:58 AM   30    0.99    0.00    0.99    0.00    0.00    0.00    0.00    0.00    0.00   98.02
02:59:58 AM   31    1.98    0.00    0.00    0.00    0.00    0.00    0.00    0.00    0.00   98.02
02:59:58 AM   32    1.00    0.00    0.00    0.00    0.00    0.00    0.00    0.00    0.00   99.00
02:59:58 AM   33    1.98    0.00    0.00    0.00    0.00    0.00    0.00    0.00    0.00   98.02
02:59:58 AM   34    0.00    0.00    0.00    0.00    0.00    0.00    0.00    0.00    0.00  100.00
02:59:58 AM   35    1.00    0.00    1.00    0.00    0.00    0.00    0.00    0.00    0.00   98.00

02:59:58 AM  CPU    %usr   %nice    %sys %iowait    %irq   %soft  %steal  %guest  %gnice   %idle
02:59:59 AM  all    1.16    0.03    2.88    0.11    0.00    2.85    0.00    0.00    0.00   92.97
02:59:59 AM    0    0.86    0.00    0.00    0.00    0.00   16.38    0.00    0.00    0.00   82.76
02:59:59 AM    1    0.98    0.00    0.98    0.00    0.00    1.96    0.00    0.00    0.00   96.08
02:59:59 AM    2    1.98    0.00    0.00    0.00    0.00    0.99    0.00    0.00    0.00   97.03
02:59:59 AM    3    1.00    0.00    0.00    0.00    0.00    0.00    0.00    0.00    0.00   99.00
02:59:59 AM    4    1.00    0.00    0.00    0.00    0.00    0.00    0.00    0.00    0.00   99.00
02:59:59 AM    5    1.00    0.00    0.00    0.00    0.00    0.00    0.00    0.00    0.00   99.00
02:59:59 AM    6    1.01    0.00    0.00    0.00    0.00    0.00    0.00    0.00    0.00   98.99
02:59:59 AM    7    0.99    0.00    0.99    0.99    0.00    0.00    0.00    0.00    0.00   97.03
02:59:59 AM    8    2.00    0.00    0.00    0.00    0.00    0.00    0.00    0.00    0.00   98.00
02:59:59 AM    9    1.01    0.00    0.00    0.00    0.00    0.00    0.00    0.00    0.00   98.99
02:59:59 AM   10    2.00    0.00    0.00    0.00    0.00    0.00    0.00    0.00    0.00   98.00
02:59:59 AM   11    3.03    0.00    6.06    0.00    0.00    0.00    0.00    0.00    0.00   90.91
02:59:59 AM   12    0.00    0.00    0.00    0.00    0.00    0.00    0.00    0.00    0.00  100.00
02:59:59 AM   13    0.99    0.00    0.00    0.00    0.00    0.00    0.00    0.00    0.00   99.01
02:59:59 AM   14    0.99    0.00    0.99    0.00    0.00    0.00    0.00    0.00    0.00   98.02
02:59:59 AM   15    0.99    0.99    0.00    0.00    0.00    0.00    0.00    0.00    0.00   98.02
02:59:59 AM   16    2.00    0.00    0.00    0.00    0.00    0.00    0.00    0.00    0.00   98.00
02:59:59 AM   17    0.00    0.00    0.00    0.00    0.00    0.00    0.00    0.00    0.00  100.00
02:59:59 AM   18    0.00    0.00    0.00    0.00    0.00    0.00    0.00    0.00    0.00  100.00
02:59:59 AM   19    0.99    0.00    0.99    0.00    0.00    0.00    0.00    0.00    0.00   98.02
02:59:59 AM   20    6.93    0.00   48.51    0.00    0.00   44.55    0.00    0.00    0.00    0.00
02:59:59 AM   21    3.16    0.00   43.16    0.00    0.00   36.84    0.00    0.00    0.00   16.84
02:59:59 AM   22    0.99    0.00    0.99    0.00    0.00    0.00    0.00    0.00    0.00   98.02
02:59:59 AM   23    1.00    0.00    1.00    0.00    0.00    0.00    0.00    0.00    0.00   98.00
02:59:59 AM   24    0.99    0.00    0.99    0.00    0.00    0.00    0.00    0.00    0.00   98.02
02:59:59 AM   25    0.00    0.00    0.00    0.00    0.00    0.00    0.00    0.00    0.00  100.00
02:59:59 AM   26    0.00    0.00    0.00    0.00    0.00    0.00    0.00    0.00    0.00  100.00
02:59:59 AM   27    1.00    0.00    0.00    0.00    0.00    0.00    0.00    0.00    0.00   99.00
02:59:59 AM   28    0.98    0.00    0.98    0.98    0.00    0.98    0.00    0.00    0.00   96.08
02:59:59 AM   29    0.00    0.00    0.00    1.00    0.00    0.00    0.00    0.00    0.00   99.00
02:59:59 AM   30    0.00    0.00    0.00    0.00    0.00    0.00    0.00    0.00    0.00  100.00
02:59:59 AM   31    1.01    0.00    0.00    0.00    0.00    0.00    0.00    0.00    0.00   98.99
02:59:59 AM   32    0.99    0.00    0.00    0.99    0.00    0.00    0.00    0.00    0.00   98.02
02:59:59 AM   33    0.00    0.00    0.00    0.00    0.00    0.00    0.00    0.00    0.00  100.00
02:59:59 AM   34    1.00    0.00    0.00    0.00    0.00    0.00    0.00    0.00    0.00   99.00
02:59:59 AM   35    1.00    0.00    0.00    0.00    0.00    0.00    0.00    0.00    0.00   99.00

02:59:59 AM  CPU    %usr   %nice    %sys %iowait    %irq   %soft  %steal  %guest  %gnice   %idle
03:00:00 AM  all    0.86    0.00    2.68    0.03    0.00    3.15    0.00    0.00    0.00   93.28
03:00:00 AM    0    0.00    0.00    0.00    0.84    0.00   19.33    0.00    0.00    0.00   79.83
03:00:00 AM    1    1.96    0.00    0.98    0.00    0.00    2.94    0.00    0.00    0.00   94.12
03:00:00 AM    2    0.99    0.00    0.99    0.00    0.00    0.00    0.00    0.00    0.00   98.02
03:00:00 AM    3    0.99    0.00    0.99    0.00    0.00    0.00    0.00    0.00    0.00   98.02
03:00:00 AM    4    7.07    0.00    1.01    0.00    0.00    0.00    0.00    0.00    0.00   91.92
03:00:00 AM    5    0.00    0.00    0.00    0.00    0.00    1.00    0.00    0.00    0.00   99.00
03:00:00 AM    6    0.00    0.00    0.00    0.00    0.00    0.00    0.00    0.00    0.00  100.00
03:00:00 AM    7    0.00    0.00    0.00    0.00    0.00    0.00    0.00    0.00    0.00  100.00
03:00:00 AM    8    0.00    0.00    0.00    0.00    0.00    0.00    0.00    0.00    0.00  100.00
03:00:00 AM    9    1.00    0.00    0.00    0.00    0.00    1.00    0.00    0.00    0.00   98.00
03:00:00 AM   10    1.01    0.00    0.00    0.00    0.00    0.00    0.00    0.00    0.00   98.99
03:00:00 AM   11    2.00    0.00    7.00    0.00    0.00    0.00    0.00    0.00    0.00   91.00
03:00:00 AM   12    2.02    0.00    0.00    0.00    0.00    0.00    0.00    0.00    0.00   97.98
03:00:00 AM   13    0.00    0.00    0.00    0.00    0.00    0.00    0.00    0.00    0.00  100.00
03:00:00 AM   14    1.02    0.00    0.00    0.00    0.00    0.00    0.00    0.00    0.00   98.98
03:00:00 AM   15    0.00    0.00    0.00    0.00    0.00    0.00    0.00    0.00    0.00  100.00
03:00:00 AM   16    0.00    0.00    0.00    0.00    0.00    0.00    0.00    0.00    0.00  100.00
03:00:00 AM   17    0.00    0.00    0.00    0.00    0.00    0.00    0.00    0.00    0.00  100.00
03:00:00 AM   18    1.00    0.00    0.00    0.00    0.00    0.00    0.00    0.00    0.00   99.00
03:00:00 AM   19    0.00    0.00    0.00    0.00    0.00    0.00    0.00    0.00    0.00  100.00
03:00:00 AM   20    7.00    0.00   46.00    0.00    0.00   47.00    0.00    0.00    0.00    0.00
03:00:00 AM   21    1.12    0.00   38.20    0.00    0.00   42.70    0.00    0.00    0.00   17.98
03:00:00 AM   22    0.00    0.00    0.00    0.00    0.00    0.00    0.00    0.00    0.00  100.00
03:00:00 AM   23    0.00    0.00    1.01    0.00    0.00    0.00    0.00    0.00    0.00   98.99
03:00:00 AM   24    0.00    0.00    0.00    0.00    0.00    0.00    0.00    0.00    0.00  100.00
03:00:00 AM   25    0.00    0.00    1.00    0.00    0.00    0.00    0.00    0.00    0.00   99.00
03:00:00 AM   26    0.00    0.00    0.00    0.00    0.00    0.00    0.00    0.00    0.00  100.00
03:00:00 AM   27    1.00    0.00    0.00    0.00    0.00    0.00    0.00    0.00    0.00   99.00
03:00:00 AM   28    1.00    0.00    1.00    0.00    0.00    0.00    0.00    0.00    0.00   98.00
03:00:00 AM   29    0.00    0.00    0.00    0.00    0.00    0.00    0.00    0.00    0.00  100.00
03:00:00 AM   30    1.98    0.00    0.00    0.00    0.00    0.00    0.00    0.00    0.00   98.02
03:00:00 AM   31    0.00    0.00    0.00    0.00    0.00    0.00    0.00    0.00    0.00  100.00
03:00:00 AM   32    0.00    0.00    0.00    0.00    0.00    0.00    0.00    0.00    0.00  100.00
03:00:00 AM   33    0.00    0.00    0.00    0.00    0.00    0.00    0.00    0.00    0.00  100.00
03:00:00 AM   34    0.00    0.00    1.00    0.00    0.00    0.00    0.00    0.00    0.00   99.00
03:00:00 AM   35    0.00    0.00    1.01    0.00    0.00    0.00    0.00    0.00    0.00   98.99

03:00:00 AM  CPU    %usr   %nice    %sys %iowait    %irq   %soft  %steal  %guest  %gnice   %idle
03:00:01 AM  all    0.83    0.00    2.95    0.03    0.00    3.00    0.00    0.00    0.00   93.19
03:00:01 AM    0    0.88    0.00    0.88    0.00    0.00   14.04    0.00    0.00    0.00   84.21
03:00:01 AM    1    0.00    0.00    0.00    0.00    0.00    2.00    0.00    0.00    0.00   98.00
03:00:01 AM    2    2.00    0.00    0.00    0.00    0.00    0.00    0.00    0.00    0.00   98.00
03:00:01 AM    3    1.01    0.00    0.00    0.00    0.00    0.00    0.00    0.00    0.00   98.99
03:00:01 AM    4    0.99    0.00    0.99    0.00    0.00    0.00    0.00    0.00    0.00   98.02
03:00:01 AM    5    1.00    0.00    0.00    0.00    0.00    0.00    0.00    0.00    0.00   99.00
03:00:01 AM    6    2.00    0.00    1.00    1.00    0.00    0.00    0.00    0.00    0.00   96.00
03:00:01 AM    7    1.98    0.00    0.00    0.00    0.00    0.00    0.00    0.00    0.00   98.02
03:00:01 AM    8    0.99    0.00    0.99    0.00    0.00    0.00    0.00    0.00    0.00   98.02
03:00:01 AM    9    0.00    0.00    0.00    0.00    0.00    0.00    0.00    0.00    0.00  100.00
03:00:01 AM   10    1.01    0.00    1.01    0.00    0.00    0.00    0.00    0.00    0.00   97.98
03:00:01 AM   11    1.00    0.00    0.00    0.00    0.00    0.00    0.00    0.00    0.00   99.00
03:00:01 AM   12    0.00    0.00    0.00    0.00    0.00    0.00    0.00    0.00    0.00  100.00
03:00:01 AM   13    0.00    0.00    0.00    0.00    0.00    0.00    0.00    0.00    0.00  100.00
03:00:01 AM   14    0.00    0.00    1.00    0.00    0.00    0.00    0.00    0.00    0.00   99.00
03:00:01 AM   15    0.00    0.00    0.00    0.00    0.00    0.00    0.00    0.00    0.00  100.00
03:00:01 AM   16    0.00    0.00    1.01    0.00    0.00    0.00    0.00    0.00    0.00   98.99
03:00:01 AM   17    0.00    0.00    1.00    0.00    0.00    0.00    0.00    0.00    0.00   99.00
03:00:01 AM   18    0.00    0.00    1.00    0.00    0.00    0.00    0.00    0.00    0.00   99.00
03:00:01 AM   19    0.00    0.00    0.00    0.00    0.00    0.00    0.00    0.00    0.00  100.00
03:00:01 AM   20    6.00    0.00   46.00    0.00    0.00   48.00    0.00    0.00    0.00    0.00
03:00:01 AM   21    3.03    0.00   46.46    0.00    0.00   42.42    0.00    0.00    0.00    8.08
03:00:01 AM   22    0.00    0.00    1.00    0.00    0.00    0.00    0.00    0.00    0.00   99.00
03:00:01 AM   23    1.98    0.00    0.99    0.00    0.00    0.00    0.00    0.00    0.00   97.03
03:00:01 AM   24    0.00    0.00    1.01    0.00    0.00    0.00    0.00    0.00    0.00   98.99
03:00:01 AM   25    1.01    0.00    0.00    0.00    0.00    0.00    0.00    0.00    0.00   98.99
03:00:01 AM   26    1.01    0.00    0.00    0.00    0.00    0.00    0.00    0.00    0.00   98.99
03:00:01 AM   27    0.00    0.00    0.00    0.00    0.00    0.00    0.00    0.00    0.00  100.00
03:00:01 AM   28    0.00    0.00    0.00    0.00    0.00    0.00    0.00    0.00    0.00  100.00
03:00:01 AM   29    0.00    0.00    0.00    0.00    0.00    0.00    0.00    0.00    0.00  100.00
03:00:01 AM   30    0.00    0.00    0.00    0.00    0.00    0.00    0.00    0.00    0.00  100.00
03:00:01 AM   31    1.01    0.00    0.00    0.00    0.00    0.00    0.00    0.00    0.00   98.99
03:00:01 AM   32    1.00    0.00    0.00    0.00    0.00    0.00    0.00    0.00    0.00   99.00
03:00:01 AM   33    0.99    0.00    0.99    0.00    0.00    0.00    0.00    0.00    0.00   98.02
03:00:01 AM   34    1.01    0.00    0.00    0.00    0.00    0.00    0.00    0.00    0.00   98.99
03:00:01 AM   35    0.00    0.00    1.01    0.00    0.00    0.00    0.00    0.00    0.00   98.99

03:00:01 AM  CPU    %usr   %nice    %sys %iowait    %irq   %soft  %steal  %guest  %gnice   %idle
03:00:02 AM  all    0.86    0.00    2.95    0.03    0.00    3.14    0.00    0.00    0.00   93.02
03:00:02 AM    0    0.85    0.00    0.00    0.00    0.00   17.95    0.00    0.00    0.00   81.20
03:00:02 AM    1    0.98    0.00    0.98    0.00    0.00    1.96    0.00    0.00    0.00   96.08
03:00:02 AM    2    0.00    0.00    0.00    0.00    0.00    0.00    0.00    0.00    0.00  100.00
03:00:02 AM    3    0.00    0.00    1.01    0.00    0.00    0.00    0.00    0.00    0.00   98.99
03:00:02 AM    4    0.00    0.00    0.00    0.00    0.00    0.00    0.00    0.00    0.00  100.00
03:00:02 AM    5    0.00    0.00    2.00    0.00    0.00    0.00    0.00    0.00    0.00   98.00
03:00:02 AM    6    0.00    0.00    0.00    0.00    0.00    0.00    0.00    0.00    0.00  100.00
03:00:02 AM    7    0.00    0.00    0.00    1.01    0.00    0.00    0.00    0.00    0.00   98.99
03:00:02 AM    8    1.00    0.00    0.00    0.00    0.00    0.00    0.00    0.00    0.00   99.00
03:00:02 AM    9    0.00    0.00    0.00    0.00    0.00    0.00    0.00    0.00    0.00  100.00
03:00:02 AM   10    0.00    0.00    0.00    0.00    0.00    0.00    0.00    0.00    0.00  100.00
03:00:02 AM   11    2.02    0.00    6.06    0.00    0.00    0.00    0.00    0.00    0.00   91.92
03:00:02 AM   12    2.00    0.00    0.00    0.00    0.00    0.00    0.00    0.00    0.00   98.00
03:00:02 AM   13    0.00    0.00    0.00    0.00    0.00    0.00    0.00    0.00    0.00  100.00
03:00:02 AM   14    1.00    0.00    0.00    0.00    0.00    0.00    0.00    0.00    0.00   99.00
03:00:02 AM   15    1.00    0.00    0.00    0.00    0.00    0.00    0.00    0.00    0.00   99.00
03:00:02 AM   16    0.00    0.00    0.00    0.00    0.00    0.00    0.00    0.00    0.00  100.00
03:00:02 AM   17    2.00    0.00    0.00    0.00    0.00    0.00    0.00    0.00    0.00   98.00
03:00:02 AM   18    1.00    0.00    1.00    0.00    0.00    0.00    0.00    0.00    0.00   98.00
03:00:02 AM   19    0.00    0.00    1.00    0.00    0.00    0.00    0.00    0.00    0.00   99.00
03:00:02 AM   20    8.00    0.00   46.00    0.00    0.00   46.00    0.00    0.00    0.00    0.00
03:00:02 AM   21    5.15    0.00   44.33    0.00    0.00   45.36    0.00    0.00    0.00    5.15
03:00:02 AM   22    0.00    0.00    0.00    0.00    0.00    0.00    0.00    0.00    0.00  100.00
03:00:02 AM   23    0.00    0.00    0.00    0.00    0.00    0.00    0.00    0.00    0.00  100.00
03:00:02 AM   24    1.01    0.00    0.00    0.00    0.00    0.00    0.00    0.00    0.00   98.99
03:00:02 AM   25    0.00    0.00    1.01    0.00    0.00    0.00    0.00    0.00    0.00   98.99
03:00:02 AM   26    0.00    0.00    0.00    0.00    0.00    0.00    0.00    0.00    0.00  100.00
03:00:02 AM   27    0.99    0.00    0.00    0.00    0.00    0.00    0.00    0.00    0.00   99.01
03:00:02 AM   28    0.00    0.00    0.00    0.00    0.00    0.00    0.00    0.00    0.00  100.00
03:00:02 AM   29    1.00    0.00    1.00    0.00    0.00    0.00    0.00    0.00    0.00   98.00
03:00:02 AM   30    0.00    0.00    0.00    0.00    0.00    0.00    0.00    0.00    0.00  100.00
03:00:02 AM   31    0.99    0.00    0.99    0.00    0.00    0.00    0.00    0.00    0.00   98.02
03:00:02 AM   32    0.00    0.00    0.00    0.00    0.00    0.00    0.00    0.00    0.00  100.00
03:00:02 AM   33    1.00    0.00    1.00    0.00    0.00    0.00    0.00    0.00    0.00   98.00
03:00:02 AM   34    0.00    0.00    0.00    0.00    0.00    0.00    0.00    0.00    0.00  100.00
03:00:02 AM   35    0.99    0.00    0.99    0.00    0.00    0.00    0.00    0.00    0.00   98.02

03:00:02 AM  CPU    %usr   %nice    %sys %iowait    %irq   %soft  %steal  %guest  %gnice   %idle
03:00:03 AM  all    2.38    0.00    3.71    0.11    0.00    2.91    0.00    0.00    0.00   90.89
03:00:03 AM    0    3.23    0.00    0.81    0.00    0.00   20.16    0.00    0.00    0.00   75.81
03:00:03 AM    1    2.94    0.00    0.98    0.00    0.00    1.96    0.00    0.00    0.00   94.12
03:00:03 AM    2    1.00    0.00    1.00    0.00    0.00    1.00    0.00    0.00    0.00   97.00
03:00:03 AM    3    3.03    0.00    0.00    0.00    0.00    0.00    0.00    0.00    0.00   96.97
03:00:03 AM    4    3.03    0.00    0.00    0.00    0.00    0.00    0.00    0.00    0.00   96.97
03:00:03 AM    5    3.00    0.00    0.00    0.00    0.00    0.00    0.00    0.00    0.00   97.00
03:00:03 AM    6    3.88    0.00    1.94    0.00    0.00    0.00    0.00    0.00    0.00   94.17
03:00:03 AM    7    4.00    0.00    0.00    0.00    0.00    0.00    0.00    0.00    0.00   96.00
03:00:03 AM    8    5.00    0.00    0.00    0.00    0.00    0.00    0.00    0.00    0.00   95.00
03:00:03 AM    9    2.02    0.00    1.01    0.00    0.00    0.00    0.00    0.00    0.00   96.97
03:00:03 AM   10    2.04    0.00    1.02    0.00    0.00    0.00    0.00    0.00    0.00   96.94
03:00:03 AM   11    4.00    0.00    7.00    0.00    0.00    0.00    0.00    0.00    0.00   89.00
03:00:03 AM   12    1.01    0.00    1.01    1.01    0.00    0.00    0.00    0.00    0.00   96.97
03:00:03 AM   13    2.02    0.00    1.01    1.01    0.00    0.00    0.00    0.00    0.00   95.96
03:00:03 AM   14    2.04    0.00    0.00    0.00    0.00    0.00    0.00    0.00    0.00   97.96
03:00:03 AM   15    2.00    0.00    2.00    0.00    0.00    0.00    0.00    0.00    0.00   96.00
03:00:03 AM   16    2.91    0.00    3.88    0.00    0.00    0.97    0.00    0.00    0.00   92.23
03:00:03 AM   17    2.00    0.00    1.00    1.00    0.00    0.00    0.00    0.00    0.00   96.00
03:00:03 AM   18    1.01    0.00    0.00    0.00    0.00    0.00    0.00    0.00    0.00   98.99
03:00:03 AM   19    3.00    0.00    0.00    0.00    0.00    0.00    0.00    0.00    0.00   97.00
03:00:03 AM   20    9.00    0.00   53.00    0.00    0.00   38.00    0.00    0.00    0.00    0.00
03:00:03 AM   21    3.09    0.00   52.58    0.00    0.00   39.18    0.00    0.00    0.00    5.15
03:00:03 AM   22    2.00    0.00    0.00    0.00    0.00    0.00    0.00    0.00    0.00   98.00
03:00:03 AM   23    2.02    0.00    0.00    0.00    0.00    0.00    0.00    0.00    0.00   97.98
03:00:03 AM   24    1.00    0.00    1.00    0.00    0.00    0.00    0.00    0.00    0.00   98.00
03:00:03 AM   25    1.00    0.00    1.00    0.00    0.00    0.00    0.00    0.00    0.00   98.00
03:00:03 AM   26    1.01    0.00    0.00    1.01    0.00    0.00    0.00    0.00    0.00   97.98
03:00:03 AM   27    1.01    0.00    0.00    0.00    0.00    0.00    0.00    0.00    0.00   98.99
03:00:03 AM   28    2.00    0.00    0.00    0.00    0.00    0.00    0.00    0.00    0.00   98.00
03:00:03 AM   29    1.00    0.00    1.00    0.00    0.00    0.00    0.00    0.00    0.00   98.00
03:00:03 AM   30    2.02    0.00    0.00    0.00    0.00    0.00    0.00    0.00    0.00   97.98
03:00:03 AM   31    2.00    0.00    1.00    0.00    0.00    0.00    0.00    0.00    0.00   97.00
03:00:03 AM   32    1.00    0.00    2.00    0.00    0.00    0.00    0.00    0.00    0.00   97.00
03:00:03 AM   33    1.01    0.00    0.00    0.00    0.00    0.00    0.00    0.00    0.00   98.99
03:00:03 AM   34    1.01    0.00    0.00    0.00    0.00    0.00    0.00    0.00    0.00   98.99
03:00:03 AM   35    2.00    0.00    1.00    0.00    0.00    0.00    0.00    0.00    0.00   97.00

03:00:03 AM  CPU    %usr   %nice    %sys %iowait    %irq   %soft  %steal  %guest  %gnice   %idle
03:00:04 AM  all    0.83    0.06    3.16    0.03    0.00    3.16    0.00    0.00    0.00   92.77
03:00:04 AM    0    0.78    0.00    0.00    0.00    0.00   24.22    0.00    0.00    0.00   75.00
03:00:04 AM    1    0.98    0.00    0.98    0.00    0.00    1.96    0.00    0.00    0.00   96.08
03:00:04 AM    2    0.99    0.99    0.00    0.00    0.00    0.00    0.00    0.00    0.00   98.02
03:00:04 AM    3    1.01    0.00    0.00    0.00    0.00    0.00    0.00    0.00    0.00   98.99
03:00:04 AM    4    1.00    0.00    1.00    0.00    0.00    0.00    0.00    0.00    0.00   98.00
03:00:04 AM    5    0.00    0.00    2.00    0.00    0.00    0.00    0.00    0.00    0.00   98.00
03:00:04 AM    6    0.00    0.00    0.00    0.00    0.00    0.00    0.00    0.00    0.00  100.00
03:00:04 AM    7    1.01    0.00    0.00    0.00    0.00    0.00    0.00    0.00    0.00   98.99
03:00:04 AM    8    0.00    0.00    0.00    0.00    0.00    0.00    0.00    0.00    0.00  100.00
03:00:04 AM    9    0.99    0.00    0.99    0.00    0.00    0.00    0.00    0.00    0.00   98.02
03:00:04 AM   10    1.98    0.00    0.00    0.00    0.00    0.00    0.00    0.00    0.00   98.02
03:00:04 AM   11    0.99    0.99    0.00    0.00    0.00    0.00    0.00    0.00    0.00   98.02
03:00:04 AM   12    1.01    0.00    0.00    0.00    0.00    0.00    0.00    0.00    0.00   98.99
03:00:04 AM   13    0.99    0.00    0.99    0.00    0.00    0.00    0.00    0.00    0.00   98.02
03:00:04 AM   14    1.00    0.00    0.00    0.00    0.00    0.00    0.00    0.00    0.00   99.00
03:00:04 AM   15    0.00    0.00    0.00    0.00    0.00    0.00    0.00    0.00    0.00  100.00
03:00:04 AM   16    1.01    0.00    0.00    0.00    0.00    0.00    0.00    0.00    0.00   98.99
03:00:04 AM   17    0.00    0.00    0.00    0.00    0.00    0.00    0.00    0.00    0.00  100.00
03:00:04 AM   18    0.00    0.00    0.00    0.00    0.00    0.00    0.00    0.00    0.00  100.00
03:00:04 AM   19    0.00    0.00    0.00    0.00    0.00    0.00    0.00    0.00    0.00  100.00
03:00:04 AM   20    5.05    0.00   54.55    0.00    0.00   40.40    0.00    0.00    0.00    0.00
03:00:04 AM   21    3.23    0.00   48.39    0.00    0.00   44.09    0.00    0.00    0.00    4.30
03:00:04 AM   22    0.00    0.00    0.00    0.00    0.00    0.00    0.00    0.00    0.00  100.00
03:00:04 AM   23    1.00    0.00    1.00    0.00    0.00    0.00    0.00    0.00    0.00   98.00
03:00:04 AM   24    1.01    0.00    0.00    1.01    0.00    0.00    0.00    0.00    0.00   97.98
03:00:04 AM   25    0.00    0.00    1.01    0.00    0.00    0.00    0.00    0.00    0.00   98.99
03:00:04 AM   26    0.00    0.00    1.00    0.00    0.00    0.00    0.00    0.00    0.00   99.00
03:00:04 AM   27    1.00    0.00    1.00    0.00    0.00    0.00    0.00    0.00    0.00   98.00
03:00:04 AM   28    0.00    0.00    1.00    0.00    0.00    0.00    0.00    0.00    0.00   99.00
03:00:04 AM   29    1.01    0.00    0.00    0.00    0.00    0.00    0.00    0.00    0.00   98.99
03:00:04 AM   30    0.00    0.00    0.00    0.00    0.00    0.00    0.00    0.00    0.00  100.00
03:00:04 AM   31    0.00    0.00    0.00    0.00    0.00    0.00    0.00    0.00    0.00  100.00
03:00:04 AM   32    1.00    0.00    0.00    0.00    0.00    0.00    0.00    0.00    0.00   99.00
03:00:04 AM   33    1.96    0.00    1.96    0.00    0.00    0.00    0.00    0.00    0.00   96.08
03:00:04 AM   34    0.00    0.00    2.00    0.00    0.00    0.00    0.00    0.00    0.00   98.00
03:00:04 AM   35    1.00    0.00    0.00    0.00    0.00    0.00    0.00    0.00    0.00   99.00

03:00:04 AM  CPU    %usr   %nice    %sys %iowait    %irq   %soft  %steal  %guest  %gnice   %idle
03:00:05 AM  all    0.97    0.00    3.39    0.06    0.00    2.81    0.00    0.00    0.00   92.77
03:00:05 AM    0    0.90    0.00    0.90    0.00    0.00   12.61    0.00    0.00    0.00   85.59
03:00:05 AM    1    0.95    0.00    0.00    0.95    0.00    5.71    0.00    0.00    0.00   92.38
03:00:05 AM    2    0.99    0.00    0.00    0.00    0.00    0.99    0.00    0.00    0.00   98.02
03:00:05 AM    3    1.00    0.00    0.00    0.00    0.00    0.00    0.00    0.00    0.00   99.00
03:00:05 AM    4    0.00    0.00    0.00    0.00    0.00    0.00    0.00    0.00    0.00  100.00
03:00:05 AM    5    0.00    0.00    0.00    0.00    0.00    0.00    0.00    0.00    0.00  100.00
03:00:05 AM    6    1.01    0.00    0.00    0.00    0.00    0.00    0.00    0.00    0.00   98.99
03:00:05 AM    7    2.00    0.00    0.00    0.00    0.00    0.00    0.00    0.00    0.00   98.00
03:00:05 AM    8    0.00    0.00    0.00    0.00    0.00    0.00    0.00    0.00    0.00  100.00
03:00:05 AM    9    0.00    0.00    0.00    0.00    0.00    0.00    0.00    0.00    0.00  100.00
03:00:05 AM   10    0.00    0.00    0.00    0.00    0.00    0.00    0.00    0.00    0.00  100.00
03:00:05 AM   11    3.00    0.00    6.00    0.00    0.00    1.00    0.00    0.00    0.00   90.00
03:00:05 AM   12    0.00    0.00    0.00    0.00    0.00    0.00    0.00    0.00    0.00  100.00
03:00:05 AM   13    1.00    0.00    0.00    0.00    0.00    0.00    0.00    0.00    0.00   99.00
03:00:05 AM   14    0.00    0.00    1.01    0.00    0.00    0.00    0.00    0.00    0.00   98.99
03:00:05 AM   15    0.00    0.00    0.00    0.00    0.00    0.00    0.00    0.00    0.00  100.00
03:00:05 AM   16    0.00    0.00    0.00    0.00    0.00    0.00    0.00    0.00    0.00  100.00
03:00:05 AM   17    0.00    0.00    0.00    0.00    0.00    0.00    0.00    0.00    0.00  100.00
03:00:05 AM   18    0.00    0.00    0.00    0.00    0.00    0.00    0.00    0.00    0.00  100.00
03:00:05 AM   19    1.00    0.00    3.00    0.00    0.00    0.00    0.00    0.00    0.00   96.00
03:00:05 AM   20   11.00    0.00   49.00    0.00    0.00   40.00    0.00    0.00    0.00    0.00
03:00:05 AM   21    2.06    0.00   53.61    0.00    0.00   40.21    0.00    0.00    0.00    4.12
03:00:05 AM   22    1.00    0.00    1.00    0.00    0.00    0.00    0.00    0.00    0.00   98.00
03:00:05 AM   23    1.00    0.00    0.00    0.00    0.00    0.00    0.00    0.00    0.00   99.00
03:00:05 AM   24    1.02    0.00    0.00    0.00    0.00    0.00    0.00    0.00    0.00   98.98
03:00:05 AM   25    0.00    0.00    1.01    0.00    0.00    0.00    0.00    0.00    0.00   98.99
03:00:05 AM   26    0.99    0.00    0.99    0.99    0.00    0.00    0.00    0.00    0.00   97.03
03:00:05 AM   27    0.00    0.00    1.00    0.00    0.00    0.00    0.00    0.00    0.00   99.00
03:00:05 AM   28    0.00    0.00    0.00    0.00    0.00    0.00    0.00    0.00    0.00  100.00
03:00:05 AM   29    0.00    0.00    0.00    0.00    0.00    0.00    0.00    0.00    0.00  100.00
03:00:05 AM   30    2.94    0.00    2.94    0.00    0.00    0.00    0.00    0.00    0.00   94.12
03:00:05 AM   31    0.00    0.00    2.00    0.00    0.00    0.00    0.00    0.00    0.00   98.00
03:00:05 AM   32    1.01    0.00    0.00    0.00    0.00    0.00    0.00    0.00    0.00   98.99
03:00:05 AM   33    1.01    0.00    0.00    0.00    0.00    0.00    0.00    0.00    0.00   98.99
03:00:05 AM   34    1.01    0.00    0.00    0.00    0.00    0.00    0.00    0.00    0.00   98.99
03:00:05 AM   35    0.00    0.00    1.01    0.00    0.00    0.00    0.00    0.00    0.00   98.99

03:00:05 AM  CPU    %usr   %nice    %sys %iowait    %irq   %soft  %steal  %guest  %gnice   %idle
03:00:06 AM  all    1.19    0.08    3.34    0.00    0.00    3.04    0.00    0.00    0.00   92.35
03:00:06 AM    0    0.80    0.00    0.80    0.00    0.00   21.60    0.00    0.00    0.00   76.80
03:00:06 AM    1    2.00    0.00    4.00    0.00    0.00    1.00    0.00    0.00    0.00   93.00
03:00:06 AM    2    0.98    0.00    0.98    0.00    0.00    1.96    0.00    0.00    0.00   96.08
03:00:06 AM    3    1.01    0.00    0.00    0.00    0.00    0.00    0.00    0.00    0.00   98.99
03:00:06 AM    4    0.99    1.98    0.00    0.00    0.00    0.00    0.00    0.00    0.00   97.03
03:00:06 AM    5    1.00    0.00    0.00    0.00    0.00    0.00    0.00    0.00    0.00   99.00
03:00:06 AM    6    1.01    0.00    0.00    0.00    0.00    0.00    0.00    0.00    0.00   98.99
03:00:06 AM    7    1.01    0.00    0.00    0.00    0.00    0.00    0.00    0.00    0.00   98.99
03:00:06 AM    8    1.00    0.00    0.00    0.00    0.00    0.00    0.00    0.00    0.00   99.00
03:00:06 AM    9    1.01    0.00    0.00    0.00    0.00    0.00    0.00    0.00    0.00   98.99
03:00:06 AM   10    0.00    0.00    0.00    0.00    0.00    0.00    0.00    0.00    0.00  100.00
03:00:06 AM   11    1.00    0.00    1.00    0.00    0.00    0.00    0.00    0.00    0.00   98.00
03:00:06 AM   12    0.99    0.99    0.00    0.00    0.00    0.00    0.00    0.00    0.00   98.02
03:00:06 AM   13    1.00    0.00    0.00    0.00    0.00    0.00    0.00    0.00    0.00   99.00
03:00:06 AM   14    1.00    0.00    0.00    0.00    0.00    0.00    0.00    0.00    0.00   99.00
03:00:06 AM   15    1.00    0.00    0.00    0.00    0.00    0.00    0.00    0.00    0.00   99.00
03:00:06 AM   16    0.00    0.00    0.00    0.00    0.00    0.00    0.00    0.00    0.00  100.00
03:00:06 AM   17    1.00    0.00    0.00    0.00    0.00    0.00    0.00    0.00    0.00   99.00
03:00:06 AM   18    1.00    0.00    0.00    0.00    0.00    0.00    0.00    0.00    0.00   99.00
03:00:06 AM   19    1.00    0.00    0.00    0.00    0.00    0.00    0.00    0.00    0.00   99.00
03:00:06 AM   20    5.00    0.00   59.00    0.00    0.00   36.00    0.00    0.00    0.00    0.00
03:00:06 AM   21    5.83    0.00   48.54    0.00    0.00   41.75    0.00    0.00    0.00    3.88
03:00:06 AM   22    1.01    0.00    0.00    0.00    0.00    0.00    0.00    0.00    0.00   98.99
03:00:06 AM   23    1.00    0.00    1.00    0.00    0.00    0.00    0.00    0.00    0.00   98.00
03:00:06 AM   24    1.01    0.00    0.00    0.00    0.00    0.00    0.00    0.00    0.00   98.99
03:00:06 AM   25    1.01    0.00    0.00    0.00    0.00    0.00    0.00    0.00    0.00   98.99
03:00:06 AM   26    1.00    0.00    0.00    0.00    0.00    0.00    0.00    0.00    0.00   99.00
03:00:06 AM   27    1.00    0.00    1.00    0.00    0.00    0.00    0.00    0.00    0.00   98.00
03:00:06 AM   28    0.00    0.00    0.00    0.00    0.00    0.00    0.00    0.00    0.00  100.00
03:00:06 AM   29    0.99    0.00    0.99    0.00    0.00    0.00    0.00    0.00    0.00   98.02
03:00:06 AM   30    1.00    0.00    0.00    0.00    0.00    0.00    0.00    0.00    0.00   99.00
03:00:06 AM   31    1.98    0.00    0.00    0.00    0.00    0.99    0.00    0.00    0.00   97.03
03:00:06 AM   32    1.00    0.00    0.00    0.00    0.00    0.00    0.00    0.00    0.00   99.00
03:00:06 AM   33    1.01    0.00    0.00    0.00    0.00    0.00    0.00    0.00    0.00   98.99
03:00:06 AM   34    0.00    0.00    1.00    0.00    0.00    0.00    0.00    0.00    0.00   99.00
03:00:06 AM   35    1.00    0.00    1.00    0.00    0.00    0.00    0.00    0.00    0.00   98.00

03:00:06 AM  CPU    %usr   %nice    %sys %iowait    %irq   %soft  %steal  %guest  %gnice   %idle
03:00:07 AM  all    0.92    0.06    3.38    0.14    0.00    3.02    0.00    0.00    0.00   92.48
03:00:07 AM    0    1.63    0.00    0.81    0.00    0.00   19.51    0.00    0.00    0.00   78.05
03:00:07 AM    1    0.96    0.00    0.00    0.00    0.00    5.77    0.00    0.00    0.00   93.27
03:00:07 AM    2    0.00    0.00    0.00    0.00    0.00    0.00    0.00    0.00    0.00  100.00
03:00:07 AM    3    0.00    0.00    1.01    1.01    0.00    0.00    0.00    0.00    0.00   97.98
03:00:07 AM    4    0.00    0.00    0.00    1.01    0.00    0.00    0.00    0.00    0.00   98.99
03:00:07 AM    5    0.00    0.00    0.00    0.00    0.00    0.00    0.00    0.00    0.00  100.00
03:00:07 AM    6    0.00    0.00    1.01    0.00    0.00    0.00    0.00    0.00    0.00   98.99
03:00:07 AM    7    1.98    0.00    0.99    0.00    0.00    0.00    0.00    0.00    0.00   97.03
03:00:07 AM    8    0.00    0.00    1.01    0.00    0.00    0.00    0.00    0.00    0.00   98.99
03:00:07 AM    9    1.00    0.00    1.00    1.00    0.00    0.00    0.00    0.00    0.00   97.00
03:00:07 AM   10    0.98    0.98    0.98    0.00    0.00    0.00    0.00    0.00    0.00   97.06
03:00:07 AM   11    2.02    0.00    6.06    0.00    0.00    0.00    0.00    0.00    0.00   91.92
03:00:07 AM   12    0.00    0.00    0.00    0.00    0.00    0.00    0.00    0.00    0.00  100.00
03:00:07 AM   13    1.00    0.00    0.00    0.00    0.00    0.00    0.00    0.00    0.00   99.00
03:00:07 AM   14    0.00    0.00    0.00    0.00    0.00    0.00    0.00    0.00    0.00  100.00
03:00:07 AM   15    0.00    1.00    1.00    0.00    0.00    0.00    0.00    0.00    0.00   98.00
03:00:07 AM   16    0.99    0.00    0.99    0.00    0.00    0.00    0.00    0.00    0.00   98.02
03:00:07 AM   17    0.00    0.00    0.00    0.00    0.00    0.00    0.00    0.00    0.00  100.00
03:00:07 AM   18    0.00    0.00    0.00    0.00    0.00    0.00    0.00    0.00    0.00  100.00
03:00:07 AM   19    0.00    0.00    0.99    0.00    0.00    0.00    0.00    0.00    0.00   99.01
03:00:07 AM   20    8.00    0.00   53.00    0.00    0.00   39.00    0.00    0.00    0.00    0.00
03:00:07 AM   21    4.26    0.00   48.94    0.00    0.00   42.55    0.00    0.00    0.00    4.26
03:00:07 AM   22    1.01    0.00    0.00    0.00    0.00    0.00    0.00    0.00    0.00   98.99
03:00:07 AM   23    0.00    0.00    0.00    2.02    0.00    0.00    0.00    0.00    0.00   97.98
03:00:07 AM   24    0.99    0.00    0.99    0.00    0.00    0.00    0.00    0.00    0.00   98.02
03:00:07 AM   25    0.00    0.00    0.00    0.00    0.00    0.00    0.00    0.00    0.00  100.00
03:00:07 AM   26    1.01    0.00    0.00    0.00    0.00    0.00    0.00    0.00    0.00   98.99
03:00:07 AM   27    0.00    0.00    1.00    0.00    0.00    0.00    0.00    0.00    0.00   99.00
03:00:07 AM   28    0.00    0.00    0.00    0.00    0.00    0.00    0.00    0.00    0.00  100.00
03:00:07 AM   29    2.00    0.00    1.00    0.00    0.00    0.00    0.00    0.00    0.00   97.00
03:00:07 AM   30    1.01    0.00    0.00    0.00    0.00    0.00    0.00    0.00    0.00   98.99
03:00:07 AM   31    0.00    0.00    0.00    0.00    0.00    0.00    0.00    0.00    0.00  100.00
03:00:07 AM   32    0.99    0.00    0.99    0.00    0.00    0.00    0.00    0.00    0.00   98.02
03:00:07 AM   33    1.00    0.00    1.00    0.00    0.00    0.00    0.00    0.00    0.00   98.00
03:00:07 AM   34    1.98    0.00    0.99    0.00    0.00    0.00    0.00    0.00    0.00   97.03
03:00:07 AM   35    0.00    0.00    1.00    0.00    0.00    0.00    0.00    0.00    0.00   99.00

Average:     CPU    %usr   %nice    %sys %iowait    %irq   %soft  %steal  %guest  %gnice   %idle
Average:     all    1.12    0.02    3.10    0.06    0.00    2.96    0.00    0.00    0.00   92.74
Average:       0    1.18    0.00    0.67    0.08    0.00   17.69    0.00    0.00    0.00   80.37
Average:       1    1.36    0.00    0.97    0.10    0.00    3.31    0.00    0.00    0.00   94.26
Average:       2    0.90    0.10    0.40    0.00    0.00    0.70    0.00    0.00    0.00   97.91
Average:       3    1.01    0.00    0.30    0.10    0.00    0.00    0.00    0.00    0.00   98.59
Average:       4    1.50    0.20    0.40    0.10    0.00    0.00    0.00    0.00    0.00   97.79
Average:       5    0.60    0.00    0.50    0.00    0.00    0.10    0.00    0.00    0.00   98.80
Average:       6    1.10    0.00    0.50    0.10    0.00    0.00    0.00    0.00    0.00   98.29
Average:       7    1.40    0.00    0.30    0.20    0.00    0.00    0.00    0.00    0.00   98.10
Average:       8    1.20    0.00    0.30    0.00    0.00    0.00    0.00    0.00    0.00   98.49
Average:       9    0.71    0.00    0.40    0.10    0.00    0.10    0.00    0.00    0.00   98.69
Average:      10    1.11    0.10    0.40    0.00    0.00    0.00    0.00    0.00    0.00   98.39
Average:      11    2.01    0.10    3.91    0.00    0.00    0.10    0.00    0.00    0.00   93.88
Average:      12    0.71    0.10    0.10    0.10    0.00    0.00    0.00    0.00    0.00   98.99
Average:      13    0.70    0.00    0.20    0.10    0.00    0.00    0.00    0.00    0.00   99.00
Average:      14    0.80    0.00    0.30    0.00    0.00    0.00    0.00    0.00    0.00   98.89
Average:      15    0.60    0.30    0.40    0.10    0.00    0.00    0.00    0.00    0.00   98.60
Average:      16    1.00    0.00    0.70    0.00    0.00    0.10    0.00    0.00    0.00   98.20
Average:      17    0.80    0.00    0.40    0.10    0.00    0.00    0.00    0.00    0.00   98.69
Average:      18    0.50    0.00    0.20    0.00    0.00    0.00    0.00    0.00    0.00   99.30
Average:      19    0.60    0.00    0.60    0.00    0.00    0.00    0.00    0.00    0.00   98.80
Average:      20    7.10    0.00   49.90    0.00    0.00   41.50    0.00    0.00    0.00    1.50
Average:      21    3.44    0.00   45.41    0.00    0.00   41.23    0.00    0.00    0.00    9.92
Average:      22    0.71    0.00    0.30    0.00    0.00    0.00    0.00    0.00    0.00   98.99
Average:      23    1.00    0.00    0.60    0.20    0.00    0.00    0.00    0.00    0.00   98.19
Average:      24    0.81    0.00    0.40    0.10    0.00    0.00    0.00    0.00    0.00   98.69
Average:      25    0.30    0.00    0.51    0.00    0.00    0.00    0.00    0.00    0.00   99.19
Average:      26    0.60    0.00    0.30    0.20    0.00    0.00    0.00    0.00    0.00   98.90
Average:      27    0.70    0.00    0.40    0.00    0.00    0.00    0.00    0.00    0.00   98.90
Average:      28    0.40    0.00    0.30    0.10    0.00    0.10    0.00    0.00    0.00   99.09
Average:      29    0.60    0.00    0.40    0.10    0.00    0.00    0.00    0.00    0.00   98.90
Average:      30    1.00    0.00    0.40    0.00    0.00    0.00    0.00    0.00    0.00   98.60
Average:      31    0.90    0.00    0.40    0.00    0.00    0.10    0.00    0.00    0.00   98.60
Average:      32    0.80    0.00    0.30    0.10    0.00    0.00    0.00    0.00    0.00   98.80
Average:      33    1.00    0.00    0.50    0.00    0.00    0.00    0.00    0.00    0.00   98.50
Average:      34    0.60    0.00    0.50    0.00    0.00    0.00    0.00    0.00    0.00   98.90
Average:      35    0.70    0.00    0.80    0.00    0.00    0.00    0.00    0.00    0.00   98.50
