Linux 5.15.0-186-generic (rapids4) 	07/28/2026 	_x86_64_	(36 CPU)

03:26:59 AM  CPU    %usr   %nice    %sys %iowait    %irq   %soft  %steal  %guest  %gnice   %idle
03:27:00 AM  all    2.31    0.00    2.54    0.03    0.00    1.48    0.00    0.00    0.00   93.64
03:27:00 AM    0    2.02    0.00    0.00    0.00    0.00    3.03    0.00    0.00    0.00   94.95
03:27:00 AM    1    2.97    0.00    0.00    0.00    0.00    0.00    0.00    0.00    0.00   97.03
03:27:00 AM    2    2.00    0.00    0.00    0.00    0.00    0.00    0.00    0.00    0.00   98.00
03:27:00 AM    3    1.01    0.00    0.00    0.00    0.00    0.00    0.00    0.00    0.00   98.99
03:27:00 AM    4    6.06    0.00    0.00    0.00    0.00    0.00    0.00    0.00    0.00   93.94
03:27:00 AM    5    1.01    0.00    0.00    0.00    0.00    0.00    0.00    0.00    0.00   98.99
03:27:00 AM    6    2.00    0.00    0.00    0.00    0.00    0.00    0.00    0.00    0.00   98.00
03:27:00 AM    7    0.00    0.00    0.00    0.00    0.00    0.00    0.00    0.00    0.00  100.00
03:27:00 AM    8    0.00    0.00    0.00    0.00    0.00    0.00    0.00    0.00    0.00  100.00
03:27:00 AM    9    4.00    0.00    1.00    0.00    0.00    0.00    0.00    0.00    0.00   95.00
03:27:00 AM   10    4.00    0.00    6.00    0.00    0.00    0.00    0.00    0.00    0.00   90.00
03:27:00 AM   11    0.00    0.00    0.00    0.00    0.00    0.00    0.00    0.00    0.00  100.00
03:27:00 AM   12    2.00    0.00    0.00    0.00    0.00    0.00    0.00    0.00    0.00   98.00
03:27:00 AM   13    2.00    0.00    0.00    0.00    0.00    0.00    0.00    0.00    0.00   98.00
03:27:00 AM   14    0.00    0.00    0.00    0.00    0.00    0.00    0.00    0.00    0.00  100.00
03:27:00 AM   15    3.92    0.00    0.98    0.00    0.00    0.00    0.00    0.00    0.00   95.10
03:27:00 AM   16    1.00    0.00    1.00    0.00    0.00    0.00    0.00    0.00    0.00   98.00
03:27:00 AM   17    3.00    0.00    0.00    0.00    0.00    0.00    0.00    0.00    0.00   97.00
03:27:00 AM   18    1.01    0.00    0.00    0.00    0.00    0.00    0.00    0.00    0.00   98.99
03:27:00 AM   19    0.99    0.00    0.99    0.00    0.00    0.00    0.00    0.00    0.00   98.02
03:27:00 AM   20    0.00    0.00    0.00    0.00    0.00    0.00    0.00    0.00    0.00  100.00
03:27:00 AM   21    1.00    0.00    0.00    0.00    0.00    0.00    0.00    0.00    0.00   99.00
03:27:00 AM   22   13.00    0.00   44.00    0.00    0.00   27.00    0.00    0.00    0.00   16.00
03:27:00 AM   23   19.80    0.00   33.66    0.00    0.00   22.77    0.00    0.00    0.00   23.76
03:27:00 AM   24    1.00    0.00    0.00    0.00    0.00    0.00    0.00    0.00    0.00   99.00
03:27:00 AM   25    3.00    0.00    0.00    0.00    0.00    0.00    0.00    0.00    0.00   97.00
03:27:00 AM   26    0.00    0.00    0.00    0.00    0.00    0.00    0.00    0.00    0.00  100.00
03:27:00 AM   27    1.00    0.00    0.00    0.00    0.00    0.00    0.00    0.00    0.00   99.00
03:27:00 AM   28    0.99    0.00    0.99    0.00    0.00    0.00    0.00    0.00    0.00   98.02
03:27:00 AM   29    1.01    0.00    0.00    0.00    0.00    0.00    0.00    0.00    0.00   98.99
03:27:00 AM   30    1.00    0.00    0.00    1.00    0.00    0.00    0.00    0.00    0.00   98.00
03:27:00 AM   31    0.00    0.00    1.01    0.00    0.00    0.00    0.00    0.00    0.00   98.99
03:27:00 AM   32    0.00    0.00    0.00    0.00    0.00    0.00    0.00    0.00    0.00  100.00
03:27:00 AM   33    1.00    0.00    0.00    0.00    0.00    0.00    0.00    0.00    0.00   99.00
03:27:00 AM   34    0.00    0.00    0.00    0.00    0.00    0.00    0.00    0.00    0.00  100.00
03:27:00 AM   35    1.00    0.00    1.00    0.00    0.00    0.00    0.00    0.00    0.00   98.00

03:27:00 AM  CPU    %usr   %nice    %sys %iowait    %irq   %soft  %steal  %guest  %gnice   %idle
03:27:01 AM  all    1.59    0.00    3.39    0.08    0.00    2.09    0.00    0.00    0.00   92.85
03:27:01 AM    0    1.79    0.00    0.00    0.00    0.00   13.39    0.00    0.00    0.00   84.82
03:27:01 AM    1    0.00    0.00    1.00    0.00    0.00    1.00    0.00    0.00    0.00   98.00
03:27:01 AM    2    2.00    0.00    0.00    0.00    0.00    0.00    0.00    0.00    0.00   98.00
03:27:01 AM    3    1.01    0.00    0.00    0.00    0.00    0.00    0.00    0.00    0.00   98.99
03:27:01 AM    4    1.00    0.00    0.00    0.00    0.00    0.00    0.00    0.00    0.00   99.00
03:27:01 AM    5    1.00    0.00    0.00    0.00    0.00    0.00    0.00    0.00    0.00   99.00
03:27:01 AM    6    1.02    0.00    6.12    0.00    0.00    0.00    0.00    0.00    0.00   92.86
03:27:01 AM    7    0.00    0.00    0.00    0.00    0.00    0.00    0.00    0.00    0.00  100.00
03:27:01 AM    8    0.00    0.00    1.01    0.00    0.00    0.00    0.00    0.00    0.00   98.99
03:27:01 AM    9    1.01    0.00    1.01    0.00    0.00    0.00    0.00    0.00    0.00   97.98
03:27:01 AM   10    0.00    0.00    0.00    1.02    0.00    0.00    0.00    0.00    0.00   98.98
03:27:01 AM   11    1.00    0.00    1.00    0.00    0.00    0.00    0.00    0.00    0.00   98.00
03:27:01 AM   12    1.00    0.00    1.00    0.00    0.00    0.00    0.00    0.00    0.00   98.00
03:27:01 AM   13    2.00    0.00    1.00    0.00    0.00    0.00    0.00    0.00    0.00   97.00
03:27:01 AM   14    1.01    0.00    0.00    0.00    0.00    0.00    0.00    0.00    0.00   98.99
03:27:01 AM   15    1.01    0.00    0.00    1.01    0.00    0.00    0.00    0.00    0.00   97.98
03:27:01 AM   16    1.01    0.00    0.00    0.00    0.00    0.00    0.00    0.00    0.00   98.99
03:27:01 AM   17    1.00    0.00    1.00    0.00    0.00    0.00    0.00    0.00    0.00   98.00
03:27:01 AM   18    1.00    0.00    0.00    0.00    0.00    0.00    0.00    0.00    0.00   99.00
03:27:01 AM   19    0.00    0.00    0.00    0.00    0.00    0.00    0.00    0.00    0.00  100.00
03:27:01 AM   20    0.98    0.00    0.98    0.00    0.00    0.00    0.00    0.00    0.00   98.04
03:27:01 AM   21    0.00    0.00    0.00    0.00    0.00    0.00    0.00    0.00    0.00  100.00
03:27:01 AM   22   15.15    0.00   53.54    0.00    0.00   31.31    0.00    0.00    0.00    0.00
03:27:01 AM   23   15.69    0.00   51.96    0.00    0.00   25.49    0.00    0.00    0.00    6.86
03:27:01 AM   24    1.00    0.00    1.00    0.00    0.00    0.00    0.00    0.00    0.00   98.00
03:27:01 AM   25    0.00    0.00    0.00    0.00    0.00    0.00    0.00    0.00    0.00  100.00
03:27:01 AM   26    0.00    0.00    0.00    0.00    0.00    0.00    0.00    0.00    0.00  100.00
03:27:01 AM   27    0.00    0.00    0.00    0.00    0.00    0.00    0.00    0.00    0.00  100.00
03:27:01 AM   28    1.00    0.00    0.00    0.00    0.00    0.00    0.00    0.00    0.00   99.00
03:27:01 AM   29    1.00    0.00    1.00    0.00    0.00    0.00    0.00    0.00    0.00   98.00
03:27:01 AM   30    0.00    0.00    0.00    0.00    0.00    0.00    0.00    0.00    0.00  100.00
03:27:01 AM   31    1.00    0.00    0.00    0.00    0.00    1.00    0.00    0.00    0.00   98.00
03:27:01 AM   32    1.01    0.00    0.00    0.00    0.00    0.00    0.00    0.00    0.00   98.99
03:27:01 AM   33    1.01    0.00    0.00    0.00    0.00    0.00    0.00    0.00    0.00   98.99
03:27:01 AM   34    1.00    0.00    0.00    1.00    0.00    0.00    0.00    0.00    0.00   98.00
03:27:01 AM   35    0.00    0.00    0.00    0.00    0.00    1.01    0.00    0.00    0.00   98.99

03:27:01 AM  CPU    %usr   %nice    %sys %iowait    %irq   %soft  %steal  %guest  %gnice   %idle
03:27:02 AM  all    1.48    0.00    3.18    0.00    0.00    2.04    0.00    0.00    0.00   93.31
03:27:02 AM    0    0.00    0.00    0.96    0.00    0.00    7.69    0.00    0.00    0.00   91.35
03:27:02 AM    1    1.01    0.00    0.00    0.00    0.00    1.01    0.00    0.00    0.00   97.98
03:27:02 AM    2    2.00    0.00    2.00    0.00    0.00    1.00    0.00    0.00    0.00   95.00
03:27:02 AM    3    0.00    0.00    2.02    0.00    0.00    0.00    0.00    0.00    0.00   97.98
03:27:02 AM    4    1.01    0.00    0.00    0.00    0.00    0.00    0.00    0.00    0.00   98.99
03:27:02 AM    5    0.99    0.00    1.98    0.00    0.00    0.00    0.00    0.00    0.00   97.03
03:27:02 AM    6    1.00    0.00    1.00    0.00    0.00    0.00    0.00    0.00    0.00   98.00
03:27:02 AM    7    1.01    0.00    0.00    0.00    0.00    0.00    0.00    0.00    0.00   98.99
03:27:02 AM    8    1.00    0.00    0.00    0.00    0.00    0.00    0.00    0.00    0.00   99.00
03:27:02 AM    9    0.00    0.00    1.01    0.00    0.00    0.00    0.00    0.00    0.00   98.99
03:27:02 AM   10    0.00    0.00    0.00    0.00    0.00    0.00    0.00    0.00    0.00  100.00
03:27:02 AM   11    0.00    0.00    0.00    0.00    0.00    0.00    0.00    0.00    0.00  100.00
03:27:02 AM   12    1.01    0.00    0.00    0.00    0.00    0.00    0.00    0.00    0.00   98.99
03:27:02 AM   13    2.02    0.00    0.00    0.00    0.00    0.00    0.00    0.00    0.00   97.98
03:27:02 AM   14    0.00    0.00    1.00    0.00    0.00    0.00    0.00    0.00    0.00   99.00
03:27:02 AM   15    1.00    0.00    1.00    0.00    0.00    0.00    0.00    0.00    0.00   98.00
03:27:02 AM   16    1.01    0.00    0.00    0.00    0.00    0.00    0.00    0.00    0.00   98.99
03:27:02 AM   17    0.00    0.00    0.00    0.00    0.00    0.00    0.00    0.00    0.00  100.00
03:27:02 AM   18    1.00    0.00    1.00    0.00    0.00    0.00    0.00    0.00    0.00   98.00
03:27:02 AM   19    0.00    0.00    0.00    0.00    0.00    0.00    0.00    0.00    0.00  100.00
03:27:02 AM   20    0.00    0.00    1.00    0.00    0.00    0.00    0.00    0.00    0.00   99.00
03:27:02 AM   21    0.00    0.00    1.00    0.00    0.00    0.00    0.00    0.00    0.00   99.00
03:27:02 AM   22   17.17    0.00   45.45    0.00    0.00   37.37    0.00    0.00    0.00    0.00
03:27:02 AM   23   18.18    0.00   49.49    0.00    0.00   26.26    0.00    0.00    0.00    6.06
03:27:02 AM   24    0.00    0.00    0.00    0.00    0.00    0.00    0.00    0.00    0.00  100.00
03:27:02 AM   25    1.00    0.00    1.00    0.00    0.00    0.00    0.00    0.00    0.00   98.00
03:27:02 AM   26    0.00    0.00    0.00    0.00    0.00    0.00    0.00    0.00    0.00  100.00
03:27:02 AM   27    0.00    0.00    1.01    0.00    0.00    0.00    0.00    0.00    0.00   98.99
03:27:02 AM   28    1.00    0.00    0.00    0.00    0.00    0.00    0.00    0.00    0.00   99.00
03:27:02 AM   29    0.99    0.00    0.99    0.00    0.00    0.00    0.00    0.00    0.00   98.02
03:27:02 AM   30    0.00    0.00    0.00    0.00    0.00    0.00    0.00    0.00    0.00  100.00
03:27:02 AM   31    0.00    0.00    0.00    0.00    0.00    0.00    0.00    0.00    0.00  100.00
03:27:02 AM   32    0.00    0.00    1.01    0.00    0.00    0.00    0.00    0.00    0.00   98.99
03:27:02 AM   33    0.00    0.00    1.00    0.00    0.00    0.00    0.00    0.00    0.00   99.00
03:27:02 AM   34    0.00    0.00    0.00    0.00    0.00    0.00    0.00    0.00    0.00  100.00
03:27:02 AM   35    0.99    0.00    0.99    0.00    0.00    0.00    0.00    0.00    0.00   98.02

03:27:02 AM  CPU    %usr   %nice    %sys %iowait    %irq   %soft  %steal  %guest  %gnice   %idle
03:27:03 AM  all    1.84    0.08    3.24    0.06    0.00    2.26    0.00    0.00    0.00   92.52
03:27:03 AM    0    1.83    0.92    0.92    0.00    0.00    9.17    0.00    0.00    0.00   87.16
03:27:03 AM    1    1.89    0.94    0.94    0.00    0.00    4.72    0.00    0.00    0.00   91.51
03:27:03 AM    2    2.04    0.00    0.00    0.00    0.00    0.00    0.00    0.00    0.00   97.96
03:27:03 AM    3    2.00    0.00    0.00    0.00    0.00    0.00    0.00    0.00    0.00   98.00
03:27:03 AM    4    1.01    0.00    0.00    0.00    0.00    0.00    0.00    0.00    0.00   98.99
03:27:03 AM    5    1.01    0.00    0.00    0.00    0.00    0.00    0.00    0.00    0.00   98.99
03:27:03 AM    6    2.02    0.00    7.07    0.00    0.00    0.00    0.00    0.00    0.00   90.91
03:27:03 AM    7    0.00    0.00    0.00    1.02    0.00    0.00    0.00    0.00    0.00   98.98
03:27:03 AM    8    1.04    0.00    0.00    0.00    0.00    0.00    0.00    0.00    0.00   98.96
03:27:03 AM    9    2.02    0.00    0.00    0.00    0.00    0.00    0.00    0.00    0.00   97.98
03:27:03 AM   10    1.01    0.00    0.00    0.00    0.00    0.00    0.00    0.00    0.00   98.99
03:27:03 AM   11    1.01    0.00    0.00    0.00    0.00    0.00    0.00    0.00    0.00   98.99
03:27:03 AM   12    3.00    0.00    0.00    0.00    0.00    0.00    0.00    0.00    0.00   97.00
03:27:03 AM   13    2.00    0.00    0.00    0.00    0.00    0.00    0.00    0.00    0.00   98.00
03:27:03 AM   14    1.02    0.00    1.02    0.00    0.00    0.00    0.00    0.00    0.00   97.96
03:27:03 AM   15    3.00    0.00    0.00    0.00    0.00    1.00    0.00    0.00    0.00   96.00
03:27:03 AM   16    2.04    0.00    0.00    0.00    0.00    0.00    0.00    0.00    0.00   97.96
03:27:03 AM   17    0.99    0.99    0.99    0.00    0.00    0.00    0.00    0.00    0.00   97.03
03:27:03 AM   18    1.01    0.00    1.01    0.00    0.00    0.00    0.00    0.00    0.00   97.98
03:27:03 AM   19    1.00    0.00    0.00    0.00    0.00    0.00    0.00    0.00    0.00   99.00
03:27:03 AM   20    0.00    0.00    0.00    0.00    0.00    0.00    0.00    0.00    0.00  100.00
03:27:03 AM   21    1.00    0.00    0.00    0.00    0.00    0.00    0.00    0.00    0.00   99.00
03:27:03 AM   22   15.00    0.00   47.00    0.00    0.00   38.00    0.00    0.00    0.00    0.00
03:27:03 AM   23   13.86    0.00   52.48    0.00    0.00   26.73    0.00    0.00    0.00    6.93
03:27:03 AM   24    0.00    0.00    0.00    0.00    0.00    0.00    0.00    0.00    0.00  100.00
03:27:03 AM   25    1.00    0.00    1.00    0.00    0.00    0.00    0.00    0.00    0.00   98.00
03:27:03 AM   26    0.00    0.00    1.01    0.00    0.00    0.00    0.00    0.00    0.00   98.99
03:27:03 AM   27    0.00    0.00    0.00    0.00    0.00    0.00    0.00    0.00    0.00  100.00
03:27:03 AM   28    1.01    0.00    0.00    1.01    0.00    0.00    0.00    0.00    0.00   97.98
03:27:03 AM   29    0.00    0.00    0.00    0.00    0.00    0.00    0.00    0.00    0.00  100.00
03:27:03 AM   30    0.99    0.00    0.99    0.00    0.00    0.00    0.00    0.00    0.00   98.02
03:27:03 AM   31    0.00    0.00    0.00    0.00    0.00    0.00    0.00    0.00    0.00  100.00
03:27:03 AM   32    0.00    0.00    0.00    0.00    0.00    0.00    0.00    0.00    0.00  100.00
03:27:03 AM   33    0.00    0.00    0.00    0.00    0.00    0.00    0.00    0.00    0.00  100.00
03:27:03 AM   34    1.00    0.00    1.00    0.00    0.00    0.00    0.00    0.00    0.00   98.00
03:27:03 AM   35    1.01    0.00    0.00    0.00    0.00    0.00    0.00    0.00    0.00   98.99

03:27:03 AM  CPU    %usr   %nice    %sys %iowait    %irq   %soft  %steal  %guest  %gnice   %idle
03:27:04 AM  all    1.45    0.00    3.04    0.06    0.00    2.09    0.00    0.00    0.00   93.37
03:27:04 AM    0    0.93    0.00    0.00    0.93    0.00   10.19    0.00    0.00    0.00   87.96
03:27:04 AM    1    0.96    0.00    0.96    0.00    0.00    3.85    0.00    0.00    0.00   94.23
03:27:04 AM    2    1.00    0.00    1.00    0.00    0.00    0.00    0.00    0.00    0.00   98.00
03:27:04 AM    3    0.00    0.00    0.00    0.00    0.00    0.00    0.00    0.00    0.00  100.00
03:27:04 AM    4    0.00    0.00    0.00    0.00    0.00    0.00    0.00    0.00    0.00  100.00
03:27:04 AM    5    0.00    0.00    0.00    0.00    0.00    0.00    0.00    0.00    0.00  100.00
03:27:04 AM    6    0.00    0.00    0.00    0.00    0.00    0.00    0.00    0.00    0.00  100.00
03:27:04 AM    7    1.00    0.00    1.00    0.00    0.00    0.00    0.00    0.00    0.00   98.00
03:27:04 AM    8    1.00    0.00    0.00    0.00    0.00    0.00    0.00    0.00    0.00   99.00
03:27:04 AM    9    0.00    0.00    0.00    0.00    0.00    0.00    0.00    0.00    0.00  100.00
03:27:04 AM   10    0.00    0.00    0.00    0.00    0.00    0.00    0.00    0.00    0.00  100.00
03:27:04 AM   11    0.00    0.00    1.00    0.00    0.00    0.00    0.00    0.00    0.00   99.00
03:27:04 AM   12    1.00    0.00    0.00    0.00    0.00    0.00    0.00    0.00    0.00   99.00
03:27:04 AM   13    0.00    0.00    2.00    0.00    0.00    0.00    0.00    0.00    0.00   98.00
03:27:04 AM   14    0.00    0.00    0.00    0.00    0.00    0.00    0.00    0.00    0.00  100.00
03:27:04 AM   15    0.00    0.00    0.00    0.00    0.00    0.00    0.00    0.00    0.00  100.00
03:27:04 AM   16    0.00    0.00    0.00    0.00    0.00    0.00    0.00    0.00    0.00  100.00
03:27:04 AM   17    2.00    0.00    0.00    0.00    0.00    0.00    0.00    0.00    0.00   98.00
03:27:04 AM   18    1.00    0.00    0.00    0.00    0.00    0.00    0.00    0.00    0.00   99.00
03:27:04 AM   19    0.00    0.00    1.01    0.00    0.00    0.00    0.00    0.00    0.00   98.99
03:27:04 AM   20    0.00    0.00    0.00    0.00    0.00    0.00    0.00    0.00    0.00  100.00
03:27:04 AM   21    0.00    0.00    0.00    0.00    0.00    0.00    0.00    0.00    0.00  100.00
03:27:04 AM   22   14.85    0.00   46.53    0.00    0.00   37.62    0.00    0.00    0.00    0.99
03:27:04 AM   23   19.39    0.00   52.04    0.00    0.00   22.45    0.00    0.00    0.00    6.12
03:27:04 AM   24    1.00    0.00    1.00    0.00    0.00    0.00    0.00    0.00    0.00   98.00
03:27:04 AM   25    0.00    0.00    0.00    0.00    0.00    0.00    0.00    0.00    0.00  100.00
03:27:04 AM   26    1.98    0.00    0.00    0.00    0.00    0.00    0.00    0.00    0.00   98.02
03:27:04 AM   27    1.00    0.00    0.00    0.00    0.00    0.00    0.00    0.00    0.00   99.00
03:27:04 AM   28    0.00    0.00    0.00    0.00    0.00    0.00    0.00    0.00    0.00  100.00
03:27:04 AM   29    1.01    0.00    0.00    1.01    0.00    0.00    0.00    0.00    0.00   97.98
03:27:04 AM   30    1.00    0.00    1.00    0.00    0.00    0.00    0.00    0.00    0.00   98.00
03:27:04 AM   31    1.00    0.00    0.00    0.00    0.00    0.00    0.00    0.00    0.00   99.00
03:27:04 AM   32    0.00    0.00    1.01    0.00    0.00    0.00    0.00    0.00    0.00   98.99
03:27:04 AM   33    1.00    0.00    1.00    0.00    0.00    0.00    0.00    0.00    0.00   98.00
03:27:04 AM   34    0.00    0.00    0.00    0.00    0.00    0.00    0.00    0.00    0.00  100.00
03:27:04 AM   35    1.01    0.00    0.00    0.00    0.00    0.00    0.00    0.00    0.00   98.99

03:27:04 AM  CPU    %usr   %nice    %sys %iowait    %irq   %soft  %steal  %guest  %gnice   %idle
03:27:05 AM  all    2.04    0.03    3.07    0.03    0.00    2.15    0.00    0.00    0.00   92.69
03:27:05 AM    0    1.83    0.00    0.00    0.00    0.00   11.01    0.00    0.00    0.00   87.16
03:27:05 AM    1    0.00    0.00    0.00    0.00    0.00    2.00    0.00    0.00    0.00   98.00
03:27:05 AM    2    1.00    0.00    1.00    0.00    0.00    0.00    0.00    0.00    0.00   98.00
03:27:05 AM    3    0.00    0.00    0.00    0.00    0.00    0.00    0.00    0.00    0.00  100.00
03:27:05 AM    4    0.00    0.00    0.00    0.00    0.00    0.00    0.00    0.00    0.00  100.00
03:27:05 AM    5    1.00    0.00    1.00    0.00    0.00    0.00    0.00    0.00    0.00   98.00
03:27:05 AM    6    1.00    0.00    1.00    0.00    0.00    0.00    0.00    0.00    0.00   98.00
03:27:05 AM    7    1.01    0.00    0.00    0.00    0.00    0.00    0.00    0.00    0.00   98.99
03:27:05 AM    8    0.00    0.00    0.00    0.00    0.00    0.00    0.00    0.00    0.00  100.00
03:27:05 AM    9    1.98    0.00    0.99    0.00    0.00    0.99    0.00    0.00    0.00   96.04
03:27:05 AM   10    2.00    0.00    7.00    0.00    0.00    0.00    0.00    0.00    0.00   91.00
03:27:05 AM   11    0.00    0.00    0.00    0.00    0.00    0.00    0.00    0.00    0.00  100.00
03:27:05 AM   12    1.01    0.00    0.00    0.00    0.00    0.00    0.00    0.00    0.00   98.99
03:27:05 AM   13    2.00    0.00    0.00    0.00    0.00    0.00    0.00    0.00    0.00   98.00
03:27:05 AM   14    1.00    0.00    0.00    0.00    0.00    0.00    0.00    0.00    0.00   99.00
03:27:05 AM   15    1.00    0.00    0.00    0.00    0.00    0.00    0.00    0.00    0.00   99.00
03:27:05 AM   16    2.00    1.00    0.00    0.00    0.00    0.00    0.00    0.00    0.00   97.00
03:27:05 AM   17    0.00    0.00    0.00    0.00    0.00    0.00    0.00    0.00    0.00  100.00
03:27:05 AM   18    1.02    0.00    0.00    0.00    0.00    0.00    0.00    0.00    0.00   98.98
03:27:05 AM   19    3.03    0.00    3.03    0.00    0.00    0.00    0.00    0.00    0.00   93.94
03:27:05 AM   20    1.00    0.00    1.00    0.00    0.00    0.00    0.00    0.00    0.00   98.00
03:27:05 AM   21    1.01    0.00    0.00    0.00    0.00    0.00    0.00    0.00    0.00   98.99
03:27:05 AM   22   21.00    0.00   45.00    0.00    0.00   33.00    0.00    0.00    0.00    1.00
03:27:05 AM   23   20.41    0.00   45.92    0.00    0.00   29.59    0.00    0.00    0.00    4.08
03:27:05 AM   24    0.00    0.00    1.01    0.00    0.00    0.00    0.00    0.00    0.00   98.99
03:27:05 AM   25    1.01    0.00    0.00    0.00    0.00    0.00    0.00    0.00    0.00   98.99
03:27:05 AM   26    0.00    0.00    1.00    0.00    0.00    0.00    0.00    0.00    0.00   99.00
03:27:05 AM   27    1.00    0.00    0.00    0.00    0.00    0.00    0.00    0.00    0.00   99.00
03:27:05 AM   28    0.00    0.00    0.00    0.00    0.00    0.00    0.00    0.00    0.00  100.00
03:27:05 AM   29    0.00    0.00    0.00    0.00    0.00    0.00    0.00    0.00    0.00  100.00
03:27:05 AM   30    1.00    0.00    0.00    0.00    0.00    0.00    0.00    0.00    0.00   99.00
03:27:05 AM   31    1.00    0.00    1.00    0.00    0.00    0.00    0.00    0.00    0.00   98.00
03:27:05 AM   32    3.00    0.00    2.00    0.00    0.00    0.00    0.00    0.00    0.00   95.00
03:27:05 AM   33    1.01    0.00    0.00    0.00    0.00    0.00    0.00    0.00    0.00   98.99
03:27:05 AM   34    1.00    0.00    0.00    1.00    0.00    0.00    0.00    0.00    0.00   98.00
03:27:05 AM   35    0.00    0.00    0.00    0.00    0.00    0.00    0.00    0.00    0.00  100.00

03:27:05 AM  CPU    %usr   %nice    %sys %iowait    %irq   %soft  %steal  %guest  %gnice   %idle
03:27:06 AM  all    1.81    0.00    2.59    0.00    0.00    2.37    0.00    0.00    0.00   93.23
03:27:06 AM    0    1.80    0.00    0.00    0.00    0.00   11.71    0.00    0.00    0.00   86.49
03:27:06 AM    1    1.01    0.00    0.00    0.00    0.00    0.00    0.00    0.00    0.00   98.99
03:27:06 AM    2    0.00    0.00    0.00    0.00    0.00    0.00    0.00    0.00    0.00  100.00
03:27:06 AM    3    1.01    0.00    0.00    0.00    0.00    0.00    0.00    0.00    0.00   98.99
03:27:06 AM    4    1.01    0.00    0.00    0.00    0.00    0.00    0.00    0.00    0.00   98.99
03:27:06 AM    5    0.00    0.00    0.00    0.00    0.00    0.00    0.00    0.00    0.00  100.00
03:27:06 AM    6    0.00    0.00    0.00    0.00    0.00    0.00    0.00    0.00    0.00  100.00
03:27:06 AM    7    0.00    0.00    0.00    0.00    0.00    0.00    0.00    0.00    0.00  100.00
03:27:06 AM    8    1.01    0.00    0.00    0.00    0.00    0.00    0.00    0.00    0.00   98.99
03:27:06 AM    9    2.00    0.00    0.00    0.00    0.00    0.00    0.00    0.00    0.00   98.00
03:27:06 AM   10    1.02    0.00    7.14    0.00    0.00    0.00    0.00    0.00    0.00   91.84
03:27:06 AM   11    1.00    0.00    0.00    0.00    0.00    0.00    0.00    0.00    0.00   99.00
03:27:06 AM   12    0.00    0.00    0.00    0.00    0.00    0.00    0.00    0.00    0.00  100.00
03:27:06 AM   13    1.00    0.00    0.00    0.00    0.00    0.00    0.00    0.00    0.00   99.00
03:27:06 AM   14    1.01    0.00    0.00    0.00    0.00    0.00    0.00    0.00    0.00   98.99
03:27:06 AM   15    0.00    0.00    0.00    0.00    0.00    0.00    0.00    0.00    0.00  100.00
03:27:06 AM   16    1.96    0.00    0.98    0.00    0.00    0.00    0.00    0.00    0.00   97.06
03:27:06 AM   17    0.00    0.00    1.01    0.00    0.00    0.00    0.00    0.00    0.00   98.99
03:27:06 AM   18    1.01    0.00    0.00    0.00    0.00    0.00    0.00    0.00    0.00   98.99
03:27:06 AM   19    0.00    0.00    1.01    0.00    0.00    0.00    0.00    0.00    0.00   98.99
03:27:06 AM   20    1.00    0.00    1.00    0.00    0.00    0.00    0.00    0.00    0.00   98.00
03:27:06 AM   21    0.00    0.00    0.00    0.00    0.00    0.00    0.00    0.00    0.00  100.00
03:27:06 AM   22   20.00    0.00   41.00    0.00    0.00   39.00    0.00    0.00    0.00    0.00
03:27:06 AM   23   18.56    0.00   40.21    0.00    0.00   34.02    0.00    0.00    0.00    7.22
03:27:06 AM   24    2.00    0.00    0.00    0.00    0.00    0.00    0.00    0.00    0.00   98.00
03:27:06 AM   25    0.00    0.00    1.01    0.00    0.00    0.00    0.00    0.00    0.00   98.99
03:27:06 AM   26    1.02    0.00    0.00    0.00    0.00    0.00    0.00    0.00    0.00   98.98
03:27:06 AM   27    1.00    0.00    0.00    0.00    0.00    0.00    0.00    0.00    0.00   99.00
03:27:06 AM   28    0.00    0.00    0.00    0.00    0.00    0.00    0.00    0.00    0.00  100.00
03:27:06 AM   29    1.01    0.00    0.00    0.00    0.00    0.00    0.00    0.00    0.00   98.99
03:27:06 AM   30    1.00    0.00    0.00    0.00    0.00    0.00    0.00    0.00    0.00   99.00
03:27:06 AM   31    1.98    0.00    0.00    0.00    0.00    0.00    0.00    0.00    0.00   98.02
03:27:06 AM   32    1.00    0.00    1.00    0.00    0.00    0.00    0.00    0.00    0.00   98.00
03:27:06 AM   33    1.98    0.00    0.00    0.00    0.00    0.00    0.00    0.00    0.00   98.02
03:27:06 AM   34    0.00    0.00    0.00    0.00    0.00    0.00    0.00    0.00    0.00  100.00
03:27:06 AM   35    0.00    0.00    0.00    0.00    0.00    0.00    0.00    0.00    0.00  100.00

03:27:06 AM  CPU    %usr   %nice    %sys %iowait    %irq   %soft  %steal  %guest  %gnice   %idle
03:27:07 AM  all    1.56    0.06    3.09    0.11    0.00    2.03    0.00    0.00    0.00   93.15
03:27:07 AM    0    0.95    0.00    0.00    0.00    0.00    8.57    0.00    0.00    0.00   90.48
03:27:07 AM    1    0.00    0.00    1.00    0.00    0.00    1.00    0.00    0.00    0.00   98.00
03:27:07 AM    2    1.01    0.00    0.00    0.00    0.00    0.00    0.00    0.00    0.00   98.99
03:27:07 AM    3    0.00    0.00    1.98    0.00    0.00    0.00    0.00    0.00    0.00   98.02
03:27:07 AM    4    0.00    0.00    1.01    0.00    0.00    0.00    0.00    0.00    0.00   98.99
03:27:07 AM    5    0.00    0.00    0.00    0.00    0.00    0.00    0.00    0.00    0.00  100.00
03:27:07 AM    6    1.02    0.00    0.00    0.00    0.00    0.00    0.00    0.00    0.00   98.98
03:27:07 AM    7    1.98    0.00    0.99    0.99    0.00    0.00    0.00    0.00    0.00   96.04
03:27:07 AM    8    1.98    0.99    0.00    0.00    0.00    0.00    0.00    0.00    0.00   97.03
03:27:07 AM    9    1.01    0.00    0.00    0.00    0.00    0.00    0.00    0.00    0.00   98.99
03:27:07 AM   10    1.00    0.00    0.00    0.00    0.00    0.00    0.00    0.00    0.00   99.00
03:27:07 AM   11    1.01    0.00    1.01    0.00    0.00    0.00    0.00    0.00    0.00   97.98
03:27:07 AM   12    0.00    0.00    0.00    0.00    0.00    0.00    0.00    0.00    0.00  100.00
03:27:07 AM   13    0.00    0.00    0.00    0.00    0.00    0.00    0.00    0.00    0.00  100.00
03:27:07 AM   14    0.99    0.99    0.00    0.00    0.00    0.00    0.00    0.00    0.00   98.02
03:27:07 AM   15    0.00    0.00    1.01    0.00    0.00    0.00    0.00    0.00    0.00   98.99
03:27:07 AM   16    0.00    0.00    0.00    0.00    0.00    0.00    0.00    0.00    0.00  100.00
03:27:07 AM   17    1.01    0.00    0.00    0.00    0.00    0.00    0.00    0.00    0.00   98.99
03:27:07 AM   18    0.99    0.00    0.99    0.00    0.00    0.00    0.00    0.00    0.00   98.02
03:27:07 AM   19    0.00    0.00    0.00    0.00    0.00    0.00    0.00    0.00    0.00  100.00
03:27:07 AM   20    0.99    0.00    0.99    0.00    0.00    0.00    0.00    0.00    0.00   98.02
03:27:07 AM   21    0.00    0.00    1.01    0.00    0.00    0.00    0.00    0.00    0.00   98.99
03:27:07 AM   22   15.00    0.00   48.00    0.00    0.00   37.00    0.00    0.00    0.00    0.00
03:27:07 AM   23   21.00    0.00   46.00    0.00    0.00   26.00    0.00    0.00    0.00    7.00
03:27:07 AM   24    1.00    0.00    1.00    1.00    0.00    0.00    0.00    0.00    0.00   97.00
03:27:07 AM   25    1.98    0.00    0.99    0.00    0.00    0.00    0.00    0.00    0.00   97.03
03:27:07 AM   26    1.00    0.00    1.00    0.00    0.00    0.00    0.00    0.00    0.00   98.00
03:27:07 AM   27    1.00    0.00    1.00    0.00    0.00    0.00    0.00    0.00    0.00   98.00
03:27:07 AM   28    1.00    0.00    0.00    0.00    0.00    0.00    0.00    0.00    0.00   99.00
03:27:07 AM   29    0.00    0.00    0.00    0.00    0.00    0.00    0.00    0.00    0.00  100.00
03:27:07 AM   30    0.00    0.00    0.00    0.00    0.00    0.00    0.00    0.00    0.00  100.00
03:27:07 AM   31    0.00    0.00    0.00    0.00    0.00    0.00    0.00    0.00    0.00  100.00
03:27:07 AM   32    0.00    0.00    1.00    2.00    0.00    0.00    0.00    0.00    0.00   97.00
03:27:07 AM   33    0.00    0.00    0.00    0.00    0.00    0.00    0.00    0.00    0.00  100.00
03:27:07 AM   34    0.00    0.00    1.00    0.00    0.00    0.00    0.00    0.00    0.00   99.00
03:27:07 AM   35    0.00    0.00    1.00    0.00    0.00    0.00    0.00    0.00    0.00   99.00

03:27:07 AM  CPU    %usr   %nice    %sys %iowait    %irq   %soft  %steal  %guest  %gnice   %idle
03:27:08 AM  all    1.59    0.00    3.35    0.08    0.00    1.79    0.00    0.00    0.00   93.19
03:27:08 AM    0    1.94    0.00    0.97    0.00    0.00    4.85    0.00    0.00    0.00   92.23
03:27:08 AM    1    0.97    0.00    0.97    0.00    0.00    3.88    0.00    0.00    0.00   94.17
03:27:08 AM    2    1.01    0.00    0.00    1.01    0.00    1.01    0.00    0.00    0.00   96.97
03:27:08 AM    3    1.02    0.00    0.00    0.00    0.00    0.00    0.00    0.00    0.00   98.98
03:27:08 AM    4    0.00    0.00    1.00    0.00    0.00    0.00    0.00    0.00    0.00   99.00
03:27:08 AM    5    1.01    0.00    0.00    0.00    0.00    0.00    0.00    0.00    0.00   98.99
03:27:08 AM    6    3.96    0.00    5.94    0.00    0.00    0.00    0.00    0.00    0.00   90.10
03:27:08 AM    7    1.01    0.00    0.00    0.00    0.00    0.00    0.00    0.00    0.00   98.99
03:27:08 AM    8    1.01    0.00    1.01    0.00    0.00    0.00    0.00    0.00    0.00   97.98
03:27:08 AM    9    1.00    0.00    1.00    0.00    0.00    0.00    0.00    0.00    0.00   98.00
03:27:08 AM   10    1.02    0.00    0.00    0.00    0.00    0.00    0.00    0.00    0.00   98.98
03:27:08 AM   11    1.00    0.00    0.00    0.00    0.00    1.00    0.00    0.00    0.00   98.00
03:27:08 AM   12    0.00    0.00    1.01    0.00    0.00    0.00    0.00    0.00    0.00   98.99
03:27:08 AM   13    0.00    0.00    1.01    0.00    0.00    0.00    0.00    0.00    0.00   98.99
03:27:08 AM   14    0.00    0.00    1.01    0.00    0.00    0.00    0.00    0.00    0.00   98.99
03:27:08 AM   15    1.01    0.00    0.00    0.00    0.00    0.00    0.00    0.00    0.00   98.99
03:27:08 AM   16    1.00    0.00    1.00    1.00    0.00    0.00    0.00    0.00    0.00   97.00
03:27:08 AM   17    0.00    0.00    0.00    0.00    0.00    0.00    0.00    0.00    0.00  100.00
03:27:08 AM   18    0.00    0.00    0.00    0.00    0.00    0.00    0.00    0.00    0.00  100.00
03:27:08 AM   19    0.00    0.00    0.00    0.00    0.00    0.00    0.00    0.00    0.00  100.00
03:27:08 AM   20    1.01    0.00    0.00    0.00    0.00    0.00    0.00    0.00    0.00   98.99
03:27:08 AM   21    0.98    0.00    1.96    0.00    0.00    0.00    0.00    0.00    0.00   97.06
03:27:08 AM   22   22.22    0.00   50.51    0.00    0.00   27.27    0.00    0.00    0.00    0.00
03:27:08 AM   23   14.43    0.00   51.55    0.00    0.00   26.80    0.00    0.00    0.00    7.22
03:27:08 AM   24    0.00    0.00    0.00    0.00    0.00    0.00    0.00    0.00    0.00  100.00
03:27:08 AM   25    0.00    0.00    0.00    0.00    0.00    0.00    0.00    0.00    0.00  100.00
03:27:08 AM   26    0.00    0.00    1.00    0.00    0.00    0.00    0.00    0.00    0.00   99.00
03:27:08 AM   27    0.00    0.00    0.00    0.00    0.00    0.00    0.00    0.00    0.00  100.00
03:27:08 AM   28    0.00    0.00    1.00    0.00    0.00    0.00    0.00    0.00    0.00   99.00
03:27:08 AM   29    0.99    0.00    0.00    0.00    0.00    0.00    0.00    0.00    0.00   99.01
03:27:08 AM   30    0.00    0.00    0.00    0.00    0.00    0.00    0.00    0.00    0.00  100.00
03:27:08 AM   31    0.00    0.00    0.00    0.00    0.00    0.00    0.00    0.00    0.00  100.00
03:27:08 AM   32    0.00    0.00    0.00    0.00    0.00    0.00    0.00    0.00    0.00  100.00
03:27:08 AM   33    1.00    0.00    0.00    1.00    0.00    0.00    0.00    0.00    0.00   98.00
03:27:08 AM   34    0.00    0.00    1.01    0.00    0.00    0.00    0.00    0.00    0.00   98.99
03:27:08 AM   35    0.00    0.00    0.00    0.00    0.00    0.00    0.00    0.00    0.00  100.00

03:27:08 AM  CPU    %usr   %nice    %sys %iowait    %irq   %soft  %steal  %guest  %gnice   %idle
03:27:09 AM  all    1.62    0.03    2.91    0.08    0.00    1.85    0.00    0.00    0.00   93.51
03:27:09 AM    0    0.99    0.00    0.99    0.00    0.00    3.96    0.00    0.00    0.00   94.06
03:27:09 AM    1    1.00    0.00    0.00    0.00    0.00    1.00    0.00    0.00    0.00   98.00
03:27:09 AM    2    0.00    0.00    0.00    0.00    0.00    0.00    0.00    0.00    0.00  100.00
03:27:09 AM    3    1.98    0.00    0.99    0.00    0.00    0.00    0.00    0.00    0.00   97.03
03:27:09 AM    4    0.00    0.00    0.00    0.00    0.00    0.00    0.00    0.00    0.00  100.00
03:27:09 AM    5    0.00    0.00    0.00    0.00    0.00    1.00    0.00    0.00    0.00   99.00
03:27:09 AM    6    1.02    0.00    7.14    0.00    0.00    0.00    0.00    0.00    0.00   91.84
03:27:09 AM    7    1.01    0.00    0.00    0.00    0.00    0.00    0.00    0.00    0.00   98.99
03:27:09 AM    8    0.99    0.99    0.00    0.00    0.00    0.00    0.00    0.00    0.00   98.02
03:27:09 AM    9    0.00    0.00    0.00    0.00    0.00    0.00    0.00    0.00    0.00  100.00
03:27:09 AM   10    0.00    0.00    0.00    0.00    0.00    0.00    0.00    0.00    0.00  100.00
03:27:09 AM   11    0.00    0.00    0.00    0.00    0.00    0.00    0.00    0.00    0.00  100.00
03:27:09 AM   12    0.00    0.00    0.00    0.00    0.00    0.00    0.00    0.00    0.00  100.00
03:27:09 AM   13    1.00    0.00    0.00    0.00    0.00    0.00    0.00    0.00    0.00   99.00
03:27:09 AM   14    1.01    0.00    0.00    0.00    0.00    0.00    0.00    0.00    0.00   98.99
03:27:09 AM   15    0.00    0.00    1.00    1.00    0.00    0.00    0.00    0.00    0.00   98.00
03:27:09 AM   16    1.00    0.00    1.00    0.00    0.00    0.00    0.00    0.00    0.00   98.00
03:27:09 AM   17    0.00    0.00    0.00    0.00    0.00    0.00    0.00    0.00    0.00  100.00
03:27:09 AM   18    0.00    0.00    0.00    0.00    0.00    0.00    0.00    0.00    0.00  100.00
03:27:09 AM   19    1.01    0.00    0.00    0.00    0.00    0.00    0.00    0.00    0.00   98.99
03:27:09 AM   20    0.00    0.00    0.00    0.00    0.00    0.00    0.00    0.00    0.00  100.00
03:27:09 AM   21    0.00    0.00    0.00    0.00    0.00    0.00    0.00    0.00    0.00  100.00
03:27:09 AM   22   21.00    0.00   43.00    0.00    0.00   36.00    0.00    0.00    0.00    0.00
03:27:09 AM   23   20.41    0.00   47.96    0.00    0.00   24.49    0.00    0.00    0.00    7.14
03:27:09 AM   24    0.00    0.00    0.00    0.00    0.00    0.00    0.00    0.00    0.00  100.00
03:27:09 AM   25    0.00    0.00    0.00    0.00    0.00    0.00    0.00    0.00    0.00  100.00
03:27:09 AM   26    0.00    0.00    0.00    0.00    0.00    0.00    0.00    0.00    0.00  100.00
03:27:09 AM   27    1.00    0.00    0.00    1.00    0.00    0.00    0.00    0.00    0.00   98.00
03:27:09 AM   28    0.99    0.00    0.99    0.00    0.00    0.00    0.00    0.00    0.00   98.02
03:27:09 AM   29    0.00    0.00    0.00    1.01    0.00    0.00    0.00    0.00    0.00   98.99
03:27:09 AM   30    1.00    0.00    0.00    0.00    0.00    0.00    0.00    0.00    0.00   99.00
03:27:09 AM   31    0.99    0.00    0.99    0.00    0.00    0.00    0.00    0.00    0.00   98.02
03:27:09 AM   32    0.00    0.00    0.00    0.00    0.00    0.00    0.00    0.00    0.00  100.00
03:27:09 AM   33    0.00    0.00    0.00    0.00    0.00    0.00    0.00    0.00    0.00  100.00
03:27:09 AM   34    0.99    0.00    0.99    0.00    0.00    0.00    0.00    0.00    0.00   98.02
03:27:09 AM   35    1.01    0.00    0.00    0.00    0.00    0.00    0.00    0.00    0.00   98.99

Average:     CPU    %usr   %nice    %sys %iowait    %irq   %soft  %steal  %guest  %gnice   %idle
Average:     all    1.73    0.02    3.04    0.05    0.00    2.01    0.00    0.00    0.00   93.15
Average:       0    1.41    0.09    0.38    0.09    0.00    8.48    0.00    0.00    0.00   89.54
Average:       1    0.99    0.10    0.49    0.00    0.00    1.88    0.00    0.00    0.00   96.54
Average:       2    1.21    0.00    0.40    0.10    0.00    0.20    0.00    0.00    0.00   98.09
Average:       3    0.81    0.00    0.50    0.00    0.00    0.00    0.00    0.00    0.00   98.69
Average:       4    1.01    0.00    0.20    0.00    0.00    0.00    0.00    0.00    0.00   98.79
Average:       5    0.60    0.00    0.30    0.00    0.00    0.10    0.00    0.00    0.00   98.99
Average:       6    1.31    0.00    2.83    0.00    0.00    0.00    0.00    0.00    0.00   95.86
Average:       7    0.71    0.00    0.20    0.20    0.00    0.00    0.00    0.00    0.00   98.89
Average:       8    0.81    0.20    0.20    0.00    0.00    0.00    0.00    0.00    0.00   98.79
Average:       9    1.31    0.00    0.50    0.00    0.00    0.10    0.00    0.00    0.00   98.09
Average:      10    1.01    0.00    2.02    0.10    0.00    0.00    0.00    0.00    0.00   96.87
Average:      11    0.51    0.00    0.30    0.00    0.00    0.10    0.00    0.00    0.00   99.09
Average:      12    0.91    0.00    0.20    0.00    0.00    0.00    0.00    0.00    0.00   98.89
Average:      13    1.20    0.00    0.40    0.00    0.00    0.00    0.00    0.00    0.00   98.40
Average:      14    0.61    0.10    0.30    0.00    0.00    0.00    0.00    0.00    0.00   98.99
Average:      15    1.10    0.00    0.40    0.20    0.00    0.10    0.00    0.00    0.00   98.19
Average:      16    1.11    0.10    0.40    0.10    0.00    0.00    0.00    0.00    0.00   98.29
Average:      17    0.80    0.10    0.30    0.00    0.00    0.00    0.00    0.00    0.00   98.79
Average:      18    0.80    0.00    0.30    0.00    0.00    0.00    0.00    0.00    0.00   98.89
Average:      19    0.60    0.00    0.60    0.00    0.00    0.00    0.00    0.00    0.00   98.79
Average:      20    0.50    0.00    0.50    0.00    0.00    0.00    0.00    0.00    0.00   99.00
Average:      21    0.40    0.00    0.40    0.00    0.00    0.00    0.00    0.00    0.00   99.20
Average:      22   17.43    0.00   46.39    0.00    0.00   34.37    0.00    0.00    0.00    1.80
Average:      23   18.16    0.00   47.12    0.00    0.00   26.44    0.00    0.00    0.00    8.27
Average:      24    0.60    0.00    0.40    0.10    0.00    0.00    0.00    0.00    0.00   98.89
Average:      25    0.81    0.00    0.40    0.00    0.00    0.00    0.00    0.00    0.00   98.79
Average:      26    0.40    0.00    0.40    0.00    0.00    0.00    0.00    0.00    0.00   99.20
Average:      27    0.60    0.00    0.20    0.10    0.00    0.00    0.00    0.00    0.00   99.10
Average:      28    0.60    0.00    0.30    0.10    0.00    0.00    0.00    0.00    0.00   99.00
Average:      29    0.60    0.00    0.20    0.20    0.00    0.00    0.00    0.00    0.00   98.99
Average:      30    0.60    0.00    0.20    0.10    0.00    0.00    0.00    0.00    0.00   99.10
Average:      31    0.60    0.00    0.30    0.00    0.00    0.10    0.00    0.00    0.00   99.00
Average:      32    0.50    0.00    0.60    0.20    0.00    0.00    0.00    0.00    0.00   98.69
Average:      33    0.70    0.00    0.20    0.10    0.00    0.00    0.00    0.00    0.00   98.99
Average:      34    0.40    0.00    0.40    0.20    0.00    0.00    0.00    0.00    0.00   98.99
Average:      35    0.50    0.00    0.30    0.00    0.00    0.10    0.00    0.00    0.00   99.09
