Linux 5.15.0-186-generic (rapids4) 	07/28/2026 	_x86_64_	(36 CPU)

03:20:32 AM  CPU    %usr   %nice    %sys %iowait    %irq   %soft  %steal  %guest  %gnice   %idle
03:20:33 AM  all    2.29    0.03    2.17    0.03    0.00    0.06    0.00    0.00    0.00   95.43
03:20:33 AM    0    2.04    0.00    0.00    0.00    0.00    1.02    0.00    0.00    0.00   96.94
03:20:33 AM    1    2.97    0.00    0.00    0.00    0.00    0.00    0.00    0.00    0.00   97.03
03:20:33 AM    2    4.04    0.00    0.00    0.00    0.00    0.00    0.00    0.00    0.00   95.96
03:20:33 AM    3    3.92    0.00    0.98    0.00    0.00    0.98    0.00    0.00    0.00   94.12
03:20:33 AM    4    2.00    0.00    1.00    1.00    0.00    0.00    0.00    0.00    0.00   96.00
03:20:33 AM    5    2.00    0.00    0.00    0.00    0.00    0.00    0.00    0.00    0.00   98.00
03:20:33 AM    6    2.00    0.00    2.00    0.00    0.00    0.00    0.00    0.00    0.00   96.00
03:20:33 AM    7    2.97    0.00    0.99    0.00    0.00    0.00    0.00    0.00    0.00   96.04
03:20:33 AM    8    3.00    0.00    2.00    0.00    0.00    0.00    0.00    0.00    0.00   95.00
03:20:33 AM    9    2.97    0.99    0.00    0.00    0.00    0.00    0.00    0.00    0.00   96.04
03:20:33 AM   10    2.00    0.00    0.00    0.00    0.00    0.00    0.00    0.00    0.00   98.00
03:20:33 AM   11    2.00    0.00    1.00    0.00    0.00    0.00    0.00    0.00    0.00   97.00
03:20:33 AM   12    1.02    0.00    0.00    0.00    0.00    0.00    0.00    0.00    0.00   98.98
03:20:33 AM   13    1.01    0.00    0.00    0.00    0.00    0.00    0.00    0.00    0.00   98.99
03:20:33 AM   14    1.98    0.00    0.99    0.00    0.00    0.00    0.00    0.00    0.00   97.03
03:20:33 AM   15    3.96    0.00    0.00    0.00    0.00    0.00    0.00    0.00    0.00   96.04
03:20:33 AM   16    2.00    0.00    0.00    0.00    0.00    0.00    0.00    0.00    0.00   98.00
03:20:33 AM   17    3.03    0.00    0.00    0.00    0.00    0.00    0.00    0.00    0.00   96.97
03:20:33 AM   18   10.53    0.00   28.42    0.00    0.00    0.00    0.00    0.00    0.00   61.05
03:20:33 AM   19   11.00    0.00   36.00    0.00    0.00    0.00    0.00    0.00    0.00   53.00
03:20:33 AM   20    0.99    0.00    0.99    0.00    0.00    0.00    0.00    0.00    0.00   98.02
03:20:33 AM   21    1.96    0.00    0.98    0.00    0.00    0.00    0.00    0.00    0.00   97.06
03:20:33 AM   22    0.00    0.00    0.00    0.00    0.00    0.00    0.00    0.00    0.00  100.00
03:20:33 AM   23    0.00    0.00    0.00    0.00    0.00    0.00    0.00    0.00    0.00  100.00
03:20:33 AM   24    0.00    0.00    0.00    0.00    0.00    0.00    0.00    0.00    0.00  100.00
03:20:33 AM   25    2.00    0.00    0.00    0.00    0.00    0.00    0.00    0.00    0.00   98.00
03:20:33 AM   26    0.99    0.00    0.99    0.00    0.00    0.00    0.00    0.00    0.00   98.02
03:20:33 AM   27    3.00    0.00    0.00    0.00    0.00    0.00    0.00    0.00    0.00   97.00
03:20:33 AM   28    0.00    0.00    1.00    0.00    0.00    0.00    0.00    0.00    0.00   99.00
03:20:33 AM   29    2.00    0.00    1.00    0.00    0.00    0.00    0.00    0.00    0.00   97.00
03:20:33 AM   30    1.01    0.00    0.00    0.00    0.00    0.00    0.00    0.00    0.00   98.99
03:20:33 AM   31    1.01    0.00    0.00    0.00    0.00    0.00    0.00    0.00    0.00   98.99
03:20:33 AM   32    1.01    0.00    0.00    0.00    0.00    0.00    0.00    0.00    0.00   98.99
03:20:33 AM   33    0.00    0.00    0.00    0.00    0.00    0.00    0.00    0.00    0.00  100.00
03:20:33 AM   34    1.98    0.00    0.99    0.00    0.00    0.00    0.00    0.00    0.00   97.03
03:20:33 AM   35    0.00    0.00    0.00    0.00    0.00    0.00    0.00    0.00    0.00  100.00

03:20:33 AM  CPU    %usr   %nice    %sys %iowait    %irq   %soft  %steal  %guest  %gnice   %idle
03:20:34 AM  all    1.63    0.00    4.54    0.06    0.00    0.11    0.00    0.00    0.00   93.66
03:20:34 AM    0    1.01    0.00    0.00    0.00    0.00    2.02    0.00    0.00    0.00   96.97
03:20:34 AM    1    2.02    0.00    7.07    0.00    0.00    1.01    0.00    0.00    0.00   89.90
03:20:34 AM    2    1.00    0.00    0.00    0.00    0.00    1.00    0.00    0.00    0.00   98.00
03:20:34 AM    3    0.00    0.00    0.00    0.00    0.00    0.00    0.00    0.00    0.00  100.00
03:20:34 AM    4    0.00    0.00    0.00    0.00    0.00    0.00    0.00    0.00    0.00  100.00
03:20:34 AM    5    0.00    0.00    0.00    0.00    0.00    0.00    0.00    0.00    0.00  100.00
03:20:34 AM    6    1.00    0.00    1.00    0.00    0.00    0.00    0.00    0.00    0.00   98.00
03:20:34 AM    7    0.00    0.00    0.00    1.01    0.00    0.00    0.00    0.00    0.00   98.99
03:20:34 AM    8    0.00    0.00    0.00    0.00    0.00    0.00    0.00    0.00    0.00  100.00
03:20:34 AM    9    1.01    0.00    0.00    0.00    0.00    0.00    0.00    0.00    0.00   98.99
03:20:34 AM   10    0.00    0.00    0.00    0.00    0.00    0.00    0.00    0.00    0.00  100.00
03:20:34 AM   11    0.00    0.00    0.00    0.00    0.00    0.00    0.00    0.00    0.00  100.00
03:20:34 AM   12    0.00    0.00    0.00    0.00    0.00    0.00    0.00    0.00    0.00  100.00
03:20:34 AM   13    1.00    0.00    0.00    0.00    0.00    0.00    0.00    0.00    0.00   99.00
03:20:34 AM   14    0.00    0.00    0.00    0.00    0.00    0.00    0.00    0.00    0.00  100.00
03:20:34 AM   15    1.00    0.00    1.00    0.00    0.00    0.00    0.00    0.00    0.00   98.00
03:20:34 AM   16    1.01    0.00    0.00    0.00    0.00    0.00    0.00    0.00    0.00   98.99
03:20:34 AM   17    0.00    0.00    0.00    0.00    0.00    0.00    0.00    0.00    0.00  100.00
03:20:34 AM   18   22.92    0.00   70.83    0.00    0.00    0.00    0.00    0.00    0.00    6.25
03:20:34 AM   19   19.19    0.00   80.81    0.00    0.00    0.00    0.00    0.00    0.00    0.00
03:20:34 AM   20    0.00    0.00    1.01    0.00    0.00    0.00    0.00    0.00    0.00   98.99
03:20:34 AM   21    0.00    0.00    0.00    0.00    0.00    0.00    0.00    0.00    0.00  100.00
03:20:34 AM   22    1.00    0.00    1.00    0.00    0.00    0.00    0.00    0.00    0.00   98.00
03:20:34 AM   23    1.00    0.00    0.00    0.00    0.00    0.00    0.00    0.00    0.00   99.00
03:20:34 AM   24    0.00    0.00    0.00    0.00    0.00    0.00    0.00    0.00    0.00  100.00
03:20:34 AM   25    0.00    0.00    0.00    1.02    0.00    0.00    0.00    0.00    0.00   98.98
03:20:34 AM   26    0.00    0.00    0.00    0.00    0.00    0.00    0.00    0.00    0.00  100.00
03:20:34 AM   27    0.00    0.00    1.00    0.00    0.00    0.00    0.00    0.00    0.00   99.00
03:20:34 AM   28    1.00    0.00    0.00    0.00    0.00    0.00    0.00    0.00    0.00   99.00
03:20:34 AM   29    0.00    0.00    0.00    0.00    0.00    0.00    0.00    0.00    0.00  100.00
03:20:34 AM   30    1.01    0.00    0.00    0.00    0.00    0.00    0.00    0.00    0.00   98.99
03:20:34 AM   31    0.00    0.00    1.01    0.00    0.00    0.00    0.00    0.00    0.00   98.99
03:20:34 AM   32    1.00    0.00    0.00    0.00    0.00    0.00    0.00    0.00    0.00   99.00
03:20:34 AM   33    1.00    0.00    0.00    0.00    0.00    0.00    0.00    0.00    0.00   99.00
03:20:34 AM   34    0.00    0.00    0.00    0.00    0.00    0.00    0.00    0.00    0.00  100.00
03:20:34 AM   35    1.98    0.00    0.99    0.00    0.00    0.00    0.00    0.00    0.00   97.03

03:20:34 AM  CPU    %usr   %nice    %sys %iowait    %irq   %soft  %steal  %guest  %gnice   %idle
03:20:35 AM  all    1.79    0.00    4.43    0.00    0.00    0.08    0.00    0.00    0.00   93.69
03:20:35 AM    0    0.00    0.00    1.02    0.00    0.00    1.02    0.00    0.00    0.00   97.96
03:20:35 AM    1    2.00    0.00    7.00    0.00    0.00    1.00    0.00    0.00    0.00   90.00
03:20:35 AM    2    0.00    0.00    0.00    0.00    0.00    0.00    0.00    0.00    0.00  100.00
03:20:35 AM    3    0.00    0.00    1.01    0.00    0.00    0.00    0.00    0.00    0.00   98.99
03:20:35 AM    4    3.06    0.00    3.06    0.00    0.00    0.00    0.00    0.00    0.00   93.88
03:20:35 AM    5    2.00    0.00    1.00    0.00    0.00    0.00    0.00    0.00    0.00   97.00
03:20:35 AM    6    1.01    0.00    0.00    0.00    0.00    0.00    0.00    0.00    0.00   98.99
03:20:35 AM    7    0.00    0.00    1.01    0.00    0.00    0.00    0.00    0.00    0.00   98.99
03:20:35 AM    8    1.00    0.00    0.00    0.00    0.00    0.00    0.00    0.00    0.00   99.00
03:20:35 AM    9    1.00    0.00    0.00    0.00    0.00    0.00    0.00    0.00    0.00   99.00
03:20:35 AM   10    1.00    0.00    0.00    0.00    0.00    0.00    0.00    0.00    0.00   99.00
03:20:35 AM   11    0.99    0.00    0.00    0.00    0.00    0.99    0.00    0.00    0.00   98.02
03:20:35 AM   12    0.00    0.00    0.00    0.00    0.00    0.00    0.00    0.00    0.00  100.00
03:20:35 AM   13    0.00    0.00    0.00    0.00    0.00    0.00    0.00    0.00    0.00  100.00
03:20:35 AM   14    0.00    0.00    0.00    0.00    0.00    0.00    0.00    0.00    0.00  100.00
03:20:35 AM   15    0.00    0.00    0.00    0.00    0.00    0.00    0.00    0.00    0.00  100.00
03:20:35 AM   16    1.00    0.00    1.00    0.00    0.00    0.00    0.00    0.00    0.00   98.00
03:20:35 AM   17    1.00    0.00    1.00    0.00    0.00    0.00    0.00    0.00    0.00   98.00
03:20:35 AM   18   26.32    0.00   66.32    0.00    0.00    0.00    0.00    0.00    0.00    7.37
03:20:35 AM   19   24.75    0.00   75.25    0.00    0.00    0.00    0.00    0.00    0.00    0.00
03:20:35 AM   20    0.00    0.00    0.00    0.00    0.00    0.00    0.00    0.00    0.00  100.00
03:20:35 AM   21    0.00    0.00    0.00    0.00    0.00    0.00    0.00    0.00    0.00  100.00
03:20:35 AM   22    0.00    0.00    0.00    0.00    0.00    0.00    0.00    0.00    0.00  100.00
03:20:35 AM   23    0.00    0.00    1.00    0.00    0.00    0.00    0.00    0.00    0.00   99.00
03:20:35 AM   24    0.00    0.00    0.00    0.00    0.00    0.00    0.00    0.00    0.00  100.00
03:20:35 AM   25    0.00    0.00    1.01    0.00    0.00    0.00    0.00    0.00    0.00   98.99
03:20:35 AM   26    0.00    0.00    1.00    0.00    0.00    0.00    0.00    0.00    0.00   99.00
03:20:35 AM   27    0.00    0.00    0.00    0.00    0.00    0.00    0.00    0.00    0.00  100.00
03:20:35 AM   28    0.00    0.00    0.00    0.00    0.00    0.00    0.00    0.00    0.00  100.00
03:20:35 AM   29    0.00    0.00    0.00    0.00    0.00    0.00    0.00    0.00    0.00  100.00
03:20:35 AM   30    0.00    0.00    0.00    0.00    0.00    0.00    0.00    0.00    0.00  100.00
03:20:35 AM   31    0.00    0.00    0.00    0.00    0.00    0.00    0.00    0.00    0.00  100.00
03:20:35 AM   32    0.00    0.00    0.00    0.00    0.00    0.00    0.00    0.00    0.00  100.00
03:20:35 AM   33    0.00    0.00    0.00    0.00    0.00    0.00    0.00    0.00    0.00  100.00
03:20:35 AM   34    0.00    0.00    0.00    0.00    0.00    0.00    0.00    0.00    0.00  100.00
03:20:35 AM   35    0.00    0.00    0.00    0.00    0.00    0.00    0.00    0.00    0.00  100.00

03:20:35 AM  CPU    %usr   %nice    %sys %iowait    %irq   %soft  %steal  %guest  %gnice   %idle
03:20:36 AM  all    2.54    0.03    4.41    0.08    0.00    0.08    0.00    0.00    0.00   92.86
03:20:36 AM    0    2.02    0.00    1.01    0.00    0.00    2.02    0.00    0.00    0.00   94.95
03:20:36 AM    1    1.00    0.00    1.00    0.00    0.00    0.00    0.00    0.00    0.00   98.00
03:20:36 AM    2    1.01    0.00    0.00    1.01    0.00    0.00    0.00    0.00    0.00   97.98
03:20:36 AM    3    1.98    0.99    0.99    0.00    0.00    0.00    0.00    0.00    0.00   96.04
03:20:36 AM    4    0.00    0.00    1.01    0.00    0.00    0.00    0.00    0.00    0.00   98.99
03:20:36 AM    5    1.98    0.00    0.00    0.00    0.00    0.99    0.00    0.00    0.00   97.03
03:20:36 AM    6    1.00    0.00    1.00    0.00    0.00    0.00    0.00    0.00    0.00   98.00
03:20:36 AM    7    2.00    0.00    0.00    0.00    0.00    0.00    0.00    0.00    0.00   98.00
03:20:36 AM    8    1.00    0.00    1.00    1.00    0.00    0.00    0.00    0.00    0.00   97.00
03:20:36 AM    9    1.02    0.00    0.00    0.00    0.00    0.00    0.00    0.00    0.00   98.98
03:20:36 AM   10    0.00    0.00    1.02    0.00    0.00    0.00    0.00    0.00    0.00   98.98
03:20:36 AM   11    1.01    0.00    1.01    0.00    0.00    0.00    0.00    0.00    0.00   97.98
03:20:36 AM   12    2.00    0.00    0.00    0.00    0.00    0.00    0.00    0.00    0.00   98.00
03:20:36 AM   13    2.97    0.00    0.99    0.00    0.00    0.00    0.00    0.00    0.00   96.04
03:20:36 AM   14    1.98    0.00    0.00    0.00    0.00    0.00    0.00    0.00    0.00   98.02
03:20:36 AM   15    8.00    0.00    0.00    0.00    0.00    0.00    0.00    0.00    0.00   92.00
03:20:36 AM   16    1.01    0.00    0.00    1.01    0.00    0.00    0.00    0.00    0.00   97.98
03:20:36 AM   17    1.00    0.00    0.00    0.00    0.00    0.00    0.00    0.00    0.00   99.00
03:20:36 AM   18   28.12    0.00   67.71    0.00    0.00    0.00    0.00    0.00    0.00    4.17
03:20:36 AM   19   20.00    0.00   80.00    0.00    0.00    0.00    0.00    0.00    0.00    0.00
03:20:36 AM   20    1.00    0.00    0.00    0.00    0.00    0.00    0.00    0.00    0.00   99.00
03:20:36 AM   21    1.01    0.00    0.00    0.00    0.00    0.00    0.00    0.00    0.00   98.99
03:20:36 AM   22    0.00    0.00    1.01    0.00    0.00    0.00    0.00    0.00    0.00   98.99
03:20:36 AM   23    1.01    0.00    0.00    0.00    0.00    0.00    0.00    0.00    0.00   98.99
03:20:36 AM   24    0.00    0.00    1.00    0.00    0.00    0.00    0.00    0.00    0.00   99.00
03:20:36 AM   25    1.00    0.00    1.00    0.00    0.00    0.00    0.00    0.00    0.00   98.00
03:20:36 AM   26    1.01    0.00    0.00    0.00    0.00    0.00    0.00    0.00    0.00   98.99
03:20:36 AM   27    1.01    0.00    0.00    0.00    0.00    0.00    0.00    0.00    0.00   98.99
03:20:36 AM   28    1.01    0.00    0.00    0.00    0.00    0.00    0.00    0.00    0.00   98.99
03:20:36 AM   29    1.01    0.00    0.00    0.00    0.00    0.00    0.00    0.00    0.00   98.99
03:20:36 AM   30    0.00    0.00    0.00    0.00    0.00    0.00    0.00    0.00    0.00  100.00
03:20:36 AM   31    0.00    0.00    0.00    0.00    0.00    0.00    0.00    0.00    0.00  100.00
03:20:36 AM   32    1.00    0.00    0.00    0.00    0.00    0.00    0.00    0.00    0.00   99.00
03:20:36 AM   33    0.99    0.00    0.99    0.00    0.00    0.00    0.00    0.00    0.00   98.02
03:20:36 AM   34    1.00    0.00    0.00    0.00    0.00    0.00    0.00    0.00    0.00   99.00
03:20:36 AM   35    1.98    0.00    0.00    0.00    0.00    0.00    0.00    0.00    0.00   98.02

03:20:36 AM  CPU    %usr   %nice    %sys %iowait    %irq   %soft  %steal  %guest  %gnice   %idle
03:20:37 AM  all    1.81    0.00    4.80    0.03    0.00    0.11    0.00    0.00    0.00   93.25
03:20:37 AM    0    0.00    0.00    0.00    0.00    0.00    3.03    0.00    0.00    0.00   96.97
03:20:37 AM    1    1.02    0.00    7.14    0.00    0.00    0.00    0.00    0.00    0.00   91.84
03:20:37 AM    2    0.99    0.00    0.99    0.00    0.00    0.00    0.00    0.00    0.00   98.02
03:20:37 AM    3    1.01    0.00    0.00    0.00    0.00    0.00    0.00    0.00    0.00   98.99
03:20:37 AM    4    1.00    0.00    0.00    0.00    0.00    0.00    0.00    0.00    0.00   99.00
03:20:37 AM    5    1.01    0.00    1.01    0.00    0.00    0.00    0.00    0.00    0.00   97.98
03:20:37 AM    6    0.00    0.00    0.00    0.00    0.00    0.00    0.00    0.00    0.00  100.00
03:20:37 AM    7    1.00    0.00    0.00    0.00    0.00    0.00    0.00    0.00    0.00   99.00
03:20:37 AM    8    1.01    0.00    1.01    0.00    0.00    0.00    0.00    0.00    0.00   97.98
03:20:37 AM    9    1.00    0.00    0.00    0.00    0.00    0.00    0.00    0.00    0.00   99.00
03:20:37 AM   10    2.00    0.00    0.00    0.00    0.00    0.00    0.00    0.00    0.00   98.00
03:20:37 AM   11    0.99    0.00    0.99    0.00    0.00    0.00    0.00    0.00    0.00   98.02
03:20:37 AM   12    0.99    0.00    0.99    0.00    0.00    0.00    0.00    0.00    0.00   98.02
03:20:37 AM   13    1.00    0.00    0.00    0.00    0.00    0.00    0.00    0.00    0.00   99.00
03:20:37 AM   14    0.00    0.00    0.00    0.00    0.00    1.00    0.00    0.00    0.00   99.00
03:20:37 AM   15    1.01    0.00    0.00    0.00    0.00    0.00    0.00    0.00    0.00   98.99
03:20:37 AM   16    1.00    0.00    1.00    0.00    0.00    0.00    0.00    0.00    0.00   98.00
03:20:37 AM   17    1.98    0.00    0.99    0.00    0.00    0.00    0.00    0.00    0.00   97.03
03:20:37 AM   18   25.25    0.00   70.71    0.00    0.00    0.00    0.00    0.00    0.00    4.04
03:20:37 AM   19   18.00    0.00   82.00    0.00    0.00    0.00    0.00    0.00    0.00    0.00
03:20:37 AM   20    0.00    0.00    0.00    0.00    0.00    0.00    0.00    0.00    0.00  100.00
03:20:37 AM   21    0.00    0.00    1.00    0.00    0.00    0.00    0.00    0.00    0.00   99.00
03:20:37 AM   22    1.02    0.00    0.00    0.00    0.00    0.00    0.00    0.00    0.00   98.98
03:20:37 AM   23    0.00    0.00    0.00    0.00    0.00    0.00    0.00    0.00    0.00  100.00
03:20:37 AM   24    0.00    0.00    1.00    0.00    0.00    0.00    0.00    0.00    0.00   99.00
03:20:37 AM   25    0.00    0.00    1.00    0.00    0.00    0.00    0.00    0.00    0.00   99.00
03:20:37 AM   26    0.00    0.00    0.00    0.00    0.00    0.00    0.00    0.00    0.00  100.00
03:20:37 AM   27    1.00    0.00    0.00    0.00    0.00    0.00    0.00    0.00    0.00   99.00
03:20:37 AM   28    0.99    0.00    0.99    0.00    0.00    0.00    0.00    0.00    0.00   98.02
03:20:37 AM   29    0.00    0.00    0.00    0.00    0.00    0.00    0.00    0.00    0.00  100.00
03:20:37 AM   30    1.00    0.00    0.00    0.00    0.00    0.00    0.00    0.00    0.00   99.00
03:20:37 AM   31    1.00    0.00    0.00    0.00    0.00    0.00    0.00    0.00    0.00   99.00
03:20:37 AM   32    0.00    0.00    1.00    0.00    0.00    0.00    0.00    0.00    0.00   99.00
03:20:37 AM   33    0.00    0.00    0.00    1.01    0.00    0.00    0.00    0.00    0.00   98.99
03:20:37 AM   34    0.00    0.00    0.00    0.00    0.00    0.00    0.00    0.00    0.00  100.00
03:20:37 AM   35    0.00    0.00    1.01    0.00    0.00    0.00    0.00    0.00    0.00   98.99

03:20:37 AM  CPU    %usr   %nice    %sys %iowait    %irq   %soft  %steal  %guest  %gnice   %idle
03:20:38 AM  all    2.04    0.00    4.95    0.08    0.00    0.06    0.00    0.00    0.00   92.87
03:20:38 AM    0    1.02    0.00    0.00    0.00    0.00    2.04    0.00    0.00    0.00   96.94
03:20:38 AM    1    2.02    0.00    7.07    0.00    0.00    0.00    0.00    0.00    0.00   90.91
03:20:38 AM    2    0.00    0.00    0.00    0.00    0.00    0.00    0.00    0.00    0.00  100.00
03:20:38 AM    3    2.00    0.00    0.00    0.00    0.00    0.00    0.00    0.00    0.00   98.00
03:20:38 AM    4    1.02    0.00    1.02    0.00    0.00    0.00    0.00    0.00    0.00   97.96
03:20:38 AM    5    1.00    0.00    1.00    0.00    0.00    0.00    0.00    0.00    0.00   98.00
03:20:38 AM    6    1.00    0.00    1.00    0.00    0.00    0.00    0.00    0.00    0.00   98.00
03:20:38 AM    7    0.99    0.00    1.98    0.99    0.00    0.00    0.00    0.00    0.00   96.04
03:20:38 AM    8    1.02    0.00    0.00    1.02    0.00    0.00    0.00    0.00    0.00   97.96
03:20:38 AM    9    2.94    0.00    1.96    0.00    0.00    0.00    0.00    0.00    0.00   95.10
03:20:38 AM   10    2.94    0.00    1.96    0.00    0.00    0.00    0.00    0.00    0.00   95.10
03:20:38 AM   11    3.03    0.00    0.00    0.00    0.00    0.00    0.00    0.00    0.00   96.97
03:20:38 AM   12    2.00    0.00    1.00    0.00    0.00    0.00    0.00    0.00    0.00   97.00
03:20:38 AM   13    0.00    0.00    1.01    0.00    0.00    0.00    0.00    0.00    0.00   98.99
03:20:38 AM   14    0.00    0.00    1.01    1.01    0.00    0.00    0.00    0.00    0.00   97.98
03:20:38 AM   15    1.01    0.00    1.01    0.00    0.00    0.00    0.00    0.00    0.00   97.98
03:20:38 AM   16    1.02    0.00    0.00    0.00    0.00    0.00    0.00    0.00    0.00   98.98
03:20:38 AM   17    0.00    0.00    0.00    0.00    0.00    0.00    0.00    0.00    0.00  100.00
03:20:38 AM   18   23.23    0.00   73.74    0.00    0.00    0.00    0.00    0.00    0.00    3.03
03:20:38 AM   19   21.21    0.00   78.79    0.00    0.00    0.00    0.00    0.00    0.00    0.00
03:20:38 AM   20    0.00    0.00    1.01    0.00    0.00    0.00    0.00    0.00    0.00   98.99
03:20:38 AM   21    0.00    0.00    0.00    0.00    0.00    0.00    0.00    0.00    0.00  100.00
03:20:38 AM   22    0.00    0.00    1.00    0.00    0.00    0.00    0.00    0.00    0.00   99.00
03:20:38 AM   23    1.00    0.00    0.00    0.00    0.00    0.00    0.00    0.00    0.00   99.00
03:20:38 AM   24    1.00    0.00    1.00    0.00    0.00    0.00    0.00    0.00    0.00   98.00
03:20:38 AM   25    1.00    0.00    1.00    0.00    0.00    0.00    0.00    0.00    0.00   98.00
03:20:38 AM   26    0.00    0.00    0.00    0.00    0.00    0.00    0.00    0.00    0.00  100.00
03:20:38 AM   27    0.00    0.00    1.00    0.00    0.00    0.00    0.00    0.00    0.00   99.00
03:20:38 AM   28    0.00    0.00    0.00    0.00    0.00    0.00    0.00    0.00    0.00  100.00
03:20:38 AM   29    1.00    0.00    0.00    0.00    0.00    0.00    0.00    0.00    0.00   99.00
03:20:38 AM   30    0.00    0.00    0.00    0.00    0.00    0.00    0.00    0.00    0.00  100.00
03:20:38 AM   31    0.00    0.00    0.00    0.00    0.00    0.00    0.00    0.00    0.00  100.00
03:20:38 AM   32    1.01    0.00    1.01    0.00    0.00    0.00    0.00    0.00    0.00   97.98
03:20:38 AM   33    1.00    0.00    0.00    0.00    0.00    0.00    0.00    0.00    0.00   99.00
03:20:38 AM   34    0.00    0.00    0.00    0.00    0.00    0.00    0.00    0.00    0.00  100.00
03:20:38 AM   35    0.00    0.00    0.00    0.00    0.00    0.00    0.00    0.00    0.00  100.00

03:20:38 AM  CPU    %usr   %nice    %sys %iowait    %irq   %soft  %steal  %guest  %gnice   %idle
03:20:39 AM  all    1.90    0.00    4.30    0.03    0.00    0.11    0.00    0.00    0.00   93.66
03:20:39 AM    0    0.00    0.00    0.00    0.00    0.00    3.06    0.00    0.00    0.00   96.94
03:20:39 AM    1    1.00    0.00    0.00    0.00    0.00    0.00    0.00    0.00    0.00   99.00
03:20:39 AM    2    1.98    0.00    0.00    0.00    0.00    0.00    0.00    0.00    0.00   98.02
03:20:39 AM    3    0.00    0.00    0.00    0.00    0.00    0.00    0.00    0.00    0.00  100.00
03:20:39 AM    4    0.00    0.00    0.00    0.00    0.00    0.00    0.00    0.00    0.00  100.00
03:20:39 AM    5    0.00    0.00    0.00    0.00    0.00    0.00    0.00    0.00    0.00  100.00
03:20:39 AM    6    1.98    0.00    0.99    0.00    0.00    0.00    0.00    0.00    0.00   97.03
03:20:39 AM    7    0.00    0.00    0.00    0.00    0.00    0.00    0.00    0.00    0.00  100.00
03:20:39 AM    8    1.00    0.00    2.00    0.00    0.00    0.00    0.00    0.00    0.00   97.00
03:20:39 AM    9    1.02    0.00    0.00    0.00    0.00    0.00    0.00    0.00    0.00   98.98
03:20:39 AM   10    0.00    0.00    0.00    0.00    0.00    0.00    0.00    0.00    0.00  100.00
03:20:39 AM   11    0.00    0.00    0.00    0.00    0.00    0.00    0.00    0.00    0.00  100.00
03:20:39 AM   12    1.01    0.00    0.00    1.01    0.00    0.00    0.00    0.00    0.00   97.98
03:20:39 AM   13    1.01    0.00    0.00    0.00    0.00    0.00    0.00    0.00    0.00   98.99
03:20:39 AM   14    0.00    0.00    1.00    0.00    0.00    0.00    0.00    0.00    0.00   99.00
03:20:39 AM   15    0.00    0.00    0.00    0.00    0.00    0.00    0.00    0.00    0.00  100.00
03:20:39 AM   16    0.00    0.00    0.00    0.00    0.00    0.00    0.00    0.00    0.00  100.00
03:20:39 AM   17    2.97    0.00    0.00    0.00    0.00    0.00    0.00    0.00    0.00   97.03
03:20:39 AM   18   24.24    0.00   71.72    0.00    0.00    0.00    0.00    0.00    0.00    4.04
03:20:39 AM   19   25.00    0.00   75.00    0.00    0.00    0.00    0.00    0.00    0.00    0.00
03:20:39 AM   20    0.00    0.00    0.00    0.00    0.00    0.00    0.00    0.00    0.00  100.00
03:20:39 AM   21    0.00    0.00    0.00    0.00    0.00    0.00    0.00    0.00    0.00  100.00
03:20:39 AM   22    1.01    0.00    0.00    0.00    0.00    0.00    0.00    0.00    0.00   98.99
03:20:39 AM   23    0.00    0.00    0.00    0.00    0.00    0.00    0.00    0.00    0.00  100.00
03:20:39 AM   24    1.00    0.00    0.00    0.00    0.00    0.00    0.00    0.00    0.00   99.00
03:20:39 AM   25    1.01    0.00    0.00    0.00    0.00    0.00    0.00    0.00    0.00   98.99
03:20:39 AM   26    0.99    0.00    0.99    0.00    0.00    0.00    0.00    0.00    0.00   98.02
03:20:39 AM   27    0.00    0.00    0.00    0.00    0.00    1.01    0.00    0.00    0.00   98.99
03:20:39 AM   28    1.00    0.00    0.00    0.00    0.00    0.00    0.00    0.00    0.00   99.00
03:20:39 AM   29    0.00    0.00    0.00    0.00    0.00    0.00    0.00    0.00    0.00  100.00
03:20:39 AM   30    0.00    0.00    0.00    0.00    0.00    0.00    0.00    0.00    0.00  100.00
03:20:39 AM   31    0.99    0.00    0.00    0.00    0.00    0.00    0.00    0.00    0.00   99.01
03:20:39 AM   32    0.00    0.00    2.00    0.00    0.00    0.00    0.00    0.00    0.00   98.00
03:20:39 AM   33    0.00    0.00    1.00    0.00    0.00    0.00    0.00    0.00    0.00   99.00
03:20:39 AM   34    1.00    0.00    0.00    0.00    0.00    0.00    0.00    0.00    0.00   99.00
03:20:39 AM   35    0.00    0.00    0.00    0.00    0.00    0.00    0.00    0.00    0.00  100.00

03:20:39 AM  CPU    %usr   %nice    %sys %iowait    %irq   %soft  %steal  %guest  %gnice   %idle
03:20:40 AM  all    2.44    0.00    4.62    0.06    0.00    0.17    0.00    0.00    0.00   92.72
03:20:40 AM    0    1.00    0.00    0.00    0.00    0.00    4.00    0.00    0.00    0.00   95.00
03:20:40 AM    1    2.00    0.00    8.00    0.00    0.00    1.00    0.00    0.00    0.00   89.00
03:20:40 AM    2    1.01    0.00    1.01    0.00    0.00    0.00    0.00    0.00    0.00   97.98
03:20:40 AM    3    1.02    0.00    0.00    0.00    0.00    0.00    0.00    0.00    0.00   98.98
03:20:40 AM    4    2.02    0.00    0.00    0.00    0.00    0.00    0.00    0.00    0.00   97.98
03:20:40 AM    5    0.00    0.00    1.00    0.00    0.00    0.00    0.00    0.00    0.00   99.00
03:20:40 AM    6    0.00    0.00    0.00    0.00    0.00    0.00    0.00    0.00    0.00  100.00
03:20:40 AM    7    1.01    0.00    1.01    0.00    0.00    0.00    0.00    0.00    0.00   97.98
03:20:40 AM    8    3.03    0.00    0.00    0.00    0.00    0.00    0.00    0.00    0.00   96.97
03:20:40 AM    9    2.94    0.00    0.00    0.00    0.00    0.98    0.00    0.00    0.00   96.08
03:20:40 AM   10    1.01    0.00    0.00    0.00    0.00    0.00    0.00    0.00    0.00   98.99
03:20:40 AM   11    2.00    0.00    1.00    0.00    0.00    0.00    0.00    0.00    0.00   97.00
03:20:40 AM   12    1.01    0.00    0.00    1.01    0.00    0.00    0.00    0.00    0.00   97.98
03:20:40 AM   13    1.02    0.00    0.00    0.00    0.00    0.00    0.00    0.00    0.00   98.98
03:20:40 AM   14    3.03    0.00    1.01    1.01    0.00    0.00    0.00    0.00    0.00   94.95
03:20:40 AM   15    1.02    0.00    0.00    0.00    0.00    0.00    0.00    0.00    0.00   98.98
03:20:40 AM   16    1.01    0.00    1.01    0.00    0.00    0.00    0.00    0.00    0.00   97.98
03:20:40 AM   17    2.97    0.00    0.99    0.00    0.00    0.00    0.00    0.00    0.00   96.04
03:20:40 AM   18   22.68    0.00   73.20    0.00    0.00    0.00    0.00    0.00    0.00    4.12
03:20:40 AM   19   25.74    0.00   74.26    0.00    0.00    0.00    0.00    0.00    0.00    0.00
03:20:40 AM   20    2.04    0.00    0.00    0.00    0.00    0.00    0.00    0.00    0.00   97.96
03:20:40 AM   21    0.99    0.00    0.99    0.00    0.00    0.00    0.00    0.00    0.00   98.02
03:20:40 AM   22    0.00    0.00    0.00    0.00    0.00    0.00    0.00    0.00    0.00  100.00
03:20:40 AM   23    1.00    0.00    1.00    0.00    0.00    0.00    0.00    0.00    0.00   98.00
03:20:40 AM   24    0.00    0.00    1.01    0.00    0.00    0.00    0.00    0.00    0.00   98.99
03:20:40 AM   25    1.01    0.00    0.00    0.00    0.00    0.00    0.00    0.00    0.00   98.99
03:20:40 AM   26    1.98    0.00    0.00    0.00    0.00    0.00    0.00    0.00    0.00   98.02
03:20:40 AM   27    1.00    0.00    0.00    0.00    0.00    0.00    0.00    0.00    0.00   99.00
03:20:40 AM   28    0.00    0.00    0.00    0.00    0.00    0.00    0.00    0.00    0.00  100.00
03:20:40 AM   29    1.00    0.00    0.00    0.00    0.00    0.00    0.00    0.00    0.00   99.00
03:20:40 AM   30    1.02    0.00    0.00    0.00    0.00    0.00    0.00    0.00    0.00   98.98
03:20:40 AM   31    1.01    0.00    0.00    0.00    0.00    0.00    0.00    0.00    0.00   98.99
03:20:40 AM   32    0.00    0.00    0.00    0.00    0.00    0.00    0.00    0.00    0.00  100.00
03:20:40 AM   33    0.00    0.00    0.00    0.00    0.00    0.00    0.00    0.00    0.00  100.00
03:20:40 AM   34    0.00    0.00    1.00    0.00    0.00    0.00    0.00    0.00    0.00   99.00
03:20:40 AM   35    1.01    0.00    0.00    0.00    0.00    0.00    0.00    0.00    0.00   98.99

03:20:40 AM  CPU    %usr   %nice    %sys %iowait    %irq   %soft  %steal  %guest  %gnice   %idle
03:20:41 AM  all    1.82    0.03    4.62    0.03    0.00    0.08    0.00    0.00    0.00   93.41
03:20:41 AM    0    0.00    0.00    0.00    0.00    0.00    3.03    0.00    0.00    0.00   96.97
03:20:41 AM    1    2.02    0.00    4.04    0.00    0.00    0.00    0.00    0.00    0.00   93.94
03:20:41 AM    2    1.01    0.00    0.00    0.00    0.00    0.00    0.00    0.00    0.00   98.99
03:20:41 AM    3    1.01    0.00    0.00    0.00    0.00    0.00    0.00    0.00    0.00   98.99
03:20:41 AM    4    1.00    0.00    1.00    1.00    0.00    0.00    0.00    0.00    0.00   97.00
03:20:41 AM    5    1.98    0.00    0.99    0.00    0.00    0.00    0.00    0.00    0.00   97.03
03:20:41 AM    6    0.00    0.00    2.02    0.00    0.00    0.00    0.00    0.00    0.00   97.98
03:20:41 AM    7    0.00    0.00    0.00    0.00    0.00    0.00    0.00    0.00    0.00  100.00
03:20:41 AM    8    1.02    0.00    0.00    0.00    0.00    0.00    0.00    0.00    0.00   98.98
03:20:41 AM    9    1.01    0.00    0.00    0.00    0.00    0.00    0.00    0.00    0.00   98.99
03:20:41 AM   10    0.00    0.00    1.02    0.00    0.00    0.00    0.00    0.00    0.00   98.98
03:20:41 AM   11    1.02    0.00    0.00    0.00    0.00    0.00    0.00    0.00    0.00   98.98
03:20:41 AM   12    0.00    0.00    0.00    0.00    0.00    0.00    0.00    0.00    0.00  100.00
03:20:41 AM   13    1.01    0.00    0.00    0.00    0.00    0.00    0.00    0.00    0.00   98.99
03:20:41 AM   14    0.00    0.00    1.01    0.00    0.00    0.00    0.00    0.00    0.00   98.99
03:20:41 AM   15    0.00    0.00    1.01    0.00    0.00    0.00    0.00    0.00    0.00   98.99
03:20:41 AM   16    1.00    0.00    1.00    0.00    0.00    0.00    0.00    0.00    0.00   98.00
03:20:41 AM   17    1.00    1.00    1.00    0.00    0.00    0.00    0.00    0.00    0.00   97.00
03:20:41 AM   18   26.53    0.00   69.39    0.00    0.00    0.00    0.00    0.00    0.00    4.08
03:20:41 AM   19   20.20    0.00   79.80    0.00    0.00    0.00    0.00    0.00    0.00    0.00
03:20:41 AM   20    0.00    0.00    1.00    0.00    0.00    0.00    0.00    0.00    0.00   99.00
03:20:41 AM   21    0.00    0.00    0.00    0.00    0.00    0.00    0.00    0.00    0.00  100.00
03:20:41 AM   22    0.00    0.00    0.00    0.00    0.00    0.00    0.00    0.00    0.00  100.00
03:20:41 AM   23    0.00    0.00    0.00    0.00    0.00    0.00    0.00    0.00    0.00  100.00
03:20:41 AM   24    1.00    0.00    0.00    0.00    0.00    0.00    0.00    0.00    0.00   99.00
03:20:41 AM   25    0.00    0.00    1.00    0.00    0.00    0.00    0.00    0.00    0.00   99.00
03:20:41 AM   26    1.00    0.00    0.00    0.00    0.00    0.00    0.00    0.00    0.00   99.00
03:20:41 AM   27    1.01    0.00    0.00    0.00    0.00    0.00    0.00    0.00    0.00   98.99
03:20:41 AM   28    0.00    0.00    0.00    0.00    0.00    0.00    0.00    0.00    0.00  100.00
03:20:41 AM   29    0.00    0.00    0.00    0.00    0.00    0.00    0.00    0.00    0.00  100.00
03:20:41 AM   30    0.00    0.00    1.00    0.00    0.00    0.00    0.00    0.00    0.00   99.00
03:20:41 AM   31    0.00    0.00    1.00    0.00    0.00    0.00    0.00    0.00    0.00   99.00
03:20:41 AM   32    1.01    0.00    0.00    0.00    0.00    0.00    0.00    0.00    0.00   98.99
03:20:41 AM   33    1.01    0.00    0.00    0.00    0.00    0.00    0.00    0.00    0.00   98.99
03:20:41 AM   34    1.00    0.00    0.00    0.00    0.00    0.00    0.00    0.00    0.00   99.00
03:20:41 AM   35    0.00    0.00    1.00    0.00    0.00    0.00    0.00    0.00    0.00   99.00

03:20:41 AM  CPU    %usr   %nice    %sys %iowait    %irq   %soft  %steal  %guest  %gnice   %idle
03:20:42 AM  all    1.99    0.03    4.70    0.06    0.00    0.06    0.00    0.00    0.00   93.18
03:20:42 AM    0    0.00    0.00    0.00    0.00    0.00    2.06    0.00    0.00    0.00   97.94
03:20:42 AM    1    2.02    0.00    2.02    0.00    0.00    0.00    0.00    0.00    0.00   95.96
03:20:42 AM    2    0.00    0.00    1.01    0.00    0.00    0.00    0.00    0.00    0.00   98.99
03:20:42 AM    3    1.96    0.98    0.98    0.00    0.00    0.00    0.00    0.00    0.00   96.08
03:20:42 AM    4    0.00    0.00    1.00    1.00    0.00    0.00    0.00    0.00    0.00   98.00
03:20:42 AM    5    2.02    0.00    0.00    0.00    0.00    0.00    0.00    0.00    0.00   97.98
03:20:42 AM    6    1.01    0.00    0.00    0.00    0.00    0.00    0.00    0.00    0.00   98.99
03:20:42 AM    7    1.00    0.00    1.00    0.00    0.00    0.00    0.00    0.00    0.00   98.00
03:20:42 AM    8    1.02    0.00    0.00    0.00    0.00    0.00    0.00    0.00    0.00   98.98
03:20:42 AM    9    1.01    0.00    1.01    0.00    0.00    0.00    0.00    0.00    0.00   97.98
03:20:42 AM   10    1.01    0.00    1.01    0.00    0.00    0.00    0.00    0.00    0.00   97.98
03:20:42 AM   11    1.00    0.00    1.00    0.00    0.00    0.00    0.00    0.00    0.00   98.00
03:20:42 AM   12    0.00    0.00    1.02    0.00    0.00    0.00    0.00    0.00    0.00   98.98
03:20:42 AM   13    0.98    0.00    1.96    0.98    0.00    0.00    0.00    0.00    0.00   96.08
03:20:42 AM   14    1.01    0.00    1.01    0.00    0.00    0.00    0.00    0.00    0.00   97.98
03:20:42 AM   15    0.00    0.00    1.01    0.00    0.00    0.00    0.00    0.00    0.00   98.99
03:20:42 AM   16    1.01    0.00    1.01    0.00    0.00    0.00    0.00    0.00    0.00   97.98
03:20:42 AM   17    0.00    0.00    1.02    0.00    0.00    0.00    0.00    0.00    0.00   98.98
03:20:42 AM   18   26.80    0.00   70.10    0.00    0.00    0.00    0.00    0.00    0.00    3.09
03:20:42 AM   19   21.78    0.00   78.22    0.00    0.00    0.00    0.00    0.00    0.00    0.00
03:20:42 AM   20    1.00    0.00    0.00    0.00    0.00    0.00    0.00    0.00    0.00   99.00
03:20:42 AM   21    0.00    0.00    0.00    0.00    0.00    0.00    0.00    0.00    0.00  100.00
03:20:42 AM   22    0.99    0.00    0.99    0.00    0.00    0.00    0.00    0.00    0.00   98.02
03:20:42 AM   23    0.00    0.00    0.00    0.00    0.00    0.00    0.00    0.00    0.00  100.00
03:20:42 AM   24    0.00    0.00    1.01    0.00    0.00    0.00    0.00    0.00    0.00   98.99
03:20:42 AM   25    0.00    0.00    1.01    0.00    0.00    0.00    0.00    0.00    0.00   98.99
03:20:42 AM   26    1.01    0.00    0.00    0.00    0.00    0.00    0.00    0.00    0.00   98.99
03:20:42 AM   27    0.99    0.00    0.99    0.00    0.00    0.00    0.00    0.00    0.00   98.02
03:20:42 AM   28    1.01    0.00    0.00    0.00    0.00    0.00    0.00    0.00    0.00   98.99
03:20:42 AM   29    0.00    0.00    1.00    0.00    0.00    0.00    0.00    0.00    0.00   99.00
03:20:42 AM   30    1.00    0.00    0.00    0.00    0.00    0.00    0.00    0.00    0.00   99.00
03:20:42 AM   31    0.00    0.00    0.00    0.00    0.00    0.00    0.00    0.00    0.00  100.00
03:20:42 AM   32    0.00    0.00    0.00    0.00    0.00    0.00    0.00    0.00    0.00  100.00
03:20:42 AM   33    0.00    0.00    0.00    0.00    0.00    0.00    0.00    0.00    0.00  100.00
03:20:42 AM   34    1.00    0.00    0.00    0.00    0.00    0.00    0.00    0.00    0.00   99.00
03:20:42 AM   35    1.01    0.00    0.00    0.00    0.00    0.00    0.00    0.00    0.00   98.99

Average:     CPU    %usr   %nice    %sys %iowait    %irq   %soft  %steal  %guest  %gnice   %idle
Average:     all    2.02    0.01    4.35    0.04    0.00    0.09    0.00    0.00    0.00   93.47
Average:       0    0.71    0.00    0.20    0.00    0.00    2.34    0.00    0.00    0.00   96.75
Average:       1    1.81    0.00    4.32    0.00    0.00    0.30    0.00    0.00    0.00   93.57
Average:       2    1.11    0.00    0.30    0.10    0.00    0.10    0.00    0.00    0.00   98.39
Average:       3    1.31    0.20    0.40    0.00    0.00    0.10    0.00    0.00    0.00   97.99
Average:       4    1.01    0.00    0.81    0.30    0.00    0.00    0.00    0.00    0.00   97.88
Average:       5    1.20    0.00    0.50    0.00    0.00    0.10    0.00    0.00    0.00   98.19
Average:       6    0.91    0.00    0.81    0.00    0.00    0.00    0.00    0.00    0.00   98.29
Average:       7    0.90    0.00    0.60    0.20    0.00    0.00    0.00    0.00    0.00   98.29
Average:       8    1.31    0.00    0.61    0.20    0.00    0.00    0.00    0.00    0.00   97.88
Average:       9    1.60    0.10    0.30    0.00    0.00    0.10    0.00    0.00    0.00   97.90
Average:      10    1.01    0.00    0.51    0.00    0.00    0.00    0.00    0.00    0.00   98.48
Average:      11    1.21    0.00    0.50    0.00    0.00    0.10    0.00    0.00    0.00   98.19
Average:      12    0.81    0.00    0.30    0.20    0.00    0.00    0.00    0.00    0.00   98.69
Average:      13    1.01    0.00    0.40    0.10    0.00    0.00    0.00    0.00    0.00   98.49
Average:      14    0.80    0.00    0.60    0.20    0.00    0.10    0.00    0.00    0.00   98.29
Average:      15    1.61    0.00    0.40    0.00    0.00    0.00    0.00    0.00    0.00   97.99
Average:      16    1.01    0.00    0.50    0.10    0.00    0.00    0.00    0.00    0.00   98.39
Average:      17    1.41    0.10    0.50    0.00    0.00    0.00    0.00    0.00    0.00   97.99
Average:      18   23.69    0.00   66.32    0.00    0.00    0.00    0.00    0.00    0.00    9.99
Average:      19   20.70    0.00   74.00    0.00    0.00    0.00    0.00    0.00    0.00    5.30
Average:      20    0.50    0.00    0.40    0.00    0.00    0.00    0.00    0.00    0.00   99.09
Average:      21    0.40    0.00    0.30    0.00    0.00    0.00    0.00    0.00    0.00   99.30
Average:      22    0.40    0.00    0.40    0.00    0.00    0.00    0.00    0.00    0.00   99.19
Average:      23    0.40    0.00    0.20    0.00    0.00    0.00    0.00    0.00    0.00   99.40
Average:      24    0.30    0.00    0.50    0.00    0.00    0.00    0.00    0.00    0.00   99.19
Average:      25    0.60    0.00    0.60    0.10    0.00    0.00    0.00    0.00    0.00   98.69
Average:      26    0.70    0.00    0.30    0.00    0.00    0.00    0.00    0.00    0.00   99.00
Average:      27    0.80    0.00    0.30    0.00    0.00    0.10    0.00    0.00    0.00   98.80
Average:      28    0.50    0.00    0.20    0.00    0.00    0.00    0.00    0.00    0.00   99.30
Average:      29    0.50    0.00    0.20    0.00    0.00    0.00    0.00    0.00    0.00   99.29
Average:      30    0.50    0.00    0.10    0.00    0.00    0.00    0.00    0.00    0.00   99.40
Average:      31    0.40    0.00    0.20    0.00    0.00    0.00    0.00    0.00    0.00   99.40
Average:      32    0.50    0.00    0.40    0.00    0.00    0.00    0.00    0.00    0.00   99.09
Average:      33    0.40    0.00    0.20    0.10    0.00    0.00    0.00    0.00    0.00   99.30
Average:      34    0.60    0.00    0.20    0.00    0.00    0.00    0.00    0.00    0.00   99.20
Average:      35    0.60    0.00    0.30    0.00    0.00    0.00    0.00    0.00    0.00   99.10
