Linux 5.15.0-186-generic (rapids4) 	07/28/2026 	_x86_64_	(36 CPU)

02:38:36 AM  CPU    %usr   %nice    %sys %iowait    %irq   %soft  %steal  %guest  %gnice   %idle
02:38:37 AM  all    1.01    0.00    2.12    0.03    0.00    0.42    0.00    0.00    0.00   96.42
02:38:37 AM    0    2.02    0.00    1.01    0.00    0.00    0.00    0.00    0.00    0.00   96.97
02:38:37 AM    1    1.01    0.00    0.00    0.00    0.00    0.00    0.00    0.00    0.00   98.99
02:38:37 AM    2    0.99    0.00    0.99    0.99    0.00    0.00    0.00    0.00    0.00   97.03
02:38:37 AM    3    1.00    0.00    0.00    0.00    0.00    0.00    0.00    0.00    0.00   99.00
02:38:37 AM    4    1.00    0.00    0.00    0.00    0.00    0.00    0.00    0.00    0.00   99.00
02:38:37 AM    5    0.00    0.00    0.00    0.00    0.00    1.01    0.00    0.00    0.00   98.99
02:38:37 AM    6    0.00    0.00    0.00    0.00    0.00    0.00    0.00    0.00    0.00  100.00
02:38:37 AM    7    0.00    0.00    0.00    0.00    0.00    0.00    0.00    0.00    0.00  100.00
02:38:37 AM    8    0.00    0.00    0.00    0.00    0.00    0.00    0.00    0.00    0.00  100.00
02:38:37 AM    9    0.00    0.00    0.00    0.00    0.00    0.00    0.00    0.00    0.00  100.00
02:38:37 AM   10    0.00    0.00    0.00    0.00    0.00    0.00    0.00    0.00    0.00  100.00
02:38:37 AM   11    0.00    0.00    0.00    0.00    0.00    0.00    0.00    0.00    0.00  100.00
02:38:37 AM   12    0.00    0.00    1.01    0.00    0.00    0.00    0.00    0.00    0.00   98.99
02:38:37 AM   13    1.01    0.00    0.00    0.00    0.00    0.00    0.00    0.00    0.00   98.99
02:38:37 AM   14    0.99    0.00    0.99    0.00    0.00    0.00    0.00    0.00    0.00   98.02
02:38:37 AM   15    0.99    0.00    0.99    0.00    0.00    0.00    0.00    0.00    0.00   98.02
02:38:37 AM   16    1.00    0.00    0.00    0.00    0.00    0.00    0.00    0.00    0.00   99.00
02:38:37 AM   17    2.00    0.00    0.00    0.00    0.00    0.00    0.00    0.00    0.00   98.00
02:38:37 AM   18    0.00    0.00    0.00    0.00    0.00    0.00    0.00    0.00    0.00  100.00
02:38:37 AM   19    0.00    0.00    0.00    0.00    0.00    0.00    0.00    0.00    0.00  100.00
02:38:37 AM   20    0.00    0.00    0.00    0.00    0.00    0.00    0.00    0.00    0.00  100.00
02:38:37 AM   21    0.99    0.00    0.99    0.00    0.00    0.00    0.00    0.00    0.00   98.02
02:38:37 AM   22    2.00    0.00    3.00    0.00    0.00    0.00    0.00    0.00    0.00   95.00
02:38:37 AM   23    4.04    0.00    1.01    0.00    0.00    0.00    0.00    0.00    0.00   94.95
02:38:37 AM   24   11.11    0.00   59.60    0.00    0.00   14.14    0.00    0.00    0.00   15.15
02:38:37 AM   25    1.06    0.00    2.13    0.00    0.00    0.00    0.00    0.00    0.00   96.81
02:38:37 AM   26    0.00    0.00    0.00    0.00    0.00    0.00    0.00    0.00    0.00  100.00
02:38:37 AM   27    0.00    0.00    2.00    0.00    0.00    0.00    0.00    0.00    0.00   98.00
02:38:37 AM   28    0.00    0.00    0.00    0.00    0.00    0.00    0.00    0.00    0.00  100.00
02:38:37 AM   29    1.01    0.00    0.00    0.00    0.00    0.00    0.00    0.00    0.00   98.99
02:38:37 AM   30    0.00    0.00    1.00    0.00    0.00    0.00    0.00    0.00    0.00   99.00
02:38:37 AM   31    0.99    0.00    0.99    0.00    0.00    0.00    0.00    0.00    0.00   98.02
02:38:37 AM   32    0.00    0.00    1.02    0.00    0.00    0.00    0.00    0.00    0.00   98.98
02:38:37 AM   33    1.01    0.00    0.00    0.00    0.00    0.00    0.00    0.00    0.00   98.99
02:38:37 AM   34    1.98    0.00    0.00    0.00    0.00    0.00    0.00    0.00    0.00   98.02
02:38:37 AM   35    0.00    0.00    0.00    0.00    0.00    0.00    0.00    0.00    0.00  100.00

02:38:37 AM  CPU    %usr   %nice    %sys %iowait    %irq   %soft  %steal  %guest  %gnice   %idle
02:38:38 AM  all    0.90    0.03    2.41    0.00    0.00    0.53    0.00    0.00    0.00   96.13
02:38:38 AM    0    0.00    0.00    1.02    0.00    0.00    1.02    0.00    0.00    0.00   97.96
02:38:38 AM    1    1.01    0.00    1.01    0.00    0.00    0.00    0.00    0.00    0.00   97.98
02:38:38 AM    2    0.00    0.00    1.00    0.00    0.00    0.00    0.00    0.00    0.00   99.00
02:38:38 AM    3    1.00    0.00    1.00    0.00    0.00    0.00    0.00    0.00    0.00   98.00
02:38:38 AM    4    0.00    0.00    0.00    0.00    0.00    0.00    0.00    0.00    0.00  100.00
02:38:38 AM    5    0.00    1.02    0.00    0.00    0.00    0.00    0.00    0.00    0.00   98.98
02:38:38 AM    6    1.01    0.00    0.00    0.00    0.00    0.00    0.00    0.00    0.00   98.99
02:38:38 AM    7    1.00    0.00    0.00    0.00    0.00    0.00    0.00    0.00    0.00   99.00
02:38:38 AM    8    1.00    0.00    1.00    0.00    0.00    0.00    0.00    0.00    0.00   98.00
02:38:38 AM    9    0.00    0.00    0.00    0.00    0.00    0.00    0.00    0.00    0.00  100.00
02:38:38 AM   10    0.00    0.00    0.00    0.00    0.00    0.00    0.00    0.00    0.00  100.00
02:38:38 AM   11    1.01    0.00    0.00    0.00    0.00    0.00    0.00    0.00    0.00   98.99
02:38:38 AM   12    1.00    0.00    0.00    0.00    0.00    0.00    0.00    0.00    0.00   99.00
02:38:38 AM   13    0.00    0.00    1.00    0.00    0.00    0.00    0.00    0.00    0.00   99.00
02:38:38 AM   14    0.00    0.00    0.00    0.00    0.00    0.00    0.00    0.00    0.00  100.00
02:38:38 AM   15    1.01    0.00    7.07    0.00    0.00    0.00    0.00    0.00    0.00   91.92
02:38:38 AM   16    0.00    0.00    0.00    0.00    0.00    0.00    0.00    0.00    0.00  100.00
02:38:38 AM   17    0.00    0.00    0.00    0.00    0.00    0.00    0.00    0.00    0.00  100.00
02:38:38 AM   18    0.00    0.00    0.00    0.00    0.00    0.00    0.00    0.00    0.00  100.00
02:38:38 AM   19    0.00    0.00    0.00    0.00    0.00    0.00    0.00    0.00    0.00  100.00
02:38:38 AM   20    0.99    0.00    0.99    0.00    0.00    0.00    0.00    0.00    0.00   98.02
02:38:38 AM   21    1.00    0.00    2.00    0.00    0.00    0.00    0.00    0.00    0.00   97.00
02:38:38 AM   22    1.01    0.00    0.00    0.00    0.00    0.00    0.00    0.00    0.00   98.99
02:38:38 AM   23    1.01    0.00    0.00    0.00    0.00    0.00    0.00    0.00    0.00   98.99
02:38:38 AM   24   15.00    0.00   68.00    0.00    0.00   17.00    0.00    0.00    0.00    0.00
02:38:38 AM   25    1.09    0.00    1.09    0.00    0.00    1.09    0.00    0.00    0.00   96.74
02:38:38 AM   26    0.00    0.00    0.00    0.00    0.00    0.00    0.00    0.00    0.00  100.00
02:38:38 AM   27    2.00    0.00    0.00    0.00    0.00    0.00    0.00    0.00    0.00   98.00
02:38:38 AM   28    1.00    0.00    0.00    0.00    0.00    0.00    0.00    0.00    0.00   99.00
02:38:38 AM   29    0.00    0.00    1.00    0.00    0.00    0.00    0.00    0.00    0.00   99.00
02:38:38 AM   30    1.00    0.00    0.00    0.00    0.00    0.00    0.00    0.00    0.00   99.00
02:38:38 AM   31    0.00    0.00    0.00    0.00    0.00    0.00    0.00    0.00    0.00  100.00
02:38:38 AM   32    0.00    0.00    0.00    0.00    0.00    0.00    0.00    0.00    0.00  100.00
02:38:38 AM   33    0.00    0.00    0.00    0.00    0.00    0.00    0.00    0.00    0.00  100.00
02:38:38 AM   34    0.00    0.00    0.00    0.00    0.00    0.00    0.00    0.00    0.00  100.00
02:38:38 AM   35    0.00    0.00    0.00    0.00    0.00    0.00    0.00    0.00    0.00  100.00

02:38:38 AM  CPU    %usr   %nice    %sys %iowait    %irq   %soft  %steal  %guest  %gnice   %idle
02:38:39 AM  all    1.09    0.14    2.37    0.03    0.00    0.53    0.00    0.00    0.00   95.84
02:38:39 AM    0    2.02    0.00    0.00    0.00    0.00    1.01    0.00    0.00    0.00   96.97
02:38:39 AM    1    0.00    0.00    0.00    0.00    0.00    0.00    0.00    0.00    0.00  100.00
02:38:39 AM    2    1.00    1.00    0.00    0.00    0.00    0.00    0.00    0.00    0.00   98.00
02:38:39 AM    3    1.00    1.00    0.00    0.00    0.00    0.00    0.00    0.00    0.00   98.00
02:38:39 AM    4    0.99    0.00    1.98    0.00    0.00    0.00    0.00    0.00    0.00   97.03
02:38:39 AM    5    2.00    0.00    0.00    0.00    0.00    0.00    0.00    0.00    0.00   98.00
02:38:39 AM    6    1.01    0.00    0.00    0.00    0.00    0.00    0.00    0.00    0.00   98.99
02:38:39 AM    7    0.00    0.00    1.01    0.00    0.00    0.00    0.00    0.00    0.00   98.99
02:38:39 AM    8    1.01    0.00    0.00    0.00    0.00    0.00    0.00    0.00    0.00   98.99
02:38:39 AM    9    1.00    0.00    0.00    0.00    0.00    0.00    0.00    0.00    0.00   99.00
02:38:39 AM   10    2.00    0.00    0.00    0.00    0.00    0.00    0.00    0.00    0.00   98.00
02:38:39 AM   11    1.00    0.00    0.00    0.00    0.00    0.00    0.00    0.00    0.00   99.00
02:38:39 AM   12    1.01    0.00    0.00    0.00    0.00    0.00    0.00    0.00    0.00   98.99
02:38:39 AM   13    0.99    0.99    0.00    0.00    0.00    0.00    0.00    0.00    0.00   98.02
02:38:39 AM   14    0.00    0.00    1.00    0.00    0.00    0.00    0.00    0.00    0.00   99.00
02:38:39 AM   15    3.00    0.00    7.00    0.00    0.00    0.00    0.00    0.00    0.00   90.00
02:38:39 AM   16    0.99    0.99    0.00    0.00    0.00    0.00    0.00    0.00    0.00   98.02
02:38:39 AM   17    0.98    0.98    0.98    0.00    0.00    0.00    0.00    0.00    0.00   97.06
02:38:39 AM   18    0.00    0.00    1.00    0.00    0.00    0.00    0.00    0.00    0.00   99.00
02:38:39 AM   19    1.00    0.00    0.00    0.00    0.00    0.00    0.00    0.00    0.00   99.00
02:38:39 AM   20    0.00    0.00    0.00    0.00    0.00    0.00    0.00    0.00    0.00  100.00
02:38:39 AM   21    1.00    0.00    0.00    1.00    0.00    0.00    0.00    0.00    0.00   98.00
02:38:39 AM   22    1.00    0.00    0.00    0.00    0.00    0.00    0.00    0.00    0.00   99.00
02:38:39 AM   23    0.00    0.00    1.01    0.00    0.00    0.00    0.00    0.00    0.00   98.99
02:38:39 AM   24   13.00    0.00   70.00    0.00    0.00   17.00    0.00    0.00    0.00    0.00
02:38:39 AM   25    1.08    0.00    1.08    0.00    0.00    1.08    0.00    0.00    0.00   96.77
02:38:39 AM   26    0.00    0.00    0.00    0.00    0.00    0.00    0.00    0.00    0.00  100.00
02:38:39 AM   27    0.00    0.00    0.00    0.00    0.00    0.00    0.00    0.00    0.00  100.00
02:38:39 AM   28    0.00    0.00    0.00    0.00    0.00    0.00    0.00    0.00    0.00  100.00
02:38:39 AM   29    1.00    0.00    0.00    0.00    0.00    0.00    0.00    0.00    0.00   99.00
02:38:39 AM   30    0.00    0.00    0.00    0.00    0.00    0.00    0.00    0.00    0.00  100.00
02:38:39 AM   31    0.00    0.00    0.00    0.00    0.00    0.00    0.00    0.00    0.00  100.00
02:38:39 AM   32    1.01    0.00    0.00    0.00    0.00    0.00    0.00    0.00    0.00   98.99
02:38:39 AM   33    0.00    0.00    0.00    0.00    0.00    0.00    0.00    0.00    0.00  100.00
02:38:39 AM   34    0.00    0.00    0.00    0.00    0.00    0.00    0.00    0.00    0.00  100.00
02:38:39 AM   35    0.00    0.00    0.00    0.00    0.00    0.00    0.00    0.00    0.00  100.00

02:38:39 AM  CPU    %usr   %nice    %sys %iowait    %irq   %soft  %steal  %guest  %gnice   %idle
02:38:40 AM  all    1.36    0.03    2.28    0.11    0.00    0.70    0.00    0.00    0.00   95.52
02:38:40 AM    0    1.02    0.00    0.00    0.00    0.00    1.02    0.00    0.00    0.00   97.96
02:38:40 AM    1    2.02    0.00    0.00    0.00    0.00    0.00    0.00    0.00    0.00   97.98
02:38:40 AM    2    1.98    0.00    0.99    0.00    0.00    0.00    0.00    0.00    0.00   97.03
02:38:40 AM    3    1.01    0.00    0.00    0.00    0.00    0.00    0.00    0.00    0.00   98.99
02:38:40 AM    4    1.01    0.00    0.00    0.00    0.00    0.00    0.00    0.00    0.00   98.99
02:38:40 AM    5    0.00    0.00    1.00    0.00    0.00    1.00    0.00    0.00    0.00   98.00
02:38:40 AM    6    0.99    0.99    0.00    0.00    0.00    0.00    0.00    0.00    0.00   98.02
02:38:40 AM    7    1.01    0.00    0.00    0.00    0.00    0.00    0.00    0.00    0.00   98.99
02:38:40 AM    8    0.00    0.00    1.01    0.00    0.00    0.00    0.00    0.00    0.00   98.99
02:38:40 AM    9    2.00    0.00    1.00    0.00    0.00    0.00    0.00    0.00    0.00   97.00
02:38:40 AM   10    0.00    0.00    0.00    0.00    0.00    0.00    0.00    0.00    0.00  100.00
02:38:40 AM   11    0.00    0.00    0.00    0.00    0.00    0.00    0.00    0.00    0.00  100.00
02:38:40 AM   12    2.00    0.00    0.00    0.00    0.00    0.00    0.00    0.00    0.00   98.00
02:38:40 AM   13    0.99    0.00    0.99    0.99    0.00    0.00    0.00    0.00    0.00   97.03
02:38:40 AM   14    2.00    0.00    0.00    1.00    0.00    0.00    0.00    0.00    0.00   97.00
02:38:40 AM   15    1.98    0.00    0.99    0.00    0.00    0.00    0.00    0.00    0.00   97.03
02:38:40 AM   16    1.98    0.00    0.99    0.00    0.00    0.00    0.00    0.00    0.00   97.03
02:38:40 AM   17    2.02    0.00    0.00    0.00    0.00    0.00    0.00    0.00    0.00   97.98
02:38:40 AM   18    0.99    0.00    0.00    0.00    0.00    0.99    0.00    0.00    0.00   98.02
02:38:40 AM   19    0.00    0.00    0.00    1.00    0.00    0.00    0.00    0.00    0.00   99.00
02:38:40 AM   20    2.00    0.00    0.00    0.00    0.00    0.00    0.00    0.00    0.00   98.00
02:38:40 AM   21    0.99    0.00    0.99    0.00    0.00    0.00    0.00    0.00    0.00   98.02
02:38:40 AM   22    1.00    0.00    1.00    1.00    0.00    0.00    0.00    0.00    0.00   97.00
02:38:40 AM   23    1.00    0.00    0.00    0.00    0.00    0.00    0.00    0.00    0.00   99.00
02:38:40 AM   24    9.09    0.00   69.70    0.00    0.00   21.21    0.00    0.00    0.00    0.00
02:38:40 AM   25    1.09    0.00    1.09    0.00    0.00    0.00    0.00    0.00    0.00   97.83
02:38:40 AM   26    0.99    0.00    0.00    0.00    0.00    0.00    0.00    0.00    0.00   99.01
02:38:40 AM   27    0.97    0.00    0.97    0.00    0.00    0.97    0.00    0.00    0.00   97.09
02:38:40 AM   28    1.00    0.00    0.00    0.00    0.00    0.00    0.00    0.00    0.00   99.00
02:38:40 AM   29    3.06    0.00    0.00    0.00    0.00    0.00    0.00    0.00    0.00   96.94
02:38:40 AM   30    1.00    0.00    0.00    0.00    0.00    0.00    0.00    0.00    0.00   99.00
02:38:40 AM   31    0.00    0.00    0.00    0.00    0.00    0.00    0.00    0.00    0.00  100.00
02:38:40 AM   32    0.99    0.00    0.99    0.00    0.00    0.00    0.00    0.00    0.00   98.02
02:38:40 AM   33    1.00    0.00    0.00    0.00    0.00    0.00    0.00    0.00    0.00   99.00
02:38:40 AM   34    1.00    0.00    0.00    0.00    0.00    0.00    0.00    0.00    0.00   99.00
02:38:40 AM   35    0.98    0.00    0.98    0.00    0.00    0.00    0.00    0.00    0.00   98.04

02:38:40 AM  CPU    %usr   %nice    %sys %iowait    %irq   %soft  %steal  %guest  %gnice   %idle
02:38:41 AM  all    0.76    0.00    2.35    0.00    0.00    0.59    0.00    0.00    0.00   96.31
02:38:41 AM    0    0.00    0.00    1.02    0.00    0.00    0.00    0.00    0.00    0.00   98.98
02:38:41 AM    1    0.99    0.00    0.99    0.00    0.00    0.00    0.00    0.00    0.00   98.02
02:38:41 AM    2    0.00    0.00    0.00    0.00    0.00    0.00    0.00    0.00    0.00  100.00
02:38:41 AM    3    0.00    0.00    0.00    0.00    0.00    0.00    0.00    0.00    0.00  100.00
02:38:41 AM    4    1.01    0.00    0.00    0.00    0.00    0.00    0.00    0.00    0.00   98.99
02:38:41 AM    5    2.00    0.00    0.00    0.00    0.00    0.00    0.00    0.00    0.00   98.00
02:38:41 AM    6    0.99    0.00    0.99    0.00    0.00    0.00    0.00    0.00    0.00   98.02
02:38:41 AM    7    1.00    0.00    0.00    0.00    0.00    0.00    0.00    0.00    0.00   99.00
02:38:41 AM    8    1.00    0.00    0.00    0.00    0.00    0.00    0.00    0.00    0.00   99.00
02:38:41 AM    9    0.00    0.00    0.00    0.00    0.00    0.00    0.00    0.00    0.00  100.00
02:38:41 AM   10    0.00    0.00    0.99    0.00    0.00    0.00    0.00    0.00    0.00   99.01
02:38:41 AM   11    0.00    0.00    1.00    0.00    0.00    0.00    0.00    0.00    0.00   99.00
02:38:41 AM   12    0.00    0.00    1.01    0.00    0.00    0.00    0.00    0.00    0.00   98.99
02:38:41 AM   13    0.00    0.00    1.01    0.00    0.00    0.00    0.00    0.00    0.00   98.99
02:38:41 AM   14    0.00    0.00    0.00    0.00    0.00    0.00    0.00    0.00    0.00  100.00
02:38:41 AM   15    1.01    0.00    7.07    0.00    0.00    0.00    0.00    0.00    0.00   91.92
02:38:41 AM   16    0.00    0.00    0.00    0.00    0.00    0.00    0.00    0.00    0.00  100.00
02:38:41 AM   17    0.00    0.00    0.00    0.00    0.00    0.00    0.00    0.00    0.00  100.00
02:38:41 AM   18    0.00    0.00    0.00    0.00    0.00    0.00    0.00    0.00    0.00  100.00
02:38:41 AM   19    0.00    0.00    0.00    0.00    0.00    0.00    0.00    0.00    0.00  100.00
02:38:41 AM   20    0.00    0.00    0.00    0.00    0.00    0.00    0.00    0.00    0.00  100.00
02:38:41 AM   21    0.00    0.00    0.00    0.00    0.00    0.00    0.00    0.00    0.00  100.00
02:38:41 AM   22    0.00    0.00    0.00    0.00    0.00    0.00    0.00    0.00    0.00  100.00
02:38:41 AM   23    1.00    0.00    0.00    0.00    0.00    0.00    0.00    0.00    0.00   99.00
02:38:41 AM   24   12.00    0.00   67.00    0.00    0.00   21.00    0.00    0.00    0.00    0.00
02:38:41 AM   25    1.10    0.00    0.00    0.00    0.00    0.00    0.00    0.00    0.00   98.90
02:38:41 AM   26    0.00    0.00    0.00    0.00    0.00    0.00    0.00    0.00    0.00  100.00
02:38:41 AM   27    0.00    0.00    0.00    0.00    0.00    0.00    0.00    0.00    0.00  100.00
02:38:41 AM   28    0.00    0.00    1.01    0.00    0.00    0.00    0.00    0.00    0.00   98.99
02:38:41 AM   29    0.99    0.00    0.99    0.00    0.00    0.00    0.00    0.00    0.00   98.02
02:38:41 AM   30    1.00    0.00    0.00    0.00    0.00    0.00    0.00    0.00    0.00   99.00
02:38:41 AM   31    1.00    0.00    0.00    0.00    0.00    0.00    0.00    0.00    0.00   99.00
02:38:41 AM   32    0.00    0.00    0.00    0.00    0.00    0.00    0.00    0.00    0.00  100.00
02:38:41 AM   33    0.00    0.00    1.00    0.00    0.00    0.00    0.00    0.00    0.00   99.00
02:38:41 AM   34    1.01    0.00    0.00    0.00    0.00    0.00    0.00    0.00    0.00   98.99
02:38:41 AM   35    1.00    0.00    0.00    0.00    0.00    0.00    0.00    0.00    0.00   99.00

02:38:41 AM  CPU    %usr   %nice    %sys %iowait    %irq   %soft  %steal  %guest  %gnice   %idle
02:38:42 AM  all    1.62    0.00    2.54    0.11    0.00    0.50    0.00    0.00    0.00   95.23
02:38:42 AM    0    1.04    0.00    0.00    1.04    0.00    0.00    0.00    0.00    0.00   97.92
02:38:42 AM    1    1.96    0.00    0.98    0.98    0.00    0.00    0.00    0.00    0.00   96.08
02:38:42 AM    2    1.00    0.00    1.00    1.00    0.00    0.00    0.00    0.00    0.00   97.00
02:38:42 AM    3    0.99    0.00    1.98    0.00    0.00    0.00    0.00    0.00    0.00   97.03
02:38:42 AM    4    2.00    0.00    0.00    0.00    0.00    0.00    0.00    0.00    0.00   98.00
02:38:42 AM    5    2.00    0.00    1.00    0.00    0.00    0.00    0.00    0.00    0.00   97.00
02:38:42 AM    6    0.00    0.00    1.01    0.00    0.00    0.00    0.00    0.00    0.00   98.99
02:38:42 AM    7    2.00    0.00    1.00    0.00    0.00    0.00    0.00    0.00    0.00   97.00
02:38:42 AM    8    1.01    0.00    0.00    0.00    0.00    0.00    0.00    0.00    0.00   98.99
02:38:42 AM    9    1.02    0.00    0.00    0.00    0.00    0.00    0.00    0.00    0.00   98.98
02:38:42 AM   10    1.02    0.00    0.00    0.00    0.00    0.00    0.00    0.00    0.00   98.98
02:38:42 AM   11    1.98    0.00    0.99    0.00    0.00    0.00    0.00    0.00    0.00   97.03
02:38:42 AM   12    1.00    0.00    1.00    0.00    0.00    0.00    0.00    0.00    0.00   98.00
02:38:42 AM   13    2.00    0.00    0.00    0.00    0.00    0.00    0.00    0.00    0.00   98.00
02:38:42 AM   14    1.01    0.00    0.00    0.00    0.00    0.00    0.00    0.00    0.00   98.99
02:38:42 AM   15    2.02    0.00    6.06    0.00    0.00    0.00    0.00    0.00    0.00   91.92
02:38:42 AM   16    1.00    0.00    1.00    0.00    0.00    0.00    0.00    0.00    0.00   98.00
02:38:42 AM   17    0.99    0.00    1.98    0.00    0.00    0.00    0.00    0.00    0.00   97.03
02:38:42 AM   18    1.00    0.00    0.00    0.00    0.00    0.00    0.00    0.00    0.00   99.00
02:38:42 AM   19    0.00    0.00    0.00    0.00    0.00    0.00    0.00    0.00    0.00  100.00
02:38:42 AM   20    0.99    0.00    0.99    0.00    0.00    0.00    0.00    0.00    0.00   98.02
02:38:42 AM   21    1.01    0.00    0.00    0.00    0.00    0.00    0.00    0.00    0.00   98.99
02:38:42 AM   22    0.00    0.00    0.00    0.00    0.00    0.00    0.00    0.00    0.00  100.00
02:38:42 AM   23    1.02    0.00    0.00    0.00    0.00    0.00    0.00    0.00    0.00   98.98
02:38:42 AM   24   14.85    0.00   67.33    0.00    0.00   17.82    0.00    0.00    0.00    0.00
02:38:42 AM   25    1.10    0.00    0.00    0.00    0.00    0.00    0.00    0.00    0.00   98.90
02:38:42 AM   26    0.99    0.00    0.99    0.99    0.00    0.00    0.00    0.00    0.00   97.03
02:38:42 AM   27    1.00    0.00    0.00    0.00    0.00    0.00    0.00    0.00    0.00   99.00
02:38:42 AM   28    1.01    0.00    0.00    0.00    0.00    0.00    0.00    0.00    0.00   98.99
02:38:42 AM   29    1.98    0.00    0.00    0.00    0.00    0.00    0.00    0.00    0.00   98.02
02:38:42 AM   30    2.00    0.00    1.00    0.00    0.00    0.00    0.00    0.00    0.00   97.00
02:38:42 AM   31    1.00    0.00    1.00    0.00    0.00    0.00    0.00    0.00    0.00   98.00
02:38:42 AM   32    1.00    0.00    0.00    0.00    0.00    0.00    0.00    0.00    0.00   99.00
02:38:42 AM   33    1.01    0.00    0.00    0.00    0.00    0.00    0.00    0.00    0.00   98.99
02:38:42 AM   34    1.96    0.00    0.98    0.00    0.00    0.00    0.00    0.00    0.00   97.06
02:38:42 AM   35    2.00    0.00    0.00    0.00    0.00    0.00    0.00    0.00    0.00   98.00

02:38:42 AM  CPU    %usr   %nice    %sys %iowait    %irq   %soft  %steal  %guest  %gnice   %idle
02:38:43 AM  all    1.26    0.03    2.32    0.00    0.00    0.36    0.00    0.00    0.00   96.03
02:38:43 AM    0    2.02    0.00    1.01    0.00    0.00    0.00    0.00    0.00    0.00   96.97
02:38:43 AM    1    1.01    0.00    0.00    0.00    0.00    0.00    0.00    0.00    0.00   98.99
02:38:43 AM    2    2.97    0.00    0.00    0.00    0.00    0.99    0.00    0.00    0.00   96.04
02:38:43 AM    3    1.01    0.00    0.00    0.00    0.00    0.00    0.00    0.00    0.00   98.99
02:38:43 AM    4    0.00    0.00    0.00    0.00    0.00    0.00    0.00    0.00    0.00  100.00
02:38:43 AM    5    2.00    0.00    1.00    0.00    0.00    0.00    0.00    0.00    0.00   97.00
02:38:43 AM    6    2.00    0.00    1.00    0.00    0.00    0.00    0.00    0.00    0.00   97.00
02:38:43 AM    7    0.00    0.00    0.00    0.00    0.00    0.00    0.00    0.00    0.00  100.00
02:38:43 AM    8    0.00    1.00    0.00    0.00    0.00    0.00    0.00    0.00    0.00   99.00
02:38:43 AM    9    1.00    0.00    0.00    0.00    0.00    0.00    0.00    0.00    0.00   99.00
02:38:43 AM   10    1.01    0.00    0.00    0.00    0.00    0.00    0.00    0.00    0.00   98.99
02:38:43 AM   11    0.00    0.00    0.00    0.00    0.00    0.00    0.00    0.00    0.00  100.00
02:38:43 AM   12    1.01    0.00    0.00    0.00    0.00    0.00    0.00    0.00    0.00   98.99
02:38:43 AM   13    1.01    0.00    0.00    0.00    0.00    0.00    0.00    0.00    0.00   98.99
02:38:43 AM   14    0.00    0.00    0.00    0.00    0.00    0.00    0.00    0.00    0.00  100.00
02:38:43 AM   15    0.00    0.00    0.00    0.00    0.00    0.00    0.00    0.00    0.00  100.00
02:38:43 AM   16    1.00    0.00    0.00    0.00    0.00    0.00    0.00    0.00    0.00   99.00
02:38:43 AM   17    0.00    0.00    0.00    0.00    0.00    0.00    0.00    0.00    0.00  100.00
02:38:43 AM   18    1.00    0.00    0.00    0.00    0.00    0.00    0.00    0.00    0.00   99.00
02:38:43 AM   19    1.00    0.00    0.00    0.00    0.00    0.00    0.00    0.00    0.00   99.00
02:38:43 AM   20    2.00    0.00    0.00    0.00    0.00    0.00    0.00    0.00    0.00   98.00
02:38:43 AM   21    0.98    0.00    0.98    0.00    0.00    0.00    0.00    0.00    0.00   98.04
02:38:43 AM   22    1.00    0.00    1.00    0.00    0.00    0.00    0.00    0.00    0.00   98.00
02:38:43 AM   23    1.00    0.00    1.00    0.00    0.00    0.00    0.00    0.00    0.00   98.00
02:38:43 AM   24   14.14    0.00   73.74    0.00    0.00   12.12    0.00    0.00    0.00    0.00
02:38:43 AM   25    0.00    0.00    1.10    0.00    0.00    0.00    0.00    0.00    0.00   98.90
02:38:43 AM   26    0.00    0.00    0.00    0.00    0.00    0.00    0.00    0.00    0.00  100.00
02:38:43 AM   27    1.01    0.00    0.00    0.00    0.00    0.00    0.00    0.00    0.00   98.99
02:38:43 AM   28    4.00    0.00    0.00    0.00    0.00    0.00    0.00    0.00    0.00   96.00
02:38:43 AM   29    1.00    0.00    1.00    0.00    0.00    0.00    0.00    0.00    0.00   98.00
02:38:43 AM   30    0.00    0.00    0.00    0.00    0.00    0.00    0.00    0.00    0.00  100.00
02:38:43 AM   31    0.00    0.00    1.00    0.00    0.00    0.00    0.00    0.00    0.00   99.00
02:38:43 AM   32    1.01    0.00    0.00    0.00    0.00    0.00    0.00    0.00    0.00   98.99
02:38:43 AM   33    0.00    0.00    1.00    0.00    0.00    0.00    0.00    0.00    0.00   99.00
02:38:43 AM   34    0.00    0.00    0.00    0.00    0.00    0.00    0.00    0.00    0.00  100.00
02:38:43 AM   35    1.00    0.00    0.00    0.00    0.00    0.00    0.00    0.00    0.00   99.00

02:38:43 AM  CPU    %usr   %nice    %sys %iowait    %irq   %soft  %steal  %guest  %gnice   %idle
02:38:44 AM  all    1.23    0.03    2.70    0.03    0.00    0.45    0.00    0.00    0.00   95.57
02:38:44 AM    0    0.00    0.00    0.00    0.00    0.00    1.04    0.00    0.00    0.00   98.96
02:38:44 AM    1    1.01    0.00    0.00    0.00    0.00    0.00    0.00    0.00    0.00   98.99
02:38:44 AM    2    1.00    0.00    0.00    0.00    0.00    0.00    0.00    0.00    0.00   99.00
02:38:44 AM    3    1.01    0.00    0.00    0.00    0.00    0.00    0.00    0.00    0.00   98.99
02:38:44 AM    4    1.00    1.00    0.00    0.00    0.00    0.00    0.00    0.00    0.00   98.00
02:38:44 AM    5    1.98    0.00    0.99    0.00    0.00    0.00    0.00    0.00    0.00   97.03
02:38:44 AM    6    2.00    0.00    0.00    0.00    0.00    0.00    0.00    0.00    0.00   98.00
02:38:44 AM    7    0.00    0.00    0.00    0.00    0.00    0.00    0.00    0.00    0.00  100.00
02:38:44 AM    8    1.00    0.00    0.00    0.00    0.00    1.00    0.00    0.00    0.00   98.00
02:38:44 AM    9    0.99    0.00    0.99    0.00    0.00    0.00    0.00    0.00    0.00   98.02
02:38:44 AM   10    1.96    0.00    0.98    0.00    0.00    0.00    0.00    0.00    0.00   97.06
02:38:44 AM   11    0.00    0.00    0.00    0.00    0.00    0.00    0.00    0.00    0.00  100.00
02:38:44 AM   12    0.00    0.00    1.00    0.00    0.00    0.00    0.00    0.00    0.00   99.00
02:38:44 AM   13    0.99    0.00    0.99    0.00    0.00    0.00    0.00    0.00    0.00   98.02
02:38:44 AM   14    1.01    0.00    0.00    0.00    0.00    0.00    0.00    0.00    0.00   98.99
02:38:44 AM   15    1.98    0.00    7.92    0.00    0.00    0.00    0.00    0.00    0.00   90.10
02:38:44 AM   16    1.00    0.00    0.00    0.00    0.00    0.00    0.00    0.00    0.00   99.00
02:38:44 AM   17    0.99    0.00    0.99    0.00    0.00    0.00    0.00    0.00    0.00   98.02
02:38:44 AM   18    1.01    0.00    0.00    0.00    0.00    0.00    0.00    0.00    0.00   98.99
02:38:44 AM   19    1.00    0.00    0.00    0.00    0.00    0.00    0.00    0.00    0.00   99.00
02:38:44 AM   20    0.99    0.00    0.99    0.00    0.00    0.00    0.00    0.00    0.00   98.02
02:38:44 AM   21    1.00    0.00    1.00    0.00    0.00    0.00    0.00    0.00    0.00   98.00
02:38:44 AM   22    1.01    0.00    0.00    0.00    0.00    0.00    0.00    0.00    0.00   98.99
02:38:44 AM   23    1.01    0.00    0.00    0.00    0.00    0.00    0.00    0.00    0.00   98.99
02:38:44 AM   24   11.88    0.00   75.25    0.00    0.00   12.87    0.00    0.00    0.00    0.00
02:38:44 AM   25    1.06    0.00    2.13    0.00    0.00    1.06    0.00    0.00    0.00   95.74
02:38:44 AM   26    0.00    0.00    0.00    0.00    0.00    0.00    0.00    0.00    0.00  100.00
02:38:44 AM   27    1.00    0.00    0.00    0.00    0.00    0.00    0.00    0.00    0.00   99.00
02:38:44 AM   28    0.00    0.00    0.00    0.00    0.00    0.00    0.00    0.00    0.00  100.00
02:38:44 AM   29    1.01    0.00    0.00    0.00    0.00    0.00    0.00    0.00    0.00   98.99
02:38:44 AM   30    1.96    0.00    0.98    0.00    0.00    0.00    0.00    0.00    0.00   97.06
02:38:44 AM   31    0.00    0.00    0.00    0.00    0.00    0.00    0.00    0.00    0.00  100.00
02:38:44 AM   32    0.99    0.00    0.99    0.00    0.00    0.00    0.00    0.00    0.00   98.02
02:38:44 AM   33    1.00    0.00    0.00    0.00    0.00    0.00    0.00    0.00    0.00   99.00
02:38:44 AM   34    0.00    0.00    1.00    0.00    0.00    0.00    0.00    0.00    0.00   99.00
02:38:44 AM   35    1.00    0.00    0.00    1.00    0.00    0.00    0.00    0.00    0.00   98.00

02:38:44 AM  CPU    %usr   %nice    %sys %iowait    %irq   %soft  %steal  %guest  %gnice   %idle
02:38:45 AM  all    0.87    0.06    1.99    0.00    0.00    0.62    0.00    0.00    0.00   96.48
02:38:45 AM    0    0.00    1.02    0.00    0.00    0.00    1.02    0.00    0.00    0.00   97.96
02:38:45 AM    1    1.00    0.00    0.00    0.00    0.00    0.00    0.00    0.00    0.00   99.00
02:38:45 AM    2    1.00    0.00    0.00    0.00    0.00    0.00    0.00    0.00    0.00   99.00
02:38:45 AM    3    0.00    0.99    0.99    0.00    0.00    0.00    0.00    0.00    0.00   98.02
02:38:45 AM    4    1.00    0.00    0.00    0.00    0.00    0.00    0.00    0.00    0.00   99.00
02:38:45 AM    5    0.00    0.00    0.00    0.00    0.00    0.00    0.00    0.00    0.00  100.00
02:38:45 AM    6    1.01    0.00    0.00    0.00    0.00    0.00    0.00    0.00    0.00   98.99
02:38:45 AM    7    0.00    0.00    0.00    0.00    0.00    0.00    0.00    0.00    0.00  100.00
02:38:45 AM    8    1.00    0.00    1.00    0.00    0.00    0.00    0.00    0.00    0.00   98.00
02:38:45 AM    9    0.00    0.00    1.01    0.00    0.00    0.00    0.00    0.00    0.00   98.99
02:38:45 AM   10    0.00    0.00    0.00    0.00    0.00    0.00    0.00    0.00    0.00  100.00
02:38:45 AM   11    1.00    0.00    0.00    0.00    0.00    0.00    0.00    0.00    0.00   99.00
02:38:45 AM   12    0.00    0.00    0.00    0.00    0.00    0.00    0.00    0.00    0.00  100.00
02:38:45 AM   13    0.00    0.00    0.00    0.00    0.00    0.00    0.00    0.00    0.00  100.00
02:38:45 AM   14    0.00    0.00    0.00    0.00    0.00    0.00    0.00    0.00    0.00  100.00
02:38:45 AM   15    0.00    0.00    0.00    0.00    0.00    0.00    0.00    0.00    0.00  100.00
02:38:45 AM   16    0.00    0.00    1.00    0.00    0.00    0.00    0.00    0.00    0.00   99.00
02:38:45 AM   17    1.01    0.00    0.00    0.00    0.00    0.00    0.00    0.00    0.00   98.99
02:38:45 AM   18    0.00    0.00    1.01    0.00    0.00    0.00    0.00    0.00    0.00   98.99
02:38:45 AM   19    0.00    0.00    0.00    0.00    0.00    0.00    0.00    0.00    0.00  100.00
02:38:45 AM   20    1.00    0.00    0.00    0.00    0.00    0.00    0.00    0.00    0.00   99.00
02:38:45 AM   21    0.00    0.00    0.00    0.00    0.00    0.00    0.00    0.00    0.00  100.00
02:38:45 AM   22    1.01    0.00    0.00    0.00    0.00    0.00    0.00    0.00    0.00   98.99
02:38:45 AM   23    0.00    0.00    1.00    0.00    0.00    0.00    0.00    0.00    0.00   99.00
02:38:45 AM   24   15.00    0.00   64.00    0.00    0.00   21.00    0.00    0.00    0.00    0.00
02:38:45 AM   25    2.15    0.00    0.00    0.00    0.00    0.00    0.00    0.00    0.00   97.85
02:38:45 AM   26    0.00    0.00    0.00    0.00    0.00    0.00    0.00    0.00    0.00  100.00
02:38:45 AM   27    0.00    0.00    0.00    0.00    0.00    0.00    0.00    0.00    0.00  100.00
02:38:45 AM   28    0.00    0.00    0.00    0.00    0.00    0.00    0.00    0.00    0.00  100.00
02:38:45 AM   29    0.99    0.00    0.00    0.00    0.00    0.00    0.00    0.00    0.00   99.01
02:38:45 AM   30    0.00    0.00    0.00    0.00    0.00    0.00    0.00    0.00    0.00  100.00
02:38:45 AM   31    1.00    0.00    0.00    0.00    0.00    0.00    0.00    0.00    0.00   99.00
02:38:45 AM   32    0.99    0.00    0.99    0.00    0.00    0.00    0.00    0.00    0.00   98.02
02:38:45 AM   33    1.00    0.00    0.00    0.00    0.00    0.00    0.00    0.00    0.00   99.00
02:38:45 AM   34    0.00    0.00    0.00    0.00    0.00    0.00    0.00    0.00    0.00  100.00
02:38:45 AM   35    1.01    0.00    0.00    0.00    0.00    0.00    0.00    0.00    0.00   98.99

02:38:45 AM  CPU    %usr   %nice    %sys %iowait    %irq   %soft  %steal  %guest  %gnice   %idle
02:38:46 AM  all    1.17    0.00    2.54    0.14    0.00    0.59    0.00    0.00    0.00   95.56
02:38:46 AM    0    4.04    0.00    4.04    1.01    0.00    0.00    0.00    0.00    0.00   90.91
02:38:46 AM    1    0.00    0.00    0.00    0.00    0.00    0.00    0.00    0.00    0.00  100.00
02:38:46 AM    2    0.00    0.00    0.00    0.00    0.00    0.00    0.00    0.00    0.00  100.00
02:38:46 AM    3    1.00    0.00    0.00    0.00    0.00    0.00    0.00    0.00    0.00   99.00
02:38:46 AM    4    0.00    0.00    0.00    0.00    0.00    0.00    0.00    0.00    0.00  100.00
02:38:46 AM    5    2.02    0.00    0.00    0.00    0.00    0.00    0.00    0.00    0.00   97.98
02:38:46 AM    6    1.01    0.00    0.00    0.00    0.00    1.01    0.00    0.00    0.00   97.98
02:38:46 AM    7    1.01    0.00    0.00    0.00    0.00    0.00    0.00    0.00    0.00   98.99
02:38:46 AM    8    0.00    0.00    0.99    0.99    0.00    0.00    0.00    0.00    0.00   98.02
02:38:46 AM    9    2.00    0.00    0.00    1.00    0.00    0.00    0.00    0.00    0.00   97.00
02:38:46 AM   10    0.00    0.00    0.00    0.00    0.00    0.00    0.00    0.00    0.00  100.00
02:38:46 AM   11    0.99    0.00    1.98    0.00    0.00    0.00    0.00    0.00    0.00   97.03
02:38:46 AM   12    1.00    0.00    0.00    0.00    0.00    0.00    0.00    0.00    0.00   99.00
02:38:46 AM   13    1.98    0.00    0.00    0.00    0.00    0.00    0.00    0.00    0.00   98.02
02:38:46 AM   14    0.00    0.00    0.00    0.00    0.00    0.00    0.00    0.00    0.00  100.00
02:38:46 AM   15    1.98    0.00    6.93    0.00    0.00    0.99    0.00    0.00    0.00   90.10
02:38:46 AM   16    0.00    0.00    0.00    0.00    0.00    0.00    0.00    0.00    0.00  100.00
02:38:46 AM   17    0.00    0.00    0.00    0.00    0.00    0.00    0.00    0.00    0.00  100.00
02:38:46 AM   18    1.00    0.00    0.00    0.00    0.00    0.00    0.00    0.00    0.00   99.00
02:38:46 AM   19    0.00    0.00    1.00    0.00    0.00    0.00    0.00    0.00    0.00   99.00
02:38:46 AM   20    1.00    0.00    0.00    0.00    0.00    0.00    0.00    0.00    0.00   99.00
02:38:46 AM   21    0.99    0.00    0.99    0.00    0.00    0.00    0.00    0.00    0.00   98.02
02:38:46 AM   22    0.00    0.00    0.00    0.00    0.00    0.00    0.00    0.00    0.00  100.00
02:38:46 AM   23    0.00    0.00    0.00    0.00    0.00    0.00    0.00    0.00    0.00  100.00
02:38:46 AM   24   13.13    0.00   68.69    0.00    0.00   18.18    0.00    0.00    0.00    0.00
02:38:46 AM   25    2.13    0.00    2.13    0.00    0.00    1.06    0.00    0.00    0.00   94.68
02:38:46 AM   26    0.99    0.00    1.98    0.00    0.00    0.00    0.00    0.00    0.00   97.03
02:38:46 AM   27    0.00    0.00    0.00    0.00    0.00    0.00    0.00    0.00    0.00  100.00
02:38:46 AM   28    1.00    0.00    1.00    0.00    0.00    0.00    0.00    0.00    0.00   98.00
02:38:46 AM   29    1.00    0.00    0.00    0.00    0.00    0.00    0.00    0.00    0.00   99.00
02:38:46 AM   30    0.00    0.00    1.00    1.00    0.00    0.00    0.00    0.00    0.00   98.00
02:38:46 AM   31    1.00    0.00    1.00    0.00    0.00    0.00    0.00    0.00    0.00   98.00
02:38:46 AM   32    2.00    0.00    0.00    1.00    0.00    0.00    0.00    0.00    0.00   97.00
02:38:46 AM   33    0.00    0.00    0.00    0.00    0.00    0.00    0.00    0.00    0.00  100.00
02:38:46 AM   34    1.00    0.00    0.00    0.00    0.00    0.00    0.00    0.00    0.00   99.00
02:38:46 AM   35    0.00    0.00    0.00    0.00    0.00    0.00    0.00    0.00    0.00  100.00

Average:     CPU    %usr   %nice    %sys %iowait    %irq   %soft  %steal  %guest  %gnice   %idle
Average:     all    1.13    0.03    2.36    0.04    0.00    0.53    0.00    0.00    0.00   95.91
Average:       0    1.22    0.10    0.82    0.20    0.00    0.51    0.00    0.00    0.00   97.14
Average:       1    1.01    0.00    0.30    0.10    0.00    0.00    0.00    0.00    0.00   98.59
Average:       2    1.00    0.10    0.40    0.20    0.00    0.10    0.00    0.00    0.00   98.20
Average:       3    0.80    0.20    0.40    0.00    0.00    0.00    0.00    0.00    0.00   98.60
Average:       4    0.81    0.10    0.20    0.00    0.00    0.00    0.00    0.00    0.00   98.89
Average:       5    1.21    0.10    0.40    0.00    0.00    0.20    0.00    0.00    0.00   98.09
Average:       6    1.00    0.10    0.30    0.00    0.00    0.10    0.00    0.00    0.00   98.49
Average:       7    0.60    0.00    0.20    0.00    0.00    0.00    0.00    0.00    0.00   99.19
Average:       8    0.60    0.10    0.40    0.10    0.00    0.10    0.00    0.00    0.00   98.70
Average:       9    0.80    0.00    0.30    0.10    0.00    0.00    0.00    0.00    0.00   98.79
Average:      10    0.60    0.00    0.20    0.00    0.00    0.00    0.00    0.00    0.00   99.19
Average:      11    0.60    0.00    0.40    0.00    0.00    0.00    0.00    0.00    0.00   99.00
Average:      12    0.70    0.00    0.40    0.00    0.00    0.00    0.00    0.00    0.00   98.89
Average:      13    0.90    0.10    0.40    0.10    0.00    0.00    0.00    0.00    0.00   98.50
Average:      14    0.50    0.00    0.20    0.10    0.00    0.00    0.00    0.00    0.00   99.19
Average:      15    1.40    0.00    4.40    0.00    0.00    0.10    0.00    0.00    0.00   94.10
Average:      16    0.70    0.10    0.30    0.00    0.00    0.00    0.00    0.00    0.00   98.90
Average:      17    0.80    0.10    0.40    0.00    0.00    0.00    0.00    0.00    0.00   98.70
Average:      18    0.50    0.00    0.20    0.00    0.00    0.10    0.00    0.00    0.00   99.20
Average:      19    0.30    0.00    0.10    0.10    0.00    0.00    0.00    0.00    0.00   99.50
Average:      20    0.90    0.00    0.30    0.00    0.00    0.00    0.00    0.00    0.00   98.80
Average:      21    0.80    0.00    0.70    0.10    0.00    0.00    0.00    0.00    0.00   98.40
Average:      22    0.81    0.00    0.50    0.10    0.00    0.00    0.00    0.00    0.00   98.59
Average:      23    1.01    0.00    0.40    0.00    0.00    0.00    0.00    0.00    0.00   98.59
Average:      24   12.93    0.00   68.34    0.00    0.00   17.23    0.00    0.00    0.00    1.50
Average:      25    1.19    0.00    1.08    0.00    0.00    0.43    0.00    0.00    0.00   97.30
Average:      26    0.30    0.00    0.30    0.10    0.00    0.00    0.00    0.00    0.00   99.30
Average:      27    0.60    0.00    0.30    0.00    0.00    0.10    0.00    0.00    0.00   99.00
Average:      28    0.80    0.00    0.20    0.00    0.00    0.00    0.00    0.00    0.00   98.99
Average:      29    1.20    0.00    0.30    0.00    0.00    0.00    0.00    0.00    0.00   98.50
Average:      30    0.70    0.00    0.40    0.10    0.00    0.00    0.00    0.00    0.00   98.80
Average:      31    0.50    0.00    0.40    0.00    0.00    0.00    0.00    0.00    0.00   99.10
Average:      32    0.80    0.00    0.40    0.10    0.00    0.00    0.00    0.00    0.00   98.70
Average:      33    0.50    0.00    0.20    0.00    0.00    0.00    0.00    0.00    0.00   99.30
Average:      34    0.70    0.00    0.20    0.00    0.00    0.00    0.00    0.00    0.00   99.10
Average:      35    0.70    0.00    0.10    0.10    0.00    0.00    0.00    0.00    0.00   99.10
