Linux 5.15.0-186-generic (rapids4) 	07/28/2026 	_x86_64_	(36 CPU)

03:11:32 AM  CPU    %usr   %nice    %sys %iowait    %irq   %soft  %steal  %guest  %gnice   %idle
03:11:33 AM  all    2.15    0.00    0.78    0.00    0.00    0.06    0.00    0.00    0.00   97.01
03:11:33 AM    0    4.04    0.00    1.01    0.00    0.00    0.00    0.00    0.00    0.00   94.95
03:11:33 AM    1    3.03    0.00    2.02    0.00    0.00    0.00    0.00    0.00    0.00   94.95
03:11:33 AM    2    5.00    0.00    2.00    0.00    0.00    0.00    0.00    0.00    0.00   93.00
03:11:33 AM    3    3.96    0.00    1.98    0.00    0.00    0.00    0.00    0.00    0.00   94.06
03:11:33 AM    4    2.00    0.00    1.00    0.00    0.00    0.00    0.00    0.00    0.00   97.00
03:11:33 AM    5    4.04    0.00    0.00    0.00    0.00    0.00    0.00    0.00    0.00   95.96
03:11:33 AM    6    2.02    0.00    0.00    0.00    0.00    0.00    0.00    0.00    0.00   97.98
03:11:33 AM    7    5.94    0.00    0.99    0.00    0.00    0.00    0.00    0.00    0.00   93.07
03:11:33 AM    8    1.01    0.00    1.01    0.00    0.00    0.00    0.00    0.00    0.00   97.98
03:11:33 AM    9    1.98    0.00    1.98    0.00    0.00    0.00    0.00    0.00    0.00   96.04
03:11:33 AM   10    3.03    0.00    0.00    0.00    0.00    0.00    0.00    0.00    0.00   96.97
03:11:33 AM   11    3.00    0.00    0.00    0.00    0.00    0.00    0.00    0.00    0.00   97.00
03:11:33 AM   12    3.96    0.00    0.99    0.00    0.00    0.00    0.00    0.00    0.00   95.05
03:11:33 AM   13    4.00    0.00    1.00    0.00    0.00    0.00    0.00    0.00    0.00   95.00
03:11:33 AM   14    2.00    0.00    2.00    0.00    0.00    0.00    0.00    0.00    0.00   96.00
03:11:33 AM   15    4.95    0.00    0.99    0.00    0.00    0.00    0.00    0.00    0.00   94.06
03:11:33 AM   16    1.01    0.00    1.01    0.00    0.00    0.00    0.00    0.00    0.00   97.98
03:11:33 AM   17    4.95    0.00    0.99    0.00    0.00    0.00    0.00    0.00    0.00   94.06
03:11:33 AM   18    2.00    0.00    0.00    0.00    0.00    0.00    0.00    0.00    0.00   98.00
03:11:33 AM   19    1.01    0.00    0.00    0.00    0.00    0.00    0.00    0.00    0.00   98.99
03:11:33 AM   20    2.11    0.00    3.16    0.00    0.00    2.11    0.00    0.00    0.00   92.63
03:11:33 AM   21    0.00    0.00    2.17    0.00    0.00    0.00    0.00    0.00    0.00   97.83
03:11:33 AM   22    0.00    0.00    1.01    0.00    0.00    0.00    0.00    0.00    0.00   98.99
03:11:33 AM   23    1.01    0.00    0.00    0.00    0.00    0.00    0.00    0.00    0.00   98.99
03:11:33 AM   24    1.00    0.00    0.00    0.00    0.00    0.00    0.00    0.00    0.00   99.00
03:11:33 AM   25    0.99    0.00    1.98    0.00    0.00    0.00    0.00    0.00    0.00   97.03
03:11:33 AM   26    0.00    0.00    0.00    0.00    0.00    0.00    0.00    0.00    0.00  100.00
03:11:33 AM   27    1.01    0.00    0.00    0.00    0.00    0.00    0.00    0.00    0.00   98.99
03:11:33 AM   28    1.02    0.00    0.00    0.00    0.00    0.00    0.00    0.00    0.00   98.98
03:11:33 AM   29    0.00    0.00    0.00    0.00    0.00    0.00    0.00    0.00    0.00  100.00
03:11:33 AM   30    1.00    0.00    0.00    0.00    0.00    0.00    0.00    0.00    0.00   99.00
03:11:33 AM   31    0.00    0.00    0.00    0.00    0.00    0.00    0.00    0.00    0.00  100.00
03:11:33 AM   32    2.02    0.00    0.00    0.00    0.00    0.00    0.00    0.00    0.00   97.98
03:11:33 AM   33    1.01    0.00    0.00    0.00    0.00    0.00    0.00    0.00    0.00   98.99
03:11:33 AM   34    1.98    0.00    0.99    0.00    0.00    0.00    0.00    0.00    0.00   97.03
03:11:33 AM   35    1.00    0.00    0.00    0.00    0.00    0.00    0.00    0.00    0.00   99.00

03:11:33 AM  CPU    %usr   %nice    %sys %iowait    %irq   %soft  %steal  %guest  %gnice   %idle
03:11:34 AM  all    0.62    0.00    0.48    0.14    0.00    0.14    0.00    0.00    0.00   98.63
03:11:34 AM    0    1.01    0.00    0.00    0.00    0.00    0.00    0.00    0.00    0.00   98.99
03:11:34 AM    1    0.00    0.00    0.00    0.00    0.00    0.00    0.00    0.00    0.00  100.00
03:11:34 AM    2    1.01    0.00    0.00    1.01    0.00    0.00    0.00    0.00    0.00   97.98
03:11:34 AM    3    1.01    0.00    0.00    0.00    0.00    0.00    0.00    0.00    0.00   98.99
03:11:34 AM    4    0.00    0.00    0.00    0.00    0.00    0.00    0.00    0.00    0.00  100.00
03:11:34 AM    5    1.00    0.00    0.00    0.00    0.00    0.00    0.00    0.00    0.00   99.00
03:11:34 AM    6    1.00    0.00    0.00    0.00    0.00    0.00    0.00    0.00    0.00   99.00
03:11:34 AM    7    1.96    0.00    0.98    0.98    0.00    0.00    0.00    0.00    0.00   96.08
03:11:34 AM    8    0.00    0.00    1.00    0.00    0.00    0.00    0.00    0.00    0.00   99.00
03:11:34 AM    9    0.00    0.00    0.00    0.00    0.00    0.00    0.00    0.00    0.00  100.00
03:11:34 AM   10    1.00    0.00    0.00    0.00    0.00    0.00    0.00    0.00    0.00   99.00
03:11:34 AM   11    0.00    0.00    1.00    0.00    0.00    0.00    0.00    0.00    0.00   99.00
03:11:34 AM   12    0.00    0.00    0.00    0.00    0.00    0.00    0.00    0.00    0.00  100.00
03:11:34 AM   13    5.05    0.00    5.05    0.00    0.00    0.00    0.00    0.00    0.00   89.90
03:11:34 AM   14    0.00    0.00    0.00    1.01    0.00    0.00    0.00    0.00    0.00   98.99
03:11:34 AM   15    1.01    0.00    0.00    0.00    0.00    0.00    0.00    0.00    0.00   98.99
03:11:34 AM   16    0.00    0.00    0.00    0.00    0.00    0.00    0.00    0.00    0.00  100.00
03:11:34 AM   17    0.00    0.00    0.00    0.00    0.00    0.00    0.00    0.00    0.00  100.00
03:11:34 AM   18    1.00    0.00    0.00    0.00    0.00    0.00    0.00    0.00    0.00   99.00
03:11:34 AM   19    0.00    0.00    0.00    0.00    0.00    0.00    0.00    0.00    0.00  100.00
03:11:34 AM   20    1.04    0.00    5.21    0.00    0.00    2.08    0.00    0.00    0.00   91.67
03:11:34 AM   21    1.08    0.00    1.08    0.00    0.00    3.23    0.00    0.00    0.00   94.62
03:11:34 AM   22    0.00    0.00    1.00    0.00    0.00    0.00    0.00    0.00    0.00   99.00
03:11:34 AM   23    0.00    0.00    0.00    0.00    0.00    0.00    0.00    0.00    0.00  100.00
03:11:34 AM   24    0.00    0.00    0.00    0.00    0.00    0.00    0.00    0.00    0.00  100.00
03:11:34 AM   25    0.00    0.00    0.00    0.00    0.00    0.00    0.00    0.00    0.00  100.00
03:11:34 AM   26    1.00    0.00    0.00    0.00    0.00    0.00    0.00    0.00    0.00   99.00
03:11:34 AM   27    1.00    0.00    0.00    0.00    0.00    0.00    0.00    0.00    0.00   99.00
03:11:34 AM   28    0.00    0.00    0.00    0.00    0.00    0.00    0.00    0.00    0.00  100.00
03:11:34 AM   29    0.00    0.00    0.00    1.01    0.00    0.00    0.00    0.00    0.00   98.99
03:11:34 AM   30    1.00    0.00    0.00    0.00    0.00    0.00    0.00    0.00    0.00   99.00
03:11:34 AM   31    0.00    0.00    1.00    0.00    0.00    0.00    0.00    0.00    0.00   99.00
03:11:34 AM   32    0.00    0.00    0.00    0.00    0.00    0.00    0.00    0.00    0.00  100.00
03:11:34 AM   33    1.01    0.00    0.00    1.01    0.00    0.00    0.00    0.00    0.00   97.98
03:11:34 AM   34    1.00    0.00    0.00    0.00    0.00    0.00    0.00    0.00    0.00   99.00
03:11:34 AM   35    0.00    0.00    1.01    0.00    0.00    0.00    0.00    0.00    0.00   98.99

03:11:34 AM  CPU    %usr   %nice    %sys %iowait    %irq   %soft  %steal  %guest  %gnice   %idle
03:11:35 AM  all    1.12    0.00    0.64    0.06    0.00    0.08    0.00    0.00    0.00   98.10
03:11:35 AM    0    1.02    0.00    0.00    1.02    0.00    0.00    0.00    0.00    0.00   97.96
03:11:35 AM    1    0.00    0.00    0.00    0.00    0.00    0.00    0.00    0.00    0.00  100.00
03:11:35 AM    2    2.97    0.00    0.99    0.00    0.00    0.00    0.00    0.00    0.00   96.04
03:11:35 AM    3    1.00    0.00    1.00    0.00    0.00    0.00    0.00    0.00    0.00   98.00
03:11:35 AM    4    1.01    0.00    1.01    0.00    0.00    0.00    0.00    0.00    0.00   97.98
03:11:35 AM    5    0.00    0.00    0.00    0.00    0.00    0.00    0.00    0.00    0.00  100.00
03:11:35 AM    6    1.01    0.00    0.00    0.00    0.00    0.00    0.00    0.00    0.00   98.99
03:11:35 AM    7    2.00    0.00    0.00    1.00    0.00    0.00    0.00    0.00    0.00   97.00
03:11:35 AM    8    1.00    0.00    1.00    0.00    0.00    0.00    0.00    0.00    0.00   98.00
03:11:35 AM    9    7.92    0.00    0.99    0.00    0.00    0.00    0.00    0.00    0.00   91.09
03:11:35 AM   10    1.00    0.00    1.00    0.00    0.00    0.00    0.00    0.00    0.00   98.00
03:11:35 AM   11    1.00    0.00    1.00    0.00    0.00    0.00    0.00    0.00    0.00   98.00
03:11:35 AM   12    1.01    0.00    0.00    0.00    0.00    0.00    0.00    0.00    0.00   98.99
03:11:35 AM   13    1.00    0.00    1.00    0.00    0.00    0.00    0.00    0.00    0.00   98.00
03:11:35 AM   14    1.98    0.00    0.99    0.00    0.00    0.00    0.00    0.00    0.00   97.03
03:11:35 AM   15    0.99    0.00    0.99    0.00    0.00    0.00    0.00    0.00    0.00   98.02
03:11:35 AM   16    1.00    0.00    0.00    0.00    0.00    0.00    0.00    0.00    0.00   99.00
03:11:35 AM   17    1.00    0.00    1.00    0.00    0.00    0.00    0.00    0.00    0.00   98.00
03:11:35 AM   18    0.99    0.00    1.98    0.00    0.00    0.00    0.00    0.00    0.00   97.03
03:11:35 AM   19    1.01    0.00    0.00    0.00    0.00    0.00    0.00    0.00    0.00   98.99
03:11:35 AM   20    2.08    0.00    5.21    0.00    0.00    2.08    0.00    0.00    0.00   90.62
03:11:35 AM   21    0.00    0.00    2.20    0.00    0.00    1.10    0.00    0.00    0.00   96.70
03:11:35 AM   22    1.01    0.00    0.00    0.00    0.00    0.00    0.00    0.00    0.00   98.99
03:11:35 AM   23    1.00    0.00    0.00    0.00    0.00    0.00    0.00    0.00    0.00   99.00
03:11:35 AM   24    0.00    0.00    1.01    0.00    0.00    0.00    0.00    0.00    0.00   98.99
03:11:35 AM   25    1.01    0.00    0.00    0.00    0.00    0.00    0.00    0.00    0.00   98.99
03:11:35 AM   26    0.00    0.00    0.00    0.00    0.00    0.00    0.00    0.00    0.00  100.00
03:11:35 AM   27    0.00    0.00    0.00    0.00    0.00    0.00    0.00    0.00    0.00  100.00
03:11:35 AM   28    0.99    0.00    0.99    0.00    0.00    0.00    0.00    0.00    0.00   98.02
03:11:35 AM   29    0.00    0.00    0.00    0.00    0.00    0.00    0.00    0.00    0.00  100.00
03:11:35 AM   30    0.00    0.00    0.00    0.00    0.00    0.00    0.00    0.00    0.00  100.00
03:11:35 AM   31    1.00    0.00    0.00    0.00    0.00    0.00    0.00    0.00    0.00   99.00
03:11:35 AM   32    1.00    0.00    0.00    0.00    0.00    0.00    0.00    0.00    0.00   99.00
03:11:35 AM   33    1.00    0.00    0.00    0.00    0.00    0.00    0.00    0.00    0.00   99.00
03:11:35 AM   34    0.99    0.00    0.99    0.00    0.00    0.00    0.00    0.00    0.00   98.02
03:11:35 AM   35    1.01    0.00    0.00    0.00    0.00    0.00    0.00    0.00    0.00   98.99

03:11:35 AM  CPU    %usr   %nice    %sys %iowait    %irq   %soft  %steal  %guest  %gnice   %idle
03:11:36 AM  all    0.76    0.00    0.70    0.06    0.00    0.22    0.00    0.00    0.00   98.27
03:11:36 AM    0    1.00    0.00    0.00    0.00    0.00    0.00    0.00    0.00    0.00   99.00
03:11:36 AM    1    1.00    0.00    0.00    0.00    0.00    0.00    0.00    0.00    0.00   99.00
03:11:36 AM    2    3.00    0.00    5.00    0.00    0.00    0.00    0.00    0.00    0.00   92.00
03:11:36 AM    3    0.00    0.00    0.00    0.00    0.00    0.00    0.00    0.00    0.00  100.00
03:11:36 AM    4    0.00    0.00    1.01    0.00    0.00    0.00    0.00    0.00    0.00   98.99
03:11:36 AM    5    2.04    0.00    0.00    0.00    0.00    0.00    0.00    0.00    0.00   97.96
03:11:36 AM    6    1.00    0.00    1.00    0.00    0.00    0.00    0.00    0.00    0.00   98.00
03:11:36 AM    7    2.02    0.00    0.00    0.00    0.00    0.00    0.00    0.00    0.00   97.98
03:11:36 AM    8    0.00    0.00    1.00    0.00    0.00    0.00    0.00    0.00    0.00   99.00
03:11:36 AM    9    0.00    0.00    0.00    0.00    0.00    1.00    0.00    0.00    0.00   99.00
03:11:36 AM   10    0.00    0.00    0.00    0.00    0.00    0.00    0.00    0.00    0.00  100.00
03:11:36 AM   11    1.01    0.00    0.00    0.00    0.00    0.00    0.00    0.00    0.00   98.99
03:11:36 AM   12    0.00    0.00    0.00    0.00    0.00    0.00    0.00    0.00    0.00  100.00
03:11:36 AM   13    0.00    0.00    1.01    0.00    0.00    0.00    0.00    0.00    0.00   98.99
03:11:36 AM   14    0.00    0.00    0.00    0.00    0.00    0.00    0.00    0.00    0.00  100.00
03:11:36 AM   15    1.00    0.00    0.00    1.00    0.00    0.00    0.00    0.00    0.00   98.00
03:11:36 AM   16    1.00    0.00    1.00    0.00    0.00    0.00    0.00    0.00    0.00   98.00
03:11:36 AM   17    0.00    0.00    0.00    0.00    0.00    0.00    0.00    0.00    0.00  100.00
03:11:36 AM   18    1.00    0.00    0.00    0.00    0.00    0.00    0.00    0.00    0.00   99.00
03:11:36 AM   19    0.00    0.00    0.00    0.00    0.00    0.00    0.00    0.00    0.00  100.00
03:11:36 AM   20    0.00    0.00    4.12    0.00    0.00    4.12    0.00    0.00    0.00   91.75
03:11:36 AM   21    1.06    0.00    2.13    0.00    0.00    3.19    0.00    0.00    0.00   93.62
03:11:36 AM   22    0.00    0.00    1.00    0.00    0.00    0.00    0.00    0.00    0.00   99.00
03:11:36 AM   23    0.00    0.00    1.01    0.00    0.00    0.00    0.00    0.00    0.00   98.99
03:11:36 AM   24    1.00    0.00    0.00    0.00    0.00    0.00    0.00    0.00    0.00   99.00
03:11:36 AM   25    4.00    0.00    3.00    0.00    0.00    0.00    0.00    0.00    0.00   93.00
03:11:36 AM   26    1.01    0.00    0.00    0.00    0.00    0.00    0.00    0.00    0.00   98.99
03:11:36 AM   27    1.00    0.00    0.00    0.00    0.00    0.00    0.00    0.00    0.00   99.00
03:11:36 AM   28    1.00    0.00    0.00    1.00    0.00    0.00    0.00    0.00    0.00   98.00
03:11:36 AM   29    0.99    0.00    0.99    0.00    0.00    0.00    0.00    0.00    0.00   98.02
03:11:36 AM   30    0.00    0.00    1.00    0.00    0.00    0.00    0.00    0.00    0.00   99.00
03:11:36 AM   31    1.00    0.00    1.00    0.00    0.00    0.00    0.00    0.00    0.00   98.00
03:11:36 AM   32    0.00    0.00    1.00    0.00    0.00    0.00    0.00    0.00    0.00   99.00
03:11:36 AM   33    0.00    0.00    0.00    0.00    0.00    0.00    0.00    0.00    0.00  100.00
03:11:36 AM   34    0.00    0.00    0.00    0.00    0.00    0.00    0.00    0.00    0.00  100.00
03:11:36 AM   35    2.00    0.00    0.00    0.00    0.00    0.00    0.00    0.00    0.00   98.00

03:11:36 AM  CPU    %usr   %nice    %sys %iowait    %irq   %soft  %steal  %guest  %gnice   %idle
03:11:37 AM  all    1.03    0.00    0.56    0.03    0.00    0.17    0.00    0.00    0.00   98.21
03:11:37 AM    0    1.02    0.00    0.00    0.00    0.00    0.00    0.00    0.00    0.00   98.98
03:11:37 AM    1    2.00    0.00    0.00    0.00    0.00    0.00    0.00    0.00    0.00   98.00
03:11:37 AM    2    1.02    0.00    0.00    0.00    0.00    0.00    0.00    0.00    0.00   98.98
03:11:37 AM    3    1.98    0.00    0.99    0.00    0.00    0.00    0.00    0.00    0.00   97.03
03:11:37 AM    4    0.00    0.00    1.01    0.00    0.00    0.00    0.00    0.00    0.00   98.99
03:11:37 AM    5    1.01    0.00    0.00    0.00    0.00    0.00    0.00    0.00    0.00   98.99
03:11:37 AM    6    1.00    0.00    0.00    0.00    0.00    1.00    0.00    0.00    0.00   98.00
03:11:37 AM    7    1.01    0.00    0.00    0.00    0.00    0.00    0.00    0.00    0.00   98.99
03:11:37 AM    8    1.00    0.00    0.00    0.00    0.00    0.00    0.00    0.00    0.00   99.00
03:11:37 AM    9    1.00    0.00    0.00    0.00    0.00    0.00    0.00    0.00    0.00   99.00
03:11:37 AM   10    1.01    0.00    0.00    0.00    0.00    0.00    0.00    0.00    0.00   98.99
03:11:37 AM   11    2.00    0.00    0.00    0.00    0.00    0.00    0.00    0.00    0.00   98.00
03:11:37 AM   12    1.98    0.00    0.00    0.00    0.00    0.00    0.00    0.00    0.00   98.02
03:11:37 AM   13    2.00    0.00    7.00    0.00    0.00    0.00    0.00    0.00    0.00   91.00
03:11:37 AM   14    1.00    0.00    0.00    0.00    0.00    0.00    0.00    0.00    0.00   99.00
03:11:37 AM   15    1.00    0.00    0.00    0.00    0.00    0.00    0.00    0.00    0.00   99.00
03:11:37 AM   16    0.00    0.00    0.00    0.00    0.00    0.00    0.00    0.00    0.00  100.00
03:11:37 AM   17    1.00    0.00    0.00    0.00    0.00    0.00    0.00    0.00    0.00   99.00
03:11:37 AM   18    1.01    0.00    0.00    0.00    0.00    0.00    0.00    0.00    0.00   98.99
03:11:37 AM   19    0.99    0.00    0.00    0.99    0.00    0.00    0.00    0.00    0.00   98.02
03:11:37 AM   20    2.11    0.00    4.21    0.00    0.00    2.11    0.00    0.00    0.00   91.58
03:11:37 AM   21    1.10    0.00    1.10    0.00    0.00    1.10    0.00    0.00    0.00   96.70
03:11:37 AM   22    0.00    0.00    0.00    0.00    0.00    0.00    0.00    0.00    0.00  100.00
03:11:37 AM   23    0.00    0.00    1.00    0.00    0.00    1.00    0.00    0.00    0.00   98.00
03:11:37 AM   24    0.00    0.00    0.00    0.00    0.00    0.00    0.00    0.00    0.00  100.00
03:11:37 AM   25    0.00    0.00    0.00    0.00    0.00    0.00    0.00    0.00    0.00  100.00
03:11:37 AM   26    0.99    0.00    0.99    0.00    0.00    0.00    0.00    0.00    0.00   98.02
03:11:37 AM   27    1.00    0.00    1.00    0.00    0.00    0.00    0.00    0.00    0.00   98.00
03:11:37 AM   28    1.00    0.00    1.00    0.00    0.00    0.00    0.00    0.00    0.00   98.00
03:11:37 AM   29    1.00    0.00    0.00    0.00    0.00    0.00    0.00    0.00    0.00   99.00
03:11:37 AM   30    0.00    0.00    0.00    0.00    0.00    0.00    0.00    0.00    0.00  100.00
03:11:37 AM   31    0.99    0.00    0.00    0.00    0.00    0.99    0.00    0.00    0.00   98.02
03:11:37 AM   32    1.00    0.00    1.00    0.00    0.00    0.00    0.00    0.00    0.00   98.00
03:11:37 AM   33    1.96    0.00    0.98    0.00    0.00    0.00    0.00    0.00    0.00   97.06
03:11:37 AM   34    1.98    0.00    0.00    0.00    0.00    0.00    0.00    0.00    0.00   98.02
03:11:37 AM   35    1.00    0.00    0.00    0.00    0.00    0.00    0.00    0.00    0.00   99.00

03:11:37 AM  CPU    %usr   %nice    %sys %iowait    %irq   %soft  %steal  %guest  %gnice   %idle
03:11:38 AM  all    0.56    0.00    0.50    0.08    0.00    0.22    0.00    0.00    0.00   98.63
03:11:38 AM    0    1.01    0.00    1.01    0.00    0.00    0.00    0.00    0.00    0.00   97.98
03:11:38 AM    1    0.00    0.00    1.00    0.00    0.00    0.00    0.00    0.00    0.00   99.00
03:11:38 AM    2    1.00    0.00    0.00    0.00    0.00    0.00    0.00    0.00    0.00   99.00
03:11:38 AM    3    0.00    0.00    0.00    0.00    0.00    0.00    0.00    0.00    0.00  100.00
03:11:38 AM    4    1.00    0.00    1.00    0.00    0.00    0.00    0.00    0.00    0.00   98.00
03:11:38 AM    5    1.01    0.00    1.01    0.00    0.00    0.00    0.00    0.00    0.00   97.98
03:11:38 AM    6    1.01    0.00    1.01    0.00    0.00    0.00    0.00    0.00    0.00   97.98
03:11:38 AM    7    1.98    0.00    0.99    0.99    0.00    0.00    0.00    0.00    0.00   96.04
03:11:38 AM    8    1.01    0.00    1.01    0.00    0.00    0.00    0.00    0.00    0.00   97.98
03:11:38 AM    9    1.01    0.00    0.00    1.01    0.00    0.00    0.00    0.00    0.00   97.98
03:11:38 AM   10    0.00    0.00    0.99    0.00    0.00    0.99    0.00    0.00    0.00   98.02
03:11:38 AM   11    1.01    0.00    0.00    0.00    0.00    0.00    0.00    0.00    0.00   98.99
03:11:38 AM   12    0.00    0.00    0.00    0.00    0.00    0.00    0.00    0.00    0.00  100.00
03:11:38 AM   13    0.00    0.00    0.00    0.00    0.00    0.00    0.00    0.00    0.00  100.00
03:11:38 AM   14    0.00    0.00    0.00    1.02    0.00    0.00    0.00    0.00    0.00   98.98
03:11:38 AM   15    0.00    0.00    1.01    0.00    0.00    0.00    0.00    0.00    0.00   98.99
03:11:38 AM   16    1.96    0.00    0.98    0.00    0.00    0.98    0.00    0.00    0.00   96.08
03:11:38 AM   17    0.00    0.00    0.00    0.00    0.00    0.00    0.00    0.00    0.00  100.00
03:11:38 AM   18    1.00    0.00    0.00    0.00    0.00    0.00    0.00    0.00    0.00   99.00
03:11:38 AM   19    1.00    0.00    0.00    0.00    0.00    0.00    0.00    0.00    0.00   99.00
03:11:38 AM   20    1.05    0.00    3.16    0.00    0.00    2.11    0.00    0.00    0.00   93.68
03:11:38 AM   21    0.00    0.00    3.19    0.00    0.00    4.26    0.00    0.00    0.00   92.55
03:11:38 AM   22    0.00    0.00    0.00    0.00    0.00    0.00    0.00    0.00    0.00  100.00
03:11:38 AM   23    1.01    0.00    0.00    0.00    0.00    0.00    0.00    0.00    0.00   98.99
03:11:38 AM   24    1.00    0.00    0.00    0.00    0.00    0.00    0.00    0.00    0.00   99.00
03:11:38 AM   25    0.99    0.00    0.99    0.00    0.00    0.00    0.00    0.00    0.00   98.02
03:11:38 AM   26    0.00    0.00    0.00    0.00    0.00    0.00    0.00    0.00    0.00  100.00
03:11:38 AM   27    0.00    0.00    0.00    0.00    0.00    0.00    0.00    0.00    0.00  100.00
03:11:38 AM   28    0.00    0.00    0.00    0.00    0.00    0.00    0.00    0.00    0.00  100.00
03:11:38 AM   29    1.00    0.00    1.00    0.00    0.00    0.00    0.00    0.00    0.00   98.00
03:11:38 AM   30    1.00    0.00    0.00    0.00    0.00    0.00    0.00    0.00    0.00   99.00
03:11:38 AM   31    0.00    0.00    0.00    0.00    0.00    0.00    0.00    0.00    0.00  100.00
03:11:38 AM   32    0.00    0.00    0.00    0.00    0.00    0.00    0.00    0.00    0.00  100.00
03:11:38 AM   33    0.00    0.00    0.00    0.00    0.00    0.00    0.00    0.00    0.00  100.00
03:11:38 AM   34    0.00    0.00    0.00    0.00    0.00    0.00    0.00    0.00    0.00  100.00
03:11:38 AM   35    0.00    0.00    0.00    0.00    0.00    0.00    0.00    0.00    0.00  100.00

03:11:38 AM  CPU    %usr   %nice    %sys %iowait    %irq   %soft  %steal  %guest  %gnice   %idle
03:11:39 AM  all    0.95    0.03    0.87    0.00    0.00    0.14    0.00    0.00    0.00   98.01
03:11:39 AM    0    2.02    0.00    1.01    0.00    0.00    0.00    0.00    0.00    0.00   96.97
03:11:39 AM    1    2.00    0.00    0.00    0.00    0.00    0.00    0.00    0.00    0.00   98.00
03:11:39 AM    2    1.00    0.00    1.00    0.00    0.00    0.00    0.00    0.00    0.00   98.00
03:11:39 AM    3    1.96    0.98    0.98    0.00    0.00    0.00    0.00    0.00    0.00   96.08
03:11:39 AM    4    2.02    0.00    0.00    0.00    0.00    0.00    0.00    0.00    0.00   97.98
03:11:39 AM    5    3.00    0.00    7.00    0.00    0.00    0.00    0.00    0.00    0.00   90.00
03:11:39 AM    6    2.00    0.00    1.00    0.00    0.00    0.00    0.00    0.00    0.00   97.00
03:11:39 AM    7    1.01    0.00    0.00    0.00    0.00    0.00    0.00    0.00    0.00   98.99
03:11:39 AM    8    1.00    0.00    1.00    0.00    0.00    0.00    0.00    0.00    0.00   98.00
03:11:39 AM    9    1.02    0.00    0.00    0.00    0.00    0.00    0.00    0.00    0.00   98.98
03:11:39 AM   10    1.98    0.00    0.99    0.00    0.00    0.00    0.00    0.00    0.00   97.03
03:11:39 AM   11    1.02    0.00    0.00    0.00    0.00    0.00    0.00    0.00    0.00   98.98
03:11:39 AM   12    0.99    0.00    1.98    0.00    0.00    0.00    0.00    0.00    0.00   97.03
03:11:39 AM   13    1.00    0.00    1.00    0.00    0.00    0.00    0.00    0.00    0.00   98.00
03:11:39 AM   14    1.98    0.00    2.97    0.00    0.00    0.00    0.00    0.00    0.00   95.05
03:11:39 AM   15    1.00    0.00    0.00    0.00    0.00    0.00    0.00    0.00    0.00   99.00
03:11:39 AM   16    0.00    0.00    0.00    0.00    0.00    0.00    0.00    0.00    0.00  100.00
03:11:39 AM   17    1.01    0.00    0.00    0.00    0.00    0.00    0.00    0.00    0.00   98.99
03:11:39 AM   18    0.00    0.00    0.00    0.00    0.00    0.00    0.00    0.00    0.00  100.00
03:11:39 AM   19    0.00    0.00    0.00    0.00    0.00    1.00    0.00    0.00    0.00   99.00
03:11:39 AM   20    1.05    0.00    4.21    0.00    0.00    2.11    0.00    0.00    0.00   92.63
03:11:39 AM   21    0.00    0.00    2.17    0.00    0.00    2.17    0.00    0.00    0.00   95.65
03:11:39 AM   22    0.00    0.00    1.00    0.00    0.00    0.00    0.00    0.00    0.00   99.00
03:11:39 AM   23    0.00    0.00    0.00    0.00    0.00    0.00    0.00    0.00    0.00  100.00
03:11:39 AM   24    0.00    0.00    0.00    0.00    0.00    0.00    0.00    0.00    0.00  100.00
03:11:39 AM   25    0.00    0.00    0.00    0.00    0.00    0.00    0.00    0.00    0.00  100.00
03:11:39 AM   26    1.01    0.00    0.00    0.00    0.00    0.00    0.00    0.00    0.00   98.99
03:11:39 AM   27    0.99    0.00    0.99    0.00    0.00    0.00    0.00    0.00    0.00   98.02
03:11:39 AM   28    0.00    0.00    0.00    0.00    0.00    0.00    0.00    0.00    0.00  100.00
03:11:39 AM   29    1.00    0.00    0.00    0.00    0.00    0.00    0.00    0.00    0.00   99.00
03:11:39 AM   30    1.00    0.00    1.00    0.00    0.00    0.00    0.00    0.00    0.00   98.00
03:11:39 AM   31    0.00    0.00    0.00    0.00    0.00    0.00    0.00    0.00    0.00  100.00
03:11:39 AM   32    0.00    0.00    1.00    0.00    0.00    0.00    0.00    0.00    0.00   99.00
03:11:39 AM   33    0.99    0.00    0.99    0.00    0.00    0.00    0.00    0.00    0.00   98.02
03:11:39 AM   34    0.99    0.00    0.99    0.00    0.00    0.00    0.00    0.00    0.00   98.02
03:11:39 AM   35    1.00    0.00    0.00    0.00    0.00    0.00    0.00    0.00    0.00   99.00

03:11:39 AM  CPU    %usr   %nice    %sys %iowait    %irq   %soft  %steal  %guest  %gnice   %idle
03:11:40 AM  all    0.65    0.00    0.67    0.06    0.00    0.20    0.00    0.00    0.00   98.43
03:11:40 AM    0    0.00    0.00    0.00    0.00    0.00    0.00    0.00    0.00    0.00  100.00
03:11:40 AM    1    0.00    0.00    1.00    1.00    0.00    0.00    0.00    0.00    0.00   98.00
03:11:40 AM    2    1.01    0.00    1.01    0.00    0.00    0.00    0.00    0.00    0.00   97.98
03:11:40 AM    3    0.00    0.00    2.00    0.00    0.00    0.00    0.00    0.00    0.00   98.00
03:11:40 AM    4    0.00    0.00    0.00    0.00    0.00    0.00    0.00    0.00    0.00  100.00
03:11:40 AM    5    4.04    0.00    6.06    1.01    0.00    0.00    0.00    0.00    0.00   88.89
03:11:40 AM    6    1.00    0.00    1.00    0.00    0.00    0.00    0.00    0.00    0.00   98.00
03:11:40 AM    7    0.99    0.00    0.99    0.00    0.00    0.99    0.00    0.00    0.00   97.03
03:11:40 AM    8    0.00    0.00    0.00    0.00    0.00    0.00    0.00    0.00    0.00  100.00
03:11:40 AM    9    1.01    0.00    0.00    0.00    0.00    0.00    0.00    0.00    0.00   98.99
03:11:40 AM   10    1.00    0.00    1.00    0.00    0.00    0.00    0.00    0.00    0.00   98.00
03:11:40 AM   11    1.98    0.00    0.99    0.00    0.00    0.00    0.00    0.00    0.00   97.03
03:11:40 AM   12    1.01    0.00    0.00    0.00    0.00    0.00    0.00    0.00    0.00   98.99
03:11:40 AM   13    1.01    0.00    1.01    0.00    0.00    0.00    0.00    0.00    0.00   97.98
03:11:40 AM   14    1.00    0.00    0.00    0.00    0.00    0.00    0.00    0.00    0.00   99.00
03:11:40 AM   15    1.00    0.00    0.00    0.00    0.00    0.00    0.00    0.00    0.00   99.00
03:11:40 AM   16    2.00    0.00    0.00    0.00    0.00    0.00    0.00    0.00    0.00   98.00
03:11:40 AM   17    0.00    0.00    0.00    0.00    0.00    0.00    0.00    0.00    0.00  100.00
03:11:40 AM   18    0.00    0.00    0.00    0.00    0.00    0.00    0.00    0.00    0.00  100.00
03:11:40 AM   19    2.02    0.00    1.01    0.00    0.00    0.00    0.00    0.00    0.00   96.97
03:11:40 AM   20    0.00    0.00    4.17    0.00    0.00    4.17    0.00    0.00    0.00   91.67
03:11:40 AM   21    0.00    0.00    2.17    0.00    0.00    2.17    0.00    0.00    0.00   95.65
03:11:40 AM   22    0.00    0.00    0.00    0.00    0.00    0.00    0.00    0.00    0.00  100.00
03:11:40 AM   23    0.00    0.00    1.00    0.00    0.00    0.00    0.00    0.00    0.00   99.00
03:11:40 AM   24    0.00    0.00    0.00    0.00    0.00    0.00    0.00    0.00    0.00  100.00
03:11:40 AM   25    0.00    0.00    0.99    0.00    0.00    0.00    0.00    0.00    0.00   99.01
03:11:40 AM   26    0.00    0.00    0.00    0.00    0.00    0.00    0.00    0.00    0.00  100.00
03:11:40 AM   27    0.00    0.00    0.00    0.00    0.00    0.00    0.00    0.00    0.00  100.00
03:11:40 AM   28    1.00    0.00    0.00    0.00    0.00    0.00    0.00    0.00    0.00   99.00
03:11:40 AM   29    1.01    0.00    0.00    0.00    0.00    0.00    0.00    0.00    0.00   98.99
03:11:40 AM   30    0.00    0.00    0.00    0.00    0.00    0.00    0.00    0.00    0.00  100.00
03:11:40 AM   31    0.00    0.00    0.00    0.00    0.00    0.00    0.00    0.00    0.00  100.00
03:11:40 AM   32    1.01    0.00    0.00    0.00    0.00    0.00    0.00    0.00    0.00   98.99
03:11:40 AM   33    0.00    0.00    0.00    0.00    0.00    0.00    0.00    0.00    0.00  100.00
03:11:40 AM   34    1.01    0.00    0.00    0.00    0.00    0.00    0.00    0.00    0.00   98.99
03:11:40 AM   35    0.00    0.00    0.00    0.00    0.00    0.00    0.00    0.00    0.00  100.00

03:11:40 AM  CPU    %usr   %nice    %sys %iowait    %irq   %soft  %steal  %guest  %gnice   %idle
03:11:41 AM  all    0.31    0.03    0.50    0.03    0.00    0.17    0.00    0.00    0.00   98.96
03:11:41 AM    0    0.00    0.00    0.00    0.00    0.00    0.00    0.00    0.00    0.00  100.00
03:11:41 AM    1    0.00    0.00    0.00    0.00    0.00    0.00    0.00    0.00    0.00  100.00
03:11:41 AM    2    0.00    0.00    1.00    0.00    0.00    0.00    0.00    0.00    0.00   99.00
03:11:41 AM    3    0.00    0.00    0.00    0.00    0.00    0.00    0.00    0.00    0.00  100.00
03:11:41 AM    4    0.00    1.00    1.00    0.00    0.00    0.00    0.00    0.00    0.00   98.00
03:11:41 AM    5    0.00    0.00    0.00    0.00    0.00    0.00    0.00    0.00    0.00  100.00
03:11:41 AM    6    1.01    0.00    0.00    0.00    0.00    0.00    0.00    0.00    0.00   98.99
03:11:41 AM    7    1.01    0.00    0.00    0.00    0.00    0.00    0.00    0.00    0.00   98.99
03:11:41 AM    8    0.99    0.00    0.99    0.00    0.00    0.00    0.00    0.00    0.00   98.02
03:11:41 AM    9    1.00    0.00    0.00    0.00    0.00    0.00    0.00    0.00    0.00   99.00
03:11:41 AM   10    0.00    0.00    0.00    0.00    0.00    0.00    0.00    0.00    0.00  100.00
03:11:41 AM   11    0.00    0.00    0.00    0.00    0.00    0.00    0.00    0.00    0.00  100.00
03:11:41 AM   12    0.99    0.00    0.99    0.00    0.00    0.00    0.00    0.00    0.00   98.02
03:11:41 AM   13    2.00    0.00    1.00    0.00    0.00    0.00    0.00    0.00    0.00   97.00
03:11:41 AM   14    0.00    0.00    1.00    0.00    0.00    0.00    0.00    0.00    0.00   99.00
03:11:41 AM   15    1.00    0.00    1.00    0.00    0.00    0.00    0.00    0.00    0.00   98.00
03:11:41 AM   16    0.00    0.00    0.00    1.01    0.00    0.00    0.00    0.00    0.00   98.99
03:11:41 AM   17    0.00    0.00    1.00    0.00    0.00    0.00    0.00    0.00    0.00   99.00
03:11:41 AM   18    1.00    0.00    0.00    0.00    0.00    0.00    0.00    0.00    0.00   99.00
03:11:41 AM   19    0.00    0.00    1.00    0.00    0.00    0.00    0.00    0.00    0.00   99.00
03:11:41 AM   20    0.00    0.00    3.19    0.00    0.00    2.13    0.00    0.00    0.00   94.68
03:11:41 AM   21    0.00    0.00    3.23    0.00    0.00    2.15    0.00    0.00    0.00   94.62
03:11:41 AM   22    0.00    0.00    0.99    0.00    0.00    0.00    0.00    0.00    0.00   99.01
03:11:41 AM   23    0.00    0.00    0.00    0.00    0.00    0.00    0.00    0.00    0.00  100.00
03:11:41 AM   24    0.00    0.00    1.00    0.00    0.00    0.00    0.00    0.00    0.00   99.00
03:11:41 AM   25    0.00    0.00    0.00    0.00    0.00    0.00    0.00    0.00    0.00  100.00
03:11:41 AM   26    0.00    0.00    0.00    0.00    0.00    0.00    0.00    0.00    0.00  100.00
03:11:41 AM   27    0.99    0.00    0.00    0.00    0.00    0.99    0.00    0.00    0.00   98.02
03:11:41 AM   28    1.00    0.00    0.00    0.00    0.00    0.00    0.00    0.00    0.00   99.00
03:11:41 AM   29    0.00    0.00    0.00    0.00    0.00    1.00    0.00    0.00    0.00   99.00
03:11:41 AM   30    0.00    0.00    0.00    0.00    0.00    0.00    0.00    0.00    0.00  100.00
03:11:41 AM   31    0.00    0.00    1.00    0.00    0.00    0.00    0.00    0.00    0.00   99.00
03:11:41 AM   32    0.00    0.00    0.00    0.00    0.00    0.00    0.00    0.00    0.00  100.00
03:11:41 AM   33    0.00    0.00    0.00    0.00    0.00    0.00    0.00    0.00    0.00  100.00
03:11:41 AM   34    0.00    0.00    0.00    0.00    0.00    0.00    0.00    0.00    0.00  100.00
03:11:41 AM   35    0.00    0.00    0.00    0.00    0.00    0.00    0.00    0.00    0.00  100.00

03:11:41 AM  CPU    %usr   %nice    %sys %iowait    %irq   %soft  %steal  %guest  %gnice   %idle
03:11:42 AM  all    0.62    0.00    0.70    0.08    0.00    0.11    0.00    0.00    0.00   98.49
03:11:42 AM    0    1.01    0.00    0.00    0.00    0.00    0.00    0.00    0.00    0.00   98.99
03:11:42 AM    1    1.00    0.00    0.00    0.00    0.00    0.00    0.00    0.00    0.00   99.00
03:11:42 AM    2    1.00    0.00    0.00    0.00    0.00    0.00    0.00    0.00    0.00   99.00
03:11:42 AM    3    1.01    0.00    0.00    0.00    0.00    0.00    0.00    0.00    0.00   98.99
03:11:42 AM    4    0.00    0.00    1.01    0.00    0.00    0.00    0.00    0.00    0.00   98.99
03:11:42 AM    5    3.00    0.00    7.00    0.00    0.00    0.00    0.00    0.00    0.00   90.00
03:11:42 AM    6    0.00    0.00    1.01    0.00    0.00    0.00    0.00    0.00    0.00   98.99
03:11:42 AM    7    0.00    0.00    0.00    0.00    0.00    0.00    0.00    0.00    0.00  100.00
03:11:42 AM    8    0.00    0.00    0.00    0.00    0.00    0.00    0.00    0.00    0.00  100.00
03:11:42 AM    9    0.00    0.00    1.01    0.00    0.00    0.00    0.00    0.00    0.00   98.99
03:11:42 AM   10    0.99    0.00    0.99    0.00    0.00    0.00    0.00    0.00    0.00   98.02
03:11:42 AM   11    2.00    0.00    0.00    0.00    0.00    0.00    0.00    0.00    0.00   98.00
03:11:42 AM   12    0.00    0.00    0.00    0.00    0.00    0.00    0.00    0.00    0.00  100.00
03:11:42 AM   13    0.00    0.00    0.00    0.00    0.00    0.00    0.00    0.00    0.00  100.00
03:11:42 AM   14    0.00    0.00    0.00    0.00    0.00    0.00    0.00    0.00    0.00  100.00
03:11:42 AM   15    1.00    0.00    0.00    0.00    0.00    0.00    0.00    0.00    0.00   99.00
03:11:42 AM   16    0.00    0.00    1.00    0.00    0.00    0.00    0.00    0.00    0.00   99.00
03:11:42 AM   17    1.01    0.00    0.00    0.00    0.00    0.00    0.00    0.00    0.00   98.99
03:11:42 AM   18    0.00    0.00    0.00    0.00    0.00    0.00    0.00    0.00    0.00  100.00
03:11:42 AM   19    0.00    0.00    0.00    2.02    0.00    0.00    0.00    0.00    0.00   97.98
03:11:42 AM   20    0.00    0.00    6.25    0.00    0.00    2.08    0.00    0.00    0.00   91.67
03:11:42 AM   21    1.08    0.00    2.15    0.00    0.00    2.15    0.00    0.00    0.00   94.62
03:11:42 AM   22    1.01    0.00    0.00    0.00    0.00    0.00    0.00    0.00    0.00   98.99
03:11:42 AM   23    0.00    0.00    1.01    0.00    0.00    0.00    0.00    0.00    0.00   98.99
03:11:42 AM   24    1.00    0.00    0.00    0.00    0.00    0.00    0.00    0.00    0.00   99.00
03:11:42 AM   25    1.00    0.00    0.00    0.00    0.00    0.00    0.00    0.00    0.00   99.00
03:11:42 AM   26    1.00    0.00    0.00    0.00    0.00    0.00    0.00    0.00    0.00   99.00
03:11:42 AM   27    0.00    0.00    0.00    0.00    0.00    0.00    0.00    0.00    0.00  100.00
03:11:42 AM   28    0.00    0.00    0.00    0.00    0.00    0.00    0.00    0.00    0.00  100.00
03:11:42 AM   29    1.00    0.00    1.00    0.00    0.00    0.00    0.00    0.00    0.00   98.00
03:11:42 AM   30    1.00    0.00    1.00    0.00    0.00    0.00    0.00    0.00    0.00   98.00
03:11:42 AM   31    0.99    0.00    0.99    0.00    0.00    0.00    0.00    0.00    0.00   98.02
03:11:42 AM   32    0.00    0.00    1.00    0.00    0.00    0.00    0.00    0.00    0.00   99.00
03:11:42 AM   33    0.99    0.00    0.00    0.99    0.00    0.00    0.00    0.00    0.00   98.02
03:11:42 AM   34    1.01    0.00    0.00    0.00    0.00    0.00    0.00    0.00    0.00   98.99
03:11:42 AM   35    0.00    0.00    0.00    0.00    0.00    0.00    0.00    0.00    0.00  100.00

Average:     CPU    %usr   %nice    %sys %iowait    %irq   %soft  %steal  %guest  %gnice   %idle
Average:     all    0.88    0.01    0.64    0.05    0.00    0.15    0.00    0.00    0.00   98.27
Average:       0    1.22    0.00    0.30    0.10    0.00    0.00    0.00    0.00    0.00   98.38
Average:       1    0.91    0.00    0.40    0.10    0.00    0.00    0.00    0.00    0.00   98.59
Average:       2    1.71    0.00    1.10    0.10    0.00    0.00    0.00    0.00    0.00   97.09
Average:       3    1.10    0.10    0.70    0.00    0.00    0.00    0.00    0.00    0.00   98.09
Average:       4    0.61    0.10    0.71    0.00    0.00    0.00    0.00    0.00    0.00   98.59
Average:       5    1.92    0.00    2.12    0.10    0.00    0.00    0.00    0.00    0.00   95.86
Average:       6    1.11    0.00    0.50    0.00    0.00    0.10    0.00    0.00    0.00   98.29
Average:       7    1.80    0.00    0.40    0.30    0.00    0.10    0.00    0.00    0.00   97.40
Average:       8    0.60    0.00    0.70    0.00    0.00    0.00    0.00    0.00    0.00   98.69
Average:       9    1.51    0.00    0.40    0.10    0.00    0.10    0.00    0.00    0.00   97.89
Average:      10    1.00    0.00    0.50    0.00    0.00    0.10    0.00    0.00    0.00   98.40
Average:      11    1.31    0.00    0.30    0.00    0.00    0.00    0.00    0.00    0.00   98.39
Average:      12    1.00    0.00    0.40    0.00    0.00    0.00    0.00    0.00    0.00   98.60
Average:      13    1.61    0.00    1.81    0.00    0.00    0.00    0.00    0.00    0.00   96.59
Average:      14    0.80    0.00    0.70    0.20    0.00    0.00    0.00    0.00    0.00   98.29
Average:      15    1.30    0.00    0.40    0.10    0.00    0.00    0.00    0.00    0.00   98.20
Average:      16    0.70    0.00    0.40    0.10    0.00    0.10    0.00    0.00    0.00   98.69
Average:      17    0.91    0.00    0.30    0.00    0.00    0.00    0.00    0.00    0.00   98.79
Average:      18    0.80    0.00    0.20    0.00    0.00    0.00    0.00    0.00    0.00   99.00
Average:      19    0.60    0.00    0.20    0.30    0.00    0.10    0.00    0.00    0.00   98.80
Average:      20    0.94    0.00    4.29    0.00    0.00    2.51    0.00    0.00    0.00   92.25
Average:      21    0.43    0.00    2.16    0.00    0.00    2.16    0.00    0.00    0.00   95.24
Average:      22    0.20    0.00    0.50    0.00    0.00    0.00    0.00    0.00    0.00   99.30
Average:      23    0.30    0.00    0.40    0.00    0.00    0.10    0.00    0.00    0.00   99.19
Average:      24    0.40    0.00    0.20    0.00    0.00    0.00    0.00    0.00    0.00   99.40
Average:      25    0.80    0.00    0.70    0.00    0.00    0.00    0.00    0.00    0.00   98.50
Average:      26    0.50    0.00    0.10    0.00    0.00    0.00    0.00    0.00    0.00   99.40
Average:      27    0.60    0.00    0.20    0.00    0.00    0.10    0.00    0.00    0.00   99.10
Average:      28    0.60    0.00    0.20    0.10    0.00    0.00    0.00    0.00    0.00   99.09
Average:      29    0.60    0.00    0.30    0.10    0.00    0.10    0.00    0.00    0.00   98.90
Average:      30    0.50    0.00    0.30    0.00    0.00    0.00    0.00    0.00    0.00   99.20
Average:      31    0.40    0.00    0.40    0.00    0.00    0.10    0.00    0.00    0.00   99.10
Average:      32    0.50    0.00    0.40    0.00    0.00    0.00    0.00    0.00    0.00   99.10
Average:      33    0.70    0.00    0.20    0.20    0.00    0.00    0.00    0.00    0.00   98.90
Average:      34    0.90    0.00    0.30    0.00    0.00    0.00    0.00    0.00    0.00   98.80
Average:      35    0.60    0.00    0.10    0.00    0.00    0.00    0.00    0.00    0.00   99.30
