Linux 5.15.0-186-generic (rapids4) 	07/28/2026 	_x86_64_	(36 CPU)

02:32:21 AM  CPU    %usr   %nice    %sys %iowait    %irq   %soft  %steal  %guest  %gnice   %idle
02:32:22 AM  all    0.82    0.00    1.01    0.06    0.00    0.45    0.00    0.00    0.00   97.66
02:32:22 AM    0    1.01    0.00    0.00    0.00    0.00    1.01    0.00    0.00    0.00   97.98
02:32:22 AM    1    2.00    0.00    2.00    0.00    0.00    0.00    0.00    0.00    0.00   96.00
02:32:22 AM    2    2.04    0.00    6.12    0.00    0.00    0.00    0.00    0.00    0.00   91.84
02:32:22 AM    3    0.00    0.00    1.01    0.00    0.00    0.00    0.00    0.00    0.00   98.99
02:32:22 AM    4    1.00    0.00    0.00    0.00    0.00    0.00    0.00    0.00    0.00   99.00
02:32:22 AM    5    0.99    0.00    1.98    0.00    0.00    0.00    0.00    0.00    0.00   97.03
02:32:22 AM    6    0.00    0.00    0.00    0.00    0.00    0.00    0.00    0.00    0.00  100.00
02:32:22 AM    7    0.00    0.00    0.00    0.00    0.00    0.00    0.00    0.00    0.00  100.00
02:32:22 AM    8    1.02    0.00    0.00    0.00    0.00    0.00    0.00    0.00    0.00   98.98
02:32:22 AM    9    0.00    0.00    1.01    0.00    0.00    0.00    0.00    0.00    0.00   98.99
02:32:22 AM   10    1.00    0.00    1.00    1.00    0.00    0.00    0.00    0.00    0.00   97.00
02:32:22 AM   11    0.00    0.00    0.00    0.00    0.00    0.00    0.00    0.00    0.00  100.00
02:32:22 AM   12    0.00    0.00    0.00    0.00    0.00    0.00    0.00    0.00    0.00  100.00
02:32:22 AM   13    1.01    0.00    0.00    0.00    0.00    0.00    0.00    0.00    0.00   98.99
02:32:22 AM   14    0.00    0.00    0.00    0.00    0.00    0.00    0.00    0.00    0.00  100.00
02:32:22 AM   15    0.00    0.00    0.00    0.00    0.00    0.00    0.00    0.00    0.00  100.00
02:32:22 AM   16    0.00    0.00    0.00    0.00    0.00    0.00    0.00    0.00    0.00  100.00
02:32:22 AM   17    1.01    0.00    0.00    0.00    0.00    0.00    0.00    0.00    0.00   98.99
02:32:22 AM   18    0.00    0.00    0.00    0.00    0.00    0.00    0.00    0.00    0.00  100.00
02:32:22 AM   19    2.00    0.00    0.00    0.00    0.00    0.00    0.00    0.00    0.00   98.00
02:32:22 AM   20    3.41    0.00   12.50    0.00    0.00    6.82    0.00    0.00    0.00   77.27
02:32:22 AM   21    1.12    0.00    5.62    0.00    0.00   10.11    0.00    0.00    0.00   83.15
02:32:22 AM   22    0.00    0.00    1.01    0.00    0.00    0.00    0.00    0.00    0.00   98.99
02:32:22 AM   23    0.00    0.00    1.01    0.00    0.00    0.00    0.00    0.00    0.00   98.99
02:32:22 AM   24    1.01    0.00    0.00    1.01    0.00    0.00    0.00    0.00    0.00   97.98
02:32:22 AM   25    1.01    0.00    0.00    0.00    0.00    0.00    0.00    0.00    0.00   98.99
02:32:22 AM   26    1.00    0.00    0.00    0.00    0.00    0.00    0.00    0.00    0.00   99.00
02:32:22 AM   27    0.99    0.00    0.99    0.00    0.00    0.00    0.00    0.00    0.00   98.02
02:32:22 AM   28    0.00    0.00    1.00    0.00    0.00    0.00    0.00    0.00    0.00   99.00
02:32:22 AM   29    1.02    0.00    0.00    0.00    0.00    0.00    0.00    0.00    0.00   98.98
02:32:22 AM   30    1.00    0.00    1.00    0.00    0.00    0.00    0.00    0.00    0.00   98.00
02:32:22 AM   31    0.99    0.00    1.98    0.00    0.00    0.00    0.00    0.00    0.00   97.03
02:32:22 AM   32    1.98    0.00    0.00    0.00    0.00    0.00    0.00    0.00    0.00   98.02
02:32:22 AM   33    1.01    0.00    0.00    0.00    0.00    0.00    0.00    0.00    0.00   98.99
02:32:22 AM   34    1.02    0.00    0.00    0.00    0.00    0.00    0.00    0.00    0.00   98.98
02:32:22 AM   35    1.01    0.00    0.00    0.00    0.00    0.00    0.00    0.00    0.00   98.99

02:32:22 AM  CPU    %usr   %nice    %sys %iowait    %irq   %soft  %steal  %guest  %gnice   %idle
02:32:23 AM  all    1.38    0.03    0.96    0.00    0.00    0.48    0.00    0.00    0.00   97.16
02:32:23 AM    0    2.04    0.00    0.00    0.00    0.00    0.00    0.00    0.00    0.00   97.96
02:32:23 AM    1    4.00    0.00    1.00    0.00    0.00    0.00    0.00    0.00    0.00   95.00
02:32:23 AM    2    2.02    0.00    0.00    0.00    0.00    0.00    0.00    0.00    0.00   97.98
02:32:23 AM    3    2.02    0.00    0.00    0.00    0.00    0.00    0.00    0.00    0.00   97.98
02:32:23 AM    4    2.00    0.00    1.00    0.00    0.00    0.00    0.00    0.00    0.00   97.00
02:32:23 AM    5    1.01    1.01    0.00    0.00    0.00    0.00    0.00    0.00    0.00   97.98
02:32:23 AM    6    2.02    0.00    1.01    0.00    0.00    0.00    0.00    0.00    0.00   96.97
02:32:23 AM    7    2.02    0.00    0.00    0.00    0.00    0.00    0.00    0.00    0.00   97.98
02:32:23 AM    8    1.00    0.00    0.00    0.00    0.00    0.00    0.00    0.00    0.00   99.00
02:32:23 AM    9    1.01    0.00    0.00    0.00    0.00    0.00    0.00    0.00    0.00   98.99
02:32:23 AM   10    2.97    0.00    0.99    0.00    0.00    0.00    0.00    0.00    0.00   96.04
02:32:23 AM   11    2.00    0.00    0.00    0.00    0.00    0.00    0.00    0.00    0.00   98.00
02:32:23 AM   12    1.01    0.00    1.01    0.00    0.00    0.00    0.00    0.00    0.00   97.98
02:32:23 AM   13    1.01    0.00    1.01    0.00    0.00    0.00    0.00    0.00    0.00   97.98
02:32:23 AM   14    2.00    0.00    1.00    0.00    0.00    0.00    0.00    0.00    0.00   97.00
02:32:23 AM   15    1.01    0.00    0.00    0.00    0.00    0.00    0.00    0.00    0.00   98.99
02:32:23 AM   16    1.02    0.00    0.00    0.00    0.00    0.00    0.00    0.00    0.00   98.98
02:32:23 AM   17    1.02    0.00    0.00    0.00    0.00    0.00    0.00    0.00    0.00   98.98
02:32:23 AM   18    2.00    0.00    0.00    0.00    0.00    0.00    0.00    0.00    0.00   98.00
02:32:23 AM   19    1.01    0.00    0.00    0.00    0.00    0.00    0.00    0.00    0.00   98.99
02:32:23 AM   20    3.37    0.00   15.73    0.00    0.00    8.99    0.00    0.00    0.00   71.91
02:32:23 AM   21    0.00    0.00    8.24    0.00    0.00   10.59    0.00    0.00    0.00   81.18
02:32:23 AM   22    2.04    0.00    0.00    0.00    0.00    0.00    0.00    0.00    0.00   97.96
02:32:23 AM   23    1.00    0.00    1.00    0.00    0.00    0.00    0.00    0.00    0.00   98.00
02:32:23 AM   24    0.00    0.00    1.00    0.00    0.00    0.00    0.00    0.00    0.00   99.00
02:32:23 AM   25    0.00    0.00    0.00    0.00    0.00    0.00    0.00    0.00    0.00  100.00
02:32:23 AM   26    1.01    0.00    0.00    0.00    0.00    0.00    0.00    0.00    0.00   98.99
02:32:23 AM   27    1.01    0.00    0.00    0.00    0.00    0.00    0.00    0.00    0.00   98.99
02:32:23 AM   28    1.01    0.00    0.00    0.00    0.00    0.00    0.00    0.00    0.00   98.99
02:32:23 AM   29    1.00    0.00    0.00    0.00    0.00    0.00    0.00    0.00    0.00   99.00
02:32:23 AM   30    1.00    0.00    1.00    0.00    0.00    0.00    0.00    0.00    0.00   98.00
02:32:23 AM   31    1.01    0.00    0.00    0.00    0.00    0.00    0.00    0.00    0.00   98.99
02:32:23 AM   32    0.00    0.00    1.01    0.00    0.00    0.00    0.00    0.00    0.00   98.99
02:32:23 AM   33    0.99    0.00    0.99    0.00    0.00    0.00    0.00    0.00    0.00   98.02
02:32:23 AM   34    0.00    0.00    1.00    0.00    0.00    0.00    0.00    0.00    0.00   99.00
02:32:23 AM   35    2.00    0.00    0.00    0.00    0.00    0.00    0.00    0.00    0.00   98.00

02:32:23 AM  CPU    %usr   %nice    %sys %iowait    %irq   %soft  %steal  %guest  %gnice   %idle
02:32:24 AM  all    0.90    0.00    1.15    0.14    0.00    0.65    0.00    0.00    0.00   97.16
02:32:24 AM    0    1.01    0.00    0.00    0.00    0.00    2.02    0.00    0.00    0.00   96.97
02:32:24 AM    1    1.01    0.00    0.00    0.00    0.00    1.01    0.00    0.00    0.00   97.98
02:32:24 AM    2    4.00    0.00    6.00    1.00    0.00    0.00    0.00    0.00    0.00   89.00
02:32:24 AM    3    1.01    0.00    0.00    0.00    0.00    0.00    0.00    0.00    0.00   98.99
02:32:24 AM    4    0.00    0.00    1.02    0.00    0.00    0.00    0.00    0.00    0.00   98.98
02:32:24 AM    5    1.00    0.00    2.00    0.00    0.00    0.00    0.00    0.00    0.00   97.00
02:32:24 AM    6    1.02    0.00    0.00    0.00    0.00    0.00    0.00    0.00    0.00   98.98
02:32:24 AM    7    0.00    0.00    1.01    1.01    0.00    0.00    0.00    0.00    0.00   97.98
02:32:24 AM    8    0.00    0.00    0.00    0.00    0.00    0.00    0.00    0.00    0.00  100.00
02:32:24 AM    9    1.00    0.00    1.00    0.00    0.00    1.00    0.00    0.00    0.00   97.00
02:32:24 AM   10    0.00    0.00    0.00    0.00    0.00    0.00    0.00    0.00    0.00  100.00
02:32:24 AM   11    1.00    0.00    1.00    0.00    0.00    0.00    0.00    0.00    0.00   98.00
02:32:24 AM   12    2.02    0.00    0.00    0.00    0.00    0.00    0.00    0.00    0.00   97.98
02:32:24 AM   13    2.00    0.00    0.00    0.00    0.00    0.00    0.00    0.00    0.00   98.00
02:32:24 AM   14    1.01    0.00    1.01    0.00    0.00    0.00    0.00    0.00    0.00   97.98
02:32:24 AM   15    1.01    0.00    0.00    0.00    0.00    0.00    0.00    0.00    0.00   98.99
02:32:24 AM   16    1.00    0.00    1.00    0.00    0.00    0.00    0.00    0.00    0.00   98.00
02:32:24 AM   17    2.00    0.00    0.00    0.00    0.00    0.00    0.00    0.00    0.00   98.00
02:32:24 AM   18    0.00    0.00    2.00    0.00    0.00    0.00    0.00    0.00    0.00   98.00
02:32:24 AM   19    0.00    0.00    1.00    0.00    0.00    0.00    0.00    0.00    0.00   99.00
02:32:24 AM   20    3.33    0.00   14.44    0.00    0.00   11.11    0.00    0.00    0.00   71.11
02:32:24 AM   21    0.00    0.00    4.82    0.00    0.00   10.84    0.00    0.00    0.00   84.34
02:32:24 AM   22    0.00    0.00    0.00    0.00    0.00    0.00    0.00    0.00    0.00  100.00
02:32:24 AM   23    0.00    0.00    0.00    0.00    0.00    0.00    0.00    0.00    0.00  100.00
02:32:24 AM   24    1.00    0.00    0.00    0.00    0.00    0.00    0.00    0.00    0.00   99.00
02:32:24 AM   25    0.00    0.00    1.01    0.00    0.00    0.00    0.00    0.00    0.00   98.99
02:32:24 AM   26    0.00    0.00    0.00    0.00    0.00    0.00    0.00    0.00    0.00  100.00
02:32:24 AM   27    1.00    0.00    1.00    0.00    0.00    0.00    0.00    0.00    0.00   98.00
02:32:24 AM   28    1.01    0.00    1.01    0.00    0.00    0.00    0.00    0.00    0.00   97.98
02:32:24 AM   29    0.00    0.00    1.00    1.00    0.00    0.00    0.00    0.00    0.00   98.00
02:32:24 AM   30    0.00    0.00    0.00    0.00    0.00    0.00    0.00    0.00    0.00  100.00
02:32:24 AM   31    0.99    0.00    1.98    0.00    0.00    0.00    0.00    0.00    0.00   97.03
02:32:24 AM   32    1.00    0.00    0.00    1.00    0.00    0.00    0.00    0.00    0.00   98.00
02:32:24 AM   33    1.01    0.00    0.00    0.00    0.00    0.00    0.00    0.00    0.00   98.99
02:32:24 AM   34    0.99    0.00    0.99    0.99    0.00    0.00    0.00    0.00    0.00   97.03
02:32:24 AM   35    2.00    0.00    0.00    0.00    0.00    0.00    0.00    0.00    0.00   98.00

02:32:24 AM  CPU    %usr   %nice    %sys %iowait    %irq   %soft  %steal  %guest  %gnice   %idle
02:32:25 AM  all    1.18    0.03    1.12    0.00    0.00    0.53    0.00    0.00    0.00   97.13
02:32:25 AM    0    1.00    0.00    1.00    0.00    0.00    1.00    0.00    0.00    0.00   97.00
02:32:25 AM    1    3.03    0.00    0.00    0.00    0.00    0.00    0.00    0.00    0.00   96.97
02:32:25 AM    2    0.99    0.00    1.98    0.00    0.00    0.00    0.00    0.00    0.00   97.03
02:32:25 AM    3    0.00    0.00    0.00    0.00    0.00    0.00    0.00    0.00    0.00  100.00
02:32:25 AM    4    1.01    0.00    0.00    0.00    0.00    0.00    0.00    0.00    0.00   98.99
02:32:25 AM    5    0.00    0.00    0.00    0.00    0.00    0.00    0.00    0.00    0.00  100.00
02:32:25 AM    6    1.00    1.00    0.00    0.00    0.00    0.00    0.00    0.00    0.00   98.00
02:32:25 AM    7    2.00    0.00    0.00    0.00    0.00    0.00    0.00    0.00    0.00   98.00
02:32:25 AM    8    1.01    0.00    0.00    0.00    0.00    0.00    0.00    0.00    0.00   98.99
02:32:25 AM    9    1.03    0.00    0.00    0.00    0.00    0.00    0.00    0.00    0.00   98.97
02:32:25 AM   10    1.96    0.00    0.98    0.00    0.00    0.00    0.00    0.00    0.00   97.06
02:32:25 AM   11    1.98    0.00    0.00    0.00    0.00    0.00    0.00    0.00    0.00   98.02
02:32:25 AM   12    1.00    0.00    1.00    0.00    0.00    0.00    0.00    0.00    0.00   98.00
02:32:25 AM   13    1.00    0.00    1.00    0.00    0.00    0.00    0.00    0.00    0.00   98.00
02:32:25 AM   14    5.05    0.00    0.00    0.00    0.00    0.00    0.00    0.00    0.00   94.95
02:32:25 AM   15    1.00    0.00    0.00    0.00    0.00    0.00    0.00    0.00    0.00   99.00
02:32:25 AM   16    1.00    0.00    0.00    0.00    0.00    0.00    0.00    0.00    0.00   99.00
02:32:25 AM   17    3.03    0.00    6.06    0.00    0.00    0.00    0.00    0.00    0.00   90.91
02:32:25 AM   18    4.04    0.00    2.02    0.00    0.00    0.00    0.00    0.00    0.00   93.94
02:32:25 AM   19    0.98    0.00    1.96    0.00    0.00    0.00    0.00    0.00    0.00   97.06
02:32:25 AM   20    2.27    0.00   15.91    0.00    0.00    9.09    0.00    0.00    0.00   72.73
02:32:25 AM   21    1.16    0.00    6.98    0.00    0.00   11.63    0.00    0.00    0.00   80.23
02:32:25 AM   22    0.00    0.00    0.00    0.00    0.00    0.00    0.00    0.00    0.00  100.00
02:32:25 AM   23    1.01    0.00    0.00    0.00    0.00    0.00    0.00    0.00    0.00   98.99
02:32:25 AM   24    0.00    0.00    0.00    0.00    0.00    0.00    0.00    0.00    0.00  100.00
02:32:25 AM   25    1.00    0.00    1.00    0.00    0.00    0.00    0.00    0.00    0.00   98.00
02:32:25 AM   26    1.01    0.00    0.00    0.00    0.00    0.00    0.00    0.00    0.00   98.99
02:32:25 AM   27    0.00    0.00    0.00    0.00    0.00    0.00    0.00    0.00    0.00  100.00
02:32:25 AM   28    0.00    0.00    0.00    0.00    0.00    0.00    0.00    0.00    0.00  100.00
02:32:25 AM   29    1.01    0.00    0.00    0.00    0.00    0.00    0.00    0.00    0.00   98.99
02:32:25 AM   30    0.00    0.00    0.00    0.00    0.00    0.00    0.00    0.00    0.00  100.00
02:32:25 AM   31    0.00    0.00    1.01    0.00    0.00    0.00    0.00    0.00    0.00   98.99
02:32:25 AM   32    0.00    0.00    0.00    0.00    0.00    0.00    0.00    0.00    0.00  100.00
02:32:25 AM   33    2.00    0.00    0.00    0.00    0.00    0.00    0.00    0.00    0.00   98.00
02:32:25 AM   34    0.00    0.00    1.00    0.00    0.00    0.00    0.00    0.00    0.00   99.00
02:32:25 AM   35    0.99    0.00    0.99    0.00    0.00    0.00    0.00    0.00    0.00   98.02

02:32:25 AM  CPU    %usr   %nice    %sys %iowait    %irq   %soft  %steal  %guest  %gnice   %idle
02:32:26 AM  all    0.65    0.00    0.93    0.06    0.00    0.48    0.00    0.00    0.00   97.88
02:32:26 AM    0    0.00    0.00    0.00    0.00    0.00    0.00    0.00    0.00    0.00  100.00
02:32:26 AM    1    1.00    0.00    1.00    0.00    0.00    0.00    0.00    0.00    0.00   98.00
02:32:26 AM    2    0.00    0.00    0.00    0.00    0.00    0.00    0.00    0.00    0.00  100.00
02:32:26 AM    3    2.00    0.00    0.00    0.00    0.00    0.00    0.00    0.00    0.00   98.00
02:32:26 AM    4    1.00    0.00    0.00    0.00    0.00    1.00    0.00    0.00    0.00   98.00
02:32:26 AM    5    0.00    0.00    1.01    0.00    0.00    0.00    0.00    0.00    0.00   98.99
02:32:26 AM    6    1.01    0.00    1.01    0.00    0.00    0.00    0.00    0.00    0.00   97.98
02:32:26 AM    7    0.00    0.00    0.00    0.00    0.00    0.00    0.00    0.00    0.00  100.00
02:32:26 AM    8    1.01    0.00    0.00    0.00    0.00    0.00    0.00    0.00    0.00   98.99
02:32:26 AM    9    0.99    0.00    0.99    0.00    0.00    0.00    0.00    0.00    0.00   98.02
02:32:26 AM   10    0.00    0.00    0.00    0.00    0.00    0.00    0.00    0.00    0.00  100.00
02:32:26 AM   11    1.01    0.00    0.00    0.00    0.00    0.00    0.00    0.00    0.00   98.99
02:32:26 AM   12    0.00    0.00    1.02    0.00    0.00    0.00    0.00    0.00    0.00   98.98
02:32:26 AM   13    1.01    0.00    0.00    0.00    0.00    0.00    0.00    0.00    0.00   98.99
02:32:26 AM   14    0.00    0.00    0.00    1.02    0.00    0.00    0.00    0.00    0.00   98.98
02:32:26 AM   15    1.00    0.00    0.00    0.00    0.00    0.00    0.00    0.00    0.00   99.00
02:32:26 AM   16    0.00    0.00    1.01    0.00    0.00    0.00    0.00    0.00    0.00   98.99
02:32:26 AM   17    1.01    0.00    0.00    0.00    0.00    0.00    0.00    0.00    0.00   98.99
02:32:26 AM   18    0.00    0.00    1.00    0.00    0.00    0.00    0.00    0.00    0.00   99.00
02:32:26 AM   19    1.98    0.00    0.00    0.00    0.00    0.00    0.00    0.00    0.00   98.02
02:32:26 AM   20    2.25    0.00   19.10    0.00    0.00    7.87    0.00    0.00    0.00   70.79
02:32:26 AM   21    0.00    0.00    7.06    0.00    0.00   10.59    0.00    0.00    0.00   82.35
02:32:26 AM   22    1.01    0.00    0.00    0.00    0.00    0.00    0.00    0.00    0.00   98.99
02:32:26 AM   23    0.00    0.00    0.00    0.00    0.00    0.00    0.00    0.00    0.00  100.00
02:32:26 AM   24    0.00    0.00    0.00    0.00    0.00    0.00    0.00    0.00    0.00  100.00
02:32:26 AM   25    1.01    0.00    0.00    0.00    0.00    0.00    0.00    0.00    0.00   98.99
02:32:26 AM   26    0.00    0.00    1.00    1.00    0.00    0.00    0.00    0.00    0.00   98.00
02:32:26 AM   27    1.02    0.00    0.00    0.00    0.00    0.00    0.00    0.00    0.00   98.98
02:32:26 AM   28    0.00    0.00    0.00    0.00    0.00    0.00    0.00    0.00    0.00  100.00
02:32:26 AM   29    0.00    0.00    0.00    0.00    0.00    0.00    0.00    0.00    0.00  100.00
02:32:26 AM   30    0.00    0.00    0.00    0.00    0.00    0.00    0.00    0.00    0.00  100.00
02:32:26 AM   31    1.00    0.00    1.00    0.00    0.00    0.00    0.00    0.00    0.00   98.00
02:32:26 AM   32    0.00    0.00    0.00    0.00    0.00    0.00    0.00    0.00    0.00  100.00
02:32:26 AM   33    1.01    0.00    0.00    0.00    0.00    0.00    0.00    0.00    0.00   98.99
02:32:26 AM   34    1.98    0.00    0.99    0.00    0.00    0.00    0.00    0.00    0.00   97.03
02:32:26 AM   35    1.00    0.00    0.00    0.00    0.00    0.00    0.00    0.00    0.00   99.00

02:32:26 AM  CPU    %usr   %nice    %sys %iowait    %irq   %soft  %steal  %guest  %gnice   %idle
02:32:27 AM  all    0.92    0.06    1.17    0.06    0.00    0.53    0.00    0.00    0.00   97.26
02:32:27 AM    0    0.00    0.00    1.01    0.00    0.00    1.01    0.00    0.00    0.00   97.98
02:32:27 AM    1    2.02    0.00    0.00    0.00    0.00    0.00    0.00    0.00    0.00   97.98
02:32:27 AM    2    1.00    0.00    0.00    0.00    0.00    0.00    0.00    0.00    0.00   99.00
02:32:27 AM    3    1.96    0.00    0.98    0.00    0.00    0.00    0.00    0.00    0.00   97.06
02:32:27 AM    4    1.00    0.00    1.00    0.00    0.00    0.00    0.00    0.00    0.00   98.00
02:32:27 AM    5    1.98    0.00    0.99    0.00    0.00    0.00    0.00    0.00    0.00   97.03
02:32:27 AM    6    2.91    0.97    0.97    0.97    0.00    0.00    0.00    0.00    0.00   94.17
02:32:27 AM    7    0.00    0.00    1.01    1.01    0.00    0.00    0.00    0.00    0.00   97.98
02:32:27 AM    8    1.98    0.00    0.99    0.00    0.00    0.00    0.00    0.00    0.00   97.03
02:32:27 AM    9    0.99    0.99    0.00    0.00    0.00    0.99    0.00    0.00    0.00   97.03
02:32:27 AM   10    1.00    0.00    0.00    0.00    0.00    0.00    0.00    0.00    0.00   99.00
02:32:27 AM   11    1.98    0.00    0.99    0.00    0.00    0.00    0.00    0.00    0.00   97.03
02:32:27 AM   12    0.00    0.00    1.01    0.00    0.00    0.00    0.00    0.00    0.00   98.99
02:32:27 AM   13    0.00    0.00    0.00    0.00    0.00    0.00    0.00    0.00    0.00  100.00
02:32:27 AM   14    0.99    0.00    0.99    0.00    0.00    0.00    0.00    0.00    0.00   98.02
02:32:27 AM   15    0.00    0.00    0.00    0.00    0.00    0.00    0.00    0.00    0.00  100.00
02:32:27 AM   16    1.00    0.00    0.00    0.00    0.00    0.00    0.00    0.00    0.00   99.00
02:32:27 AM   17    1.98    0.00    7.92    0.00    0.00    0.99    0.00    0.00    0.00   89.11
02:32:27 AM   18    0.00    0.00    0.00    0.00    0.00    0.00    0.00    0.00    0.00  100.00
02:32:27 AM   19    0.99    0.00    0.00    0.00    0.00    0.00    0.00    0.00    0.00   99.01
02:32:27 AM   20    3.37    0.00   15.73    0.00    0.00    8.99    0.00    0.00    0.00   71.91
02:32:27 AM   21    1.19    0.00    7.14    0.00    0.00    9.52    0.00    0.00    0.00   82.14
02:32:27 AM   22    0.00    0.00    0.00    0.00    0.00    0.00    0.00    0.00    0.00  100.00
02:32:27 AM   23    1.00    0.00    0.00    0.00    0.00    0.00    0.00    0.00    0.00   99.00
02:32:27 AM   24    0.99    0.00    0.99    0.00    0.00    0.00    0.00    0.00    0.00   98.02
02:32:27 AM   25    0.99    0.00    0.99    0.00    0.00    0.00    0.00    0.00    0.00   98.02
02:32:27 AM   26    0.00    0.00    0.00    0.00    0.00    0.00    0.00    0.00    0.00  100.00
02:32:27 AM   27    0.00    0.00    0.00    0.00    0.00    0.00    0.00    0.00    0.00  100.00
02:32:27 AM   28    1.00    0.00    0.00    0.00    0.00    0.00    0.00    0.00    0.00   99.00
02:32:27 AM   29    0.00    0.00    0.00    0.00    0.00    0.00    0.00    0.00    0.00  100.00
02:32:27 AM   30    0.00    0.00    0.00    0.00    0.00    0.00    0.00    0.00    0.00  100.00
02:32:27 AM   31    1.00    0.00    0.00    0.00    0.00    0.00    0.00    0.00    0.00   99.00
02:32:27 AM   32    0.99    0.00    0.99    0.00    0.00    0.00    0.00    0.00    0.00   98.02
02:32:27 AM   33    0.99    0.00    0.99    0.00    0.00    0.00    0.00    0.00    0.00   98.02
02:32:27 AM   34    0.00    0.00    0.00    0.00    0.00    0.00    0.00    0.00    0.00  100.00
02:32:27 AM   35    0.00    0.00    0.00    0.00    0.00    0.00    0.00    0.00    0.00  100.00

02:32:27 AM  CPU    %usr   %nice    %sys %iowait    %irq   %soft  %steal  %guest  %gnice   %idle
02:32:28 AM  all    0.56    0.00    0.96    0.00    0.00    0.59    0.00    0.00    0.00   97.89
02:32:28 AM    0    1.02    0.00    0.00    0.00    0.00    0.00    0.00    0.00    0.00   98.98
02:32:28 AM    1    0.00    0.00    0.00    0.00    0.00    0.00    0.00    0.00    0.00  100.00
02:32:28 AM    2    1.00    0.00    0.00    0.00    0.00    0.00    0.00    0.00    0.00   99.00
02:32:28 AM    3    0.00    0.00    0.00    0.00    0.00    0.00    0.00    0.00    0.00  100.00
02:32:28 AM    4    0.00    0.00    1.01    0.00    0.00    0.00    0.00    0.00    0.00   98.99
02:32:28 AM    5    1.01    0.00    0.00    0.00    0.00    0.00    0.00    0.00    0.00   98.99
02:32:28 AM    6    0.00    0.00    0.00    0.00    0.00    0.00    0.00    0.00    0.00  100.00
02:32:28 AM    7    0.00    0.00    1.00    0.00    0.00    0.00    0.00    0.00    0.00   99.00
02:32:28 AM    8    0.00    0.00    0.00    0.00    0.00    0.00    0.00    0.00    0.00  100.00
02:32:28 AM    9    2.02    0.00    0.00    0.00    0.00    0.00    0.00    0.00    0.00   97.98
02:32:28 AM   10    0.00    0.00    1.01    0.00    0.00    0.00    0.00    0.00    0.00   98.99
02:32:28 AM   11    0.99    0.00    0.99    0.00    0.00    0.00    0.00    0.00    0.00   98.02
02:32:28 AM   12    0.00    0.00    0.00    0.00    0.00    0.00    0.00    0.00    0.00  100.00
02:32:28 AM   13    1.01    0.00    0.00    0.00    0.00    0.00    0.00    0.00    0.00   98.99
02:32:28 AM   14    1.02    0.00    0.00    0.00    0.00    0.00    0.00    0.00    0.00   98.98
02:32:28 AM   15    0.98    0.00    1.96    0.00    0.00    0.00    0.00    0.00    0.00   97.06
02:32:28 AM   16    1.01    0.00    0.00    0.00    0.00    0.00    0.00    0.00    0.00   98.99
02:32:28 AM   17    2.02    0.00    6.06    0.00    0.00    0.00    0.00    0.00    0.00   91.92
02:32:28 AM   18    1.00    0.00    0.00    0.00    0.00    0.00    0.00    0.00    0.00   99.00
02:32:28 AM   19    0.00    0.00    1.00    0.00    0.00    0.00    0.00    0.00    0.00   99.00
02:32:28 AM   20    3.30    0.00   14.29    0.00    0.00   12.09    0.00    0.00    0.00   70.33
02:32:28 AM   21    1.16    0.00    6.98    0.00    0.00   10.47    0.00    0.00    0.00   81.40
02:32:28 AM   22    0.00    0.00    0.98    0.00    0.00    0.98    0.00    0.00    0.00   98.04
02:32:28 AM   23    0.00    0.00    0.00    0.00    0.00    0.00    0.00    0.00    0.00  100.00
02:32:28 AM   24    0.99    0.00    0.99    0.00    0.00    0.00    0.00    0.00    0.00   98.02
02:32:28 AM   25    0.00    0.00    0.00    0.00    0.00    0.00    0.00    0.00    0.00  100.00
02:32:28 AM   26    1.00    0.00    0.00    0.00    0.00    0.00    0.00    0.00    0.00   99.00
02:32:28 AM   27    0.00    0.00    0.00    0.00    0.00    0.00    0.00    0.00    0.00  100.00
02:32:28 AM   28    0.00    0.00    0.00    0.00    0.00    0.00    0.00    0.00    0.00  100.00
02:32:28 AM   29    0.00    0.00    0.00    0.00    0.00    0.00    0.00    0.00    0.00  100.00
02:32:28 AM   30    0.00    0.00    0.00    0.00    0.00    0.00    0.00    0.00    0.00  100.00
02:32:28 AM   31    0.00    0.00    0.00    0.00    0.00    0.00    0.00    0.00    0.00  100.00
02:32:28 AM   32    0.00    0.00    0.00    0.00    0.00    0.00    0.00    0.00    0.00  100.00
02:32:28 AM   33    1.00    0.00    0.00    0.00    0.00    0.00    0.00    0.00    0.00   99.00
02:32:28 AM   34    0.00    0.00    0.00    0.00    0.00    0.00    0.00    0.00    0.00  100.00
02:32:28 AM   35    0.00    0.00    0.00    0.00    0.00    0.00    0.00    0.00    0.00  100.00

02:32:28 AM  CPU    %usr   %nice    %sys %iowait    %irq   %soft  %steal  %guest  %gnice   %idle
02:32:29 AM  all    0.59    0.00    0.93    0.11    0.00    0.48    0.00    0.00    0.00   97.89
02:32:29 AM    0    0.00    0.00    1.02    0.00    0.00    0.00    0.00    0.00    0.00   98.98
02:32:29 AM    1    0.99    0.00    0.99    0.00    0.00    0.00    0.00    0.00    0.00   98.02
02:32:29 AM    2    1.01    0.00    0.00    0.00    0.00    0.00    0.00    0.00    0.00   98.99
02:32:29 AM    3    0.00    0.00    1.01    0.00    0.00    0.00    0.00    0.00    0.00   98.99
02:32:29 AM    4    0.99    0.00    0.99    0.00    0.00    0.00    0.00    0.00    0.00   98.02
02:32:29 AM    5    1.00    0.00    0.00    1.00    0.00    0.00    0.00    0.00    0.00   98.00
02:32:29 AM    6    1.00    0.00    0.00    1.00    0.00    0.00    0.00    0.00    0.00   98.00
02:32:29 AM    7    1.01    0.00    0.00    0.00    0.00    0.00    0.00    0.00    0.00   98.99
02:32:29 AM    8    0.00    0.00    0.00    0.00    0.00    0.00    0.00    0.00    0.00  100.00
02:32:29 AM    9    0.00    0.00    1.00    1.00    0.00    0.00    0.00    0.00    0.00   98.00
02:32:29 AM   10    1.00    0.00    0.00    0.00    0.00    0.00    0.00    0.00    0.00   99.00
02:32:29 AM   11    1.00    0.00    0.00    0.00    0.00    0.00    0.00    0.00    0.00   99.00
02:32:29 AM   12    1.00    0.00    0.00    1.00    0.00    0.00    0.00    0.00    0.00   98.00
02:32:29 AM   13    0.00    0.00    0.00    0.00    0.00    0.00    0.00    0.00    0.00  100.00
02:32:29 AM   14    2.00    0.00    0.00    0.00    0.00    0.00    0.00    0.00    0.00   98.00
02:32:29 AM   15    1.01    0.00    0.00    0.00    0.00    0.00    0.00    0.00    0.00   98.99
02:32:29 AM   16    1.01    0.00    0.00    0.00    0.00    0.00    0.00    0.00    0.00   98.99
02:32:29 AM   17    2.00    0.00    0.00    0.00    0.00    0.00    0.00    0.00    0.00   98.00
02:32:29 AM   18    1.01    0.00    0.00    0.00    0.00    0.00    0.00    0.00    0.00   98.99
02:32:29 AM   19    1.01    0.00    0.00    0.00    0.00    0.00    0.00    0.00    0.00   98.99
02:32:29 AM   20    0.00    0.00   16.85    0.00    0.00   10.11    0.00    0.00    0.00   73.03
02:32:29 AM   21    0.00    0.00    8.43    0.00    0.00    9.64    0.00    0.00    0.00   81.93
02:32:29 AM   22    0.00    0.00    0.00    0.00    0.00    0.00    0.00    0.00    0.00  100.00
02:32:29 AM   23    0.00    0.00    1.01    0.00    0.00    0.00    0.00    0.00    0.00   98.99
02:32:29 AM   24    0.00    0.00    0.00    0.00    0.00    0.00    0.00    0.00    0.00  100.00
02:32:29 AM   25    1.00    0.00    1.00    0.00    0.00    0.00    0.00    0.00    0.00   98.00
02:32:29 AM   26    0.00    0.00    1.01    0.00    0.00    0.00    0.00    0.00    0.00   98.99
02:32:29 AM   27    0.00    0.00    1.00    0.00    0.00    0.00    0.00    0.00    0.00   99.00
02:32:29 AM   28    1.00    0.00    0.00    0.00    0.00    0.00    0.00    0.00    0.00   99.00
02:32:29 AM   29    1.01    0.00    0.00    0.00    0.00    0.00    0.00    0.00    0.00   98.99
02:32:29 AM   30    1.01    0.00    0.00    0.00    0.00    0.00    0.00    0.00    0.00   98.99
02:32:29 AM   31    0.00    0.00    0.00    0.00    0.00    0.00    0.00    0.00    0.00  100.00
02:32:29 AM   32    0.00    0.00    1.01    0.00    0.00    0.00    0.00    0.00    0.00   98.99
02:32:29 AM   33    0.00    0.00    1.01    0.00    0.00    0.00    0.00    0.00    0.00   98.99
02:32:29 AM   34    0.00    0.00    0.00    0.00    0.00    0.00    0.00    0.00    0.00  100.00
02:32:29 AM   35    0.00    0.00    0.00    0.00    0.00    0.00    0.00    0.00    0.00  100.00

02:32:29 AM  CPU    %usr   %nice    %sys %iowait    %irq   %soft  %steal  %guest  %gnice   %idle
02:32:30 AM  all    0.51    0.00    1.04    0.06    0.00    0.48    0.00    0.00    0.00   97.91
02:32:30 AM    0    1.01    0.00    1.01    0.00    0.00    0.00    0.00    0.00    0.00   97.98
02:32:30 AM    1    0.00    0.00    1.01    0.00    0.00    0.00    0.00    0.00    0.00   98.99
02:32:30 AM    2    0.00    0.00    0.00    0.00    0.00    0.00    0.00    0.00    0.00  100.00
02:32:30 AM    3    0.00    0.00    0.00    0.00    0.00    0.00    0.00    0.00    0.00  100.00
02:32:30 AM    4    1.01    0.00    0.00    0.00    0.00    0.00    0.00    0.00    0.00   98.99
02:32:30 AM    5    0.00    0.00    0.00    0.00    0.00    0.00    0.00    0.00    0.00  100.00
02:32:30 AM    6    0.00    0.00    1.00    0.00    0.00    0.00    0.00    0.00    0.00   99.00
02:32:30 AM    7    0.00    0.00    0.00    0.00    0.00    0.00    0.00    0.00    0.00  100.00
02:32:30 AM    8    0.00    0.00    0.00    1.01    0.00    0.00    0.00    0.00    0.00   98.99
02:32:30 AM    9    0.00    0.00    0.00    0.00    0.00    0.00    0.00    0.00    0.00  100.00
02:32:30 AM   10    2.02    0.00    1.01    0.00    0.00    0.00    0.00    0.00    0.00   96.97
02:32:30 AM   11    0.00    0.00    1.00    1.00    0.00    0.00    0.00    0.00    0.00   98.00
02:32:30 AM   12    1.00    0.00    0.00    0.00    0.00    0.00    0.00    0.00    0.00   99.00
02:32:30 AM   13    0.00    0.00    0.00    0.00    0.00    0.00    0.00    0.00    0.00  100.00
02:32:30 AM   14    0.00    0.00    1.01    0.00    0.00    0.00    0.00    0.00    0.00   98.99
02:32:30 AM   15    2.00    0.00    0.00    0.00    0.00    0.00    0.00    0.00    0.00   98.00
02:32:30 AM   16    2.02    0.00    0.00    0.00    0.00    0.00    0.00    0.00    0.00   97.98
02:32:30 AM   17    1.01    0.00    7.07    0.00    0.00    0.00    0.00    0.00    0.00   91.92
02:32:30 AM   18    0.00    0.00    0.00    0.00    0.00    0.00    0.00    0.00    0.00  100.00
02:32:30 AM   19    0.00    0.00    0.00    0.00    0.00    0.00    0.00    0.00    0.00  100.00
02:32:30 AM   20    2.20    0.00   16.48    0.00    0.00   10.99    0.00    0.00    0.00   70.33
02:32:30 AM   21    0.00    0.00    7.32    0.00    0.00    8.54    0.00    0.00    0.00   84.15
02:32:30 AM   22    0.00    0.00    0.00    0.00    0.00    0.00    0.00    0.00    0.00  100.00
02:32:30 AM   23    0.00    0.00    0.00    0.00    0.00    0.00    0.00    0.00    0.00  100.00
02:32:30 AM   24    0.00    0.00    0.00    0.00    0.00    0.00    0.00    0.00    0.00  100.00
02:32:30 AM   25    1.01    0.00    0.00    0.00    0.00    0.00    0.00    0.00    0.00   98.99
02:32:30 AM   26    0.00    0.00    0.00    0.00    0.00    0.00    0.00    0.00    0.00  100.00
02:32:30 AM   27    0.00    0.00    0.00    0.00    0.00    0.00    0.00    0.00    0.00  100.00
02:32:30 AM   28    0.00    0.00    1.00    0.00    0.00    0.00    0.00    0.00    0.00   99.00
02:32:30 AM   29    1.00    0.00    0.00    0.00    0.00    0.00    0.00    0.00    0.00   99.00
02:32:30 AM   30    0.99    0.00    0.99    0.00    0.00    0.00    0.00    0.00    0.00   98.02
02:32:30 AM   31    1.00    0.00    1.00    0.00    0.00    0.00    0.00    0.00    0.00   98.00
02:32:30 AM   32    0.00    0.00    0.00    0.00    0.00    0.00    0.00    0.00    0.00  100.00
02:32:30 AM   33    1.00    0.00    0.00    0.00    0.00    0.00    0.00    0.00    0.00   99.00
02:32:30 AM   34    0.00    0.00    0.00    0.00    0.00    0.00    0.00    0.00    0.00  100.00
02:32:30 AM   35    1.01    0.00    0.00    0.00    0.00    0.00    0.00    0.00    0.00   98.99

02:32:30 AM  CPU    %usr   %nice    %sys %iowait    %irq   %soft  %steal  %guest  %gnice   %idle
02:32:31 AM  all    1.10    0.00    0.99    0.03    0.00    0.56    0.00    0.00    0.00   97.32
02:32:31 AM    0    1.02    0.00    0.00    0.00    0.00    1.02    0.00    0.00    0.00   97.96
02:32:31 AM    1    2.00    0.00    1.00    0.00    0.00    0.00    0.00    0.00    0.00   97.00
02:32:31 AM    2    1.00    0.00    1.00    0.00    0.00    0.00    0.00    0.00    0.00   98.00
02:32:31 AM    3    0.00    0.00    0.00    0.00    0.00    0.00    0.00    0.00    0.00  100.00
02:32:31 AM    4    0.00    0.00    0.00    0.00    0.00    0.00    0.00    0.00    0.00  100.00
02:32:31 AM    5    0.00    0.00    0.00    0.00    0.00    0.00    0.00    0.00    0.00  100.00
02:32:31 AM    6    1.01    0.00    0.00    0.00    0.00    0.00    0.00    0.00    0.00   98.99
02:32:31 AM    7    1.98    0.00    0.99    0.00    0.00    0.00    0.00    0.00    0.00   97.03
02:32:31 AM    8    0.99    0.00    0.99    0.00    0.00    0.00    0.00    0.00    0.00   98.02
02:32:31 AM    9    1.01    0.00    0.00    0.00    0.00    0.00    0.00    0.00    0.00   98.99
02:32:31 AM   10    1.00    0.00    0.00    0.00    0.00    0.00    0.00    0.00    0.00   99.00
02:32:31 AM   11    2.00    0.00    1.00    0.00    0.00    0.00    0.00    0.00    0.00   97.00
02:32:31 AM   12    0.00    0.00    0.00    0.00    0.00    0.00    0.00    0.00    0.00  100.00
02:32:31 AM   13    0.00    0.00    0.00    0.00    0.00    0.00    0.00    0.00    0.00  100.00
02:32:31 AM   14    0.00    0.00    0.00    0.00    0.00    0.00    0.00    0.00    0.00  100.00
02:32:31 AM   15    0.00    0.00    0.00    0.00    0.00    1.00    0.00    0.00    0.00   99.00
02:32:31 AM   16   10.10    0.00    1.01    0.00    0.00    0.00    0.00    0.00    0.00   88.89
02:32:31 AM   17    2.00    0.00    3.00    0.00    0.00    0.00    0.00    0.00    0.00   95.00
02:32:31 AM   18    1.00    0.00    1.00    0.00    0.00    0.00    0.00    0.00    0.00   98.00
02:32:31 AM   19    1.01    0.00    0.00    0.00    0.00    0.00    0.00    0.00    0.00   98.99
02:32:31 AM   20    2.25    0.00   14.61    0.00    0.00   11.24    0.00    0.00    0.00   71.91
02:32:31 AM   21    1.19    0.00    7.14    0.00    0.00    9.52    0.00    0.00    0.00   82.14
02:32:31 AM   22    0.00    0.00    0.00    0.00    0.00    0.00    0.00    0.00    0.00  100.00
02:32:31 AM   23    0.00    0.00    0.00    0.00    0.00    0.00    0.00    0.00    0.00  100.00
02:32:31 AM   24    0.00    0.00    0.00    0.00    0.00    0.00    0.00    0.00    0.00  100.00
02:32:31 AM   25    1.00    0.00    2.00    0.00    0.00    0.00    0.00    0.00    0.00   97.00
02:32:31 AM   26    1.01    0.00    0.00    0.00    0.00    0.00    0.00    0.00    0.00   98.99
02:32:31 AM   27    1.01    0.00    0.00    0.00    0.00    0.00    0.00    0.00    0.00   98.99
02:32:31 AM   28    2.00    0.00    0.00    1.00    0.00    0.00    0.00    0.00    0.00   97.00
02:32:31 AM   29    0.00    0.00    2.02    0.00    0.00    0.00    0.00    0.00    0.00   97.98
02:32:31 AM   30    0.00    0.00    1.03    0.00    0.00    0.00    0.00    0.00    0.00   98.97
02:32:31 AM   31    1.00    0.00    1.00    0.00    0.00    0.00    0.00    0.00    0.00   98.00
02:32:31 AM   32    1.01    0.00    0.00    0.00    0.00    0.00    0.00    0.00    0.00   98.99
02:32:31 AM   33    1.01    0.00    0.00    0.00    0.00    0.00    0.00    0.00    0.00   98.99
02:32:31 AM   34    2.02    0.00    0.00    0.00    0.00    0.00    0.00    0.00    0.00   97.98
02:32:31 AM   35    0.00    0.00    0.00    0.00    0.00    0.00    0.00    0.00    0.00  100.00

Average:     CPU    %usr   %nice    %sys %iowait    %irq   %soft  %steal  %guest  %gnice   %idle
Average:     all    0.86    0.01    1.03    0.05    0.00    0.52    0.00    0.00    0.00   97.53
Average:       0    0.81    0.00    0.41    0.00    0.00    0.61    0.00    0.00    0.00   98.17
Average:       1    1.61    0.00    0.70    0.00    0.00    0.10    0.00    0.00    0.00   97.59
Average:       2    1.31    0.00    1.51    0.10    0.00    0.00    0.00    0.00    0.00   97.08
Average:       3    0.70    0.00    0.30    0.00    0.00    0.00    0.00    0.00    0.00   98.99
Average:       4    0.80    0.00    0.50    0.00    0.00    0.10    0.00    0.00    0.00   98.59
Average:       5    0.70    0.10    0.60    0.10    0.00    0.00    0.00    0.00    0.00   98.49
Average:       6    1.01    0.20    0.40    0.20    0.00    0.00    0.00    0.00    0.00   98.19
Average:       7    0.71    0.00    0.40    0.20    0.00    0.00    0.00    0.00    0.00   98.69
Average:       8    0.71    0.00    0.20    0.10    0.00    0.00    0.00    0.00    0.00   98.99
Average:       9    0.80    0.10    0.40    0.10    0.00    0.20    0.00    0.00    0.00   98.39
Average:      10    1.10    0.00    0.50    0.10    0.00    0.00    0.00    0.00    0.00   98.29
Average:      11    1.20    0.00    0.50    0.10    0.00    0.00    0.00    0.00    0.00   98.20
Average:      12    0.60    0.00    0.40    0.10    0.00    0.00    0.00    0.00    0.00   98.89
Average:      13    0.71    0.00    0.20    0.00    0.00    0.00    0.00    0.00    0.00   99.09
Average:      14    1.21    0.00    0.40    0.10    0.00    0.00    0.00    0.00    0.00   98.28
Average:      15    0.80    0.00    0.20    0.00    0.00    0.10    0.00    0.00    0.00   98.89
Average:      16    1.81    0.00    0.30    0.00    0.00    0.00    0.00    0.00    0.00   97.88
Average:      17    1.71    0.00    3.02    0.00    0.00    0.10    0.00    0.00    0.00   95.17
Average:      18    0.90    0.00    0.60    0.00    0.00    0.00    0.00    0.00    0.00   98.49
Average:      19    0.90    0.00    0.40    0.00    0.00    0.00    0.00    0.00    0.00   98.70
Average:      20    2.58    0.00   15.57    0.00    0.00    9.74    0.00    0.00    0.00   72.12
Average:      21    0.59    0.00    6.97    0.00    0.00   10.15    0.00    0.00    0.00   82.29
Average:      22    0.30    0.00    0.20    0.00    0.00    0.10    0.00    0.00    0.00   99.39
Average:      23    0.30    0.00    0.30    0.00    0.00    0.00    0.00    0.00    0.00   99.40
Average:      24    0.40    0.00    0.30    0.10    0.00    0.00    0.00    0.00    0.00   99.20
Average:      25    0.70    0.00    0.60    0.00    0.00    0.00    0.00    0.00    0.00   98.69
Average:      26    0.50    0.00    0.20    0.10    0.00    0.00    0.00    0.00    0.00   99.19
Average:      27    0.50    0.00    0.30    0.00    0.00    0.00    0.00    0.00    0.00   99.19
Average:      28    0.60    0.00    0.30    0.10    0.00    0.00    0.00    0.00    0.00   98.99
Average:      29    0.50    0.00    0.30    0.10    0.00    0.00    0.00    0.00    0.00   99.09
Average:      30    0.40    0.00    0.40    0.00    0.00    0.00    0.00    0.00    0.00   99.19
Average:      31    0.70    0.00    0.80    0.00    0.00    0.00    0.00    0.00    0.00   98.50
Average:      32    0.50    0.00    0.30    0.10    0.00    0.00    0.00    0.00    0.00   99.09
Average:      33    1.00    0.00    0.30    0.00    0.00    0.00    0.00    0.00    0.00   98.70
Average:      34    0.60    0.00    0.40    0.10    0.00    0.00    0.00    0.00    0.00   98.90
Average:      35    0.80    0.00    0.10    0.00    0.00    0.00    0.00    0.00    0.00   99.10
