Linux 5.15.0-186-generic (rapids4) 	07/28/2026 	_x86_64_	(36 CPU)

03:14:40 AM  CPU    %usr   %nice    %sys %iowait    %irq   %soft  %steal  %guest  %gnice   %idle
03:14:41 AM  all    1.51    0.00    3.02    0.06    0.00    1.54    0.00    0.00    0.00   93.88
03:14:41 AM    0    1.02    0.00    0.00    0.00    0.00    2.04    0.00    0.00    0.00   96.94
03:14:41 AM    1    0.00    0.00    1.01    0.00    0.00    0.00    0.00    0.00    0.00   98.99
03:14:41 AM    2    0.00    0.00    0.00    0.00    0.00    0.00    0.00    0.00    0.00  100.00
03:14:41 AM    3    4.00    0.00    6.00    0.00    0.00    0.00    0.00    0.00    0.00   90.00
03:14:41 AM    4    1.00    0.00    1.00    0.00    0.00    0.00    0.00    0.00    0.00   98.00
03:14:41 AM    5    1.01    0.00    0.00    0.00    0.00    0.00    0.00    0.00    0.00   98.99
03:14:41 AM    6    1.98    0.00    0.99    0.00    0.00    0.00    0.00    0.00    0.00   97.03
03:14:41 AM    7    0.99    0.00    0.99    0.99    0.00    0.00    0.00    0.00    0.00   97.03
03:14:41 AM    8    1.00    0.00    0.00    0.00    0.00    0.00    0.00    0.00    0.00   99.00
03:14:41 AM    9    0.99    0.00    1.98    0.00    0.00    0.00    0.00    0.00    0.00   97.03
03:14:41 AM   10    0.00    0.00    1.01    0.00    0.00    0.00    0.00    0.00    0.00   98.99
03:14:41 AM   11    1.01    0.00    0.00    0.00    0.00    0.00    0.00    0.00    0.00   98.99
03:14:41 AM   12    1.00    0.00    1.00    0.00    0.00    0.00    0.00    0.00    0.00   98.00
03:14:41 AM   13    0.00    0.00    1.00    0.00    0.00    0.00    0.00    0.00    0.00   99.00
03:14:41 AM   14    1.00    0.00    1.00    0.00    0.00    0.00    0.00    0.00    0.00   98.00
03:14:41 AM   15    0.00    0.00    2.00    0.00    0.00    0.00    0.00    0.00    0.00   98.00
03:14:41 AM   16    2.00    0.00    1.00    0.00    0.00    0.00    0.00    0.00    0.00   97.00
03:14:41 AM   17    1.01    0.00    0.00    0.00    0.00    0.00    0.00    0.00    0.00   98.99
03:14:41 AM   18    1.00    0.00    1.00    0.00    0.00    0.00    0.00    0.00    0.00   98.00
03:14:41 AM   19    0.00    0.00    1.01    0.00    0.00    0.00    0.00    0.00    0.00   98.99
03:14:41 AM   20    0.00    0.00    0.00    0.00    0.00    0.00    0.00    0.00    0.00  100.00
03:14:41 AM   21    0.00    0.00    0.00    0.00    0.00    0.00    0.00    0.00    0.00  100.00
03:14:41 AM   22   15.15    0.00   41.41    0.00    0.00   27.27    0.00    0.00    0.00   16.16
03:14:41 AM   23   12.37    0.00   41.24    0.00    0.00   26.80    0.00    0.00    0.00   19.59
03:14:41 AM   24    0.99    0.00    1.98    0.00    0.00    0.00    0.00    0.00    0.00   97.03
03:14:41 AM   25    0.00    0.00    0.00    0.00    0.00    0.00    0.00    0.00    0.00  100.00
03:14:41 AM   26    0.00    0.00    0.00    0.00    0.00    0.00    0.00    0.00    0.00  100.00
03:14:41 AM   27    1.01    0.00    0.00    0.00    0.00    0.00    0.00    0.00    0.00   98.99
03:14:41 AM   28    1.00    0.00    1.00    0.00    0.00    0.00    0.00    0.00    0.00   98.00
03:14:41 AM   29    0.00    0.00    0.00    0.00    0.00    0.00    0.00    0.00    0.00  100.00
03:14:41 AM   30    3.00    0.00    2.00    0.00    0.00    0.00    0.00    0.00    0.00   95.00
03:14:41 AM   31    0.00    0.00    0.00    1.01    0.00    0.00    0.00    0.00    0.00   98.99
03:14:41 AM   32    0.99    0.00    0.99    0.00    0.00    0.00    0.00    0.00    0.00   98.02
03:14:41 AM   33    0.00    0.00    0.00    0.00    0.00    0.00    0.00    0.00    0.00  100.00
03:14:41 AM   34    0.00    0.00    0.00    0.00    0.00    0.00    0.00    0.00    0.00  100.00
03:14:41 AM   35    1.01    0.00    0.00    0.00    0.00    0.00    0.00    0.00    0.00   98.99

03:14:41 AM  CPU    %usr   %nice    %sys %iowait    %irq   %soft  %steal  %guest  %gnice   %idle
03:14:42 AM  all    1.56    0.06    3.06    0.00    0.00    1.78    0.00    0.00    0.00   93.55
03:14:42 AM    0    0.00    0.00    1.00    0.00    0.00    2.00    0.00    0.00    0.00   97.00
03:14:42 AM    1    1.00    0.00    0.00    0.00    0.00    1.00    0.00    0.00    0.00   98.00
03:14:42 AM    2    0.00    0.00    0.00    0.00    0.00    0.00    0.00    0.00    0.00  100.00
03:14:42 AM    3    0.00    0.00    0.00    0.00    0.00    0.00    0.00    0.00    0.00  100.00
03:14:42 AM    4    0.98    0.00    0.98    0.00    0.00    0.00    0.00    0.00    0.00   98.04
03:14:42 AM    5    0.00    0.00    0.00    0.00    0.00    0.00    0.00    0.00    0.00  100.00
03:14:42 AM    6    0.00    0.00    0.00    0.00    0.00    0.00    0.00    0.00    0.00  100.00
03:14:42 AM    7    1.00    0.00    0.00    0.00    0.00    0.00    0.00    0.00    0.00   99.00
03:14:42 AM    8    0.00    0.00    0.00    0.00    0.00    0.00    0.00    0.00    0.00  100.00
03:14:42 AM    9    0.00    0.00    0.00    0.00    0.00    0.00    0.00    0.00    0.00  100.00
03:14:42 AM   10    1.00    0.00    0.00    0.00    0.00    0.00    0.00    0.00    0.00   99.00
03:14:42 AM   11    1.00    0.00    0.00    0.00    0.00    0.00    0.00    0.00    0.00   99.00
03:14:42 AM   12    0.00    0.00    0.00    0.00    0.00    0.00    0.00    0.00    0.00  100.00
03:14:42 AM   13    1.00    0.00    0.00    0.00    0.00    0.00    0.00    0.00    0.00   99.00
03:14:42 AM   14    0.99    0.00    0.00    0.00    0.00    0.00    0.00    0.00    0.00   99.01
03:14:42 AM   15    0.98    1.96    0.98    0.00    0.00    0.00    0.00    0.00    0.00   96.08
03:14:42 AM   16    0.00    0.00    0.00    0.00    0.00    0.00    0.00    0.00    0.00  100.00
03:14:42 AM   17    0.00    0.00    1.00    0.00    0.00    0.00    0.00    0.00    0.00   99.00
03:14:42 AM   18    1.01    0.00    0.00    0.00    0.00    0.00    0.00    0.00    0.00   98.99
03:14:42 AM   19    1.00    0.00    0.00    0.00    0.00    0.00    0.00    0.00    0.00   99.00
03:14:42 AM   20    0.00    0.00    0.00    0.00    0.00    0.00    0.00    0.00    0.00  100.00
03:14:42 AM   21    0.00    0.00    1.02    0.00    0.00    0.00    0.00    0.00    0.00   98.98
03:14:42 AM   22   19.00    0.00   48.00    0.00    0.00   33.00    0.00    0.00    0.00    0.00
03:14:42 AM   23   20.79    0.00   50.50    0.00    0.00   27.72    0.00    0.00    0.00    0.99
03:14:42 AM   24    0.00    0.00    1.01    0.00    0.00    0.00    0.00    0.00    0.00   98.99
03:14:42 AM   25    0.00    0.00    1.00    0.00    0.00    0.00    0.00    0.00    0.00   99.00
03:14:42 AM   26    0.00    0.00    0.00    0.00    0.00    0.00    0.00    0.00    0.00  100.00
03:14:42 AM   27    0.99    0.00    0.99    0.00    0.00    0.00    0.00    0.00    0.00   98.02
03:14:42 AM   28    0.99    0.00    0.99    0.00    0.00    0.00    0.00    0.00    0.00   98.02
03:14:42 AM   29    1.00    0.00    0.00    0.00    0.00    0.00    0.00    0.00    0.00   99.00
03:14:42 AM   30    0.00    0.00    0.00    0.00    0.00    0.00    0.00    0.00    0.00  100.00
03:14:42 AM   31    0.00    0.00    0.00    0.00    0.00    0.00    0.00    0.00    0.00  100.00
03:14:42 AM   32    1.00    0.00    0.00    0.00    0.00    0.00    0.00    0.00    0.00   99.00
03:14:42 AM   33    0.99    0.00    0.99    0.00    0.00    0.00    0.00    0.00    0.00   98.02
03:14:42 AM   34    0.00    0.00    0.00    0.00    0.00    0.00    0.00    0.00    0.00  100.00
03:14:42 AM   35    1.00    0.00    1.00    0.00    0.00    0.00    0.00    0.00    0.00   98.00

03:14:42 AM  CPU    %usr   %nice    %sys %iowait    %irq   %soft  %steal  %guest  %gnice   %idle
03:14:43 AM  all    2.07    0.00    3.41    0.03    0.00    1.88    0.00    0.00    0.00   92.61
03:14:43 AM    0    3.00    0.00    1.00    0.00    0.00    2.00    0.00    0.00    0.00   94.00
03:14:43 AM    1    3.96    0.00    0.00    0.00    0.00    0.00    0.00    0.00    0.00   96.04
03:14:43 AM    2    2.00    0.00    1.00    0.00    0.00    0.00    0.00    0.00    0.00   97.00
03:14:43 AM    3    3.00    0.00    7.00    0.00    0.00    0.00    0.00    0.00    0.00   90.00
03:14:43 AM    4    1.01    0.00    1.01    0.00    0.00    0.00    0.00    0.00    0.00   97.98
03:14:43 AM    5    2.02    0.00    0.00    1.01    0.00    0.00    0.00    0.00    0.00   96.97
03:14:43 AM    6    2.02    0.00    0.00    0.00    0.00    0.00    0.00    0.00    0.00   97.98
03:14:43 AM    7    0.99    0.00    0.99    0.00    0.00    0.00    0.00    0.00    0.00   98.02
03:14:43 AM    8    1.01    0.00    0.00    0.00    0.00    0.00    0.00    0.00    0.00   98.99
03:14:43 AM    9    1.01    0.00    0.00    0.00    0.00    0.00    0.00    0.00    0.00   98.99
03:14:43 AM   10    1.01    0.00    1.01    0.00    0.00    0.00    0.00    0.00    0.00   97.98
03:14:43 AM   11    0.00    0.00    1.01    0.00    0.00    0.00    0.00    0.00    0.00   98.99
03:14:43 AM   12    1.02    0.00    0.00    0.00    0.00    0.00    0.00    0.00    0.00   98.98
03:14:43 AM   13    0.00    0.00    0.00    0.00    0.00    1.02    0.00    0.00    0.00   98.98
03:14:43 AM   14    1.01    0.00    0.00    0.00    0.00    0.00    0.00    0.00    0.00   98.99
03:14:43 AM   15    1.01    0.00    1.01    0.00    0.00    0.00    0.00    0.00    0.00   97.98
03:14:43 AM   16    1.01    0.00    0.00    0.00    0.00    0.00    0.00    0.00    0.00   98.99
03:14:43 AM   17    2.00    0.00    0.00    0.00    0.00    0.00    0.00    0.00    0.00   98.00
03:14:43 AM   18    1.98    0.00    0.99    0.00    0.00    0.00    0.00    0.00    0.00   97.03
03:14:43 AM   19    0.00    0.00    0.00    0.00    0.00    1.01    0.00    0.00    0.00   98.99
03:14:43 AM   20    0.00    0.00    0.00    0.00    0.00    0.00    0.00    0.00    0.00  100.00
03:14:43 AM   21    1.00    0.00    0.00    0.00    0.00    0.00    0.00    0.00    0.00   99.00
03:14:43 AM   22   16.16    0.00   50.51    0.00    0.00   33.33    0.00    0.00    0.00    0.00
03:14:43 AM   23   16.16    0.00   53.54    0.00    0.00   30.30    0.00    0.00    0.00    0.00
03:14:43 AM   24    1.02    0.00    0.00    0.00    0.00    0.00    0.00    0.00    0.00   98.98
03:14:43 AM   25    1.02    0.00    0.00    0.00    0.00    0.00    0.00    0.00    0.00   98.98
03:14:43 AM   26    1.00    0.00    1.00    0.00    0.00    0.00    0.00    0.00    0.00   98.00
03:14:43 AM   27    0.00    0.00    0.00    0.00    0.00    0.00    0.00    0.00    0.00  100.00
03:14:43 AM   28    1.00    0.00    1.00    0.00    0.00    0.00    0.00    0.00    0.00   98.00
03:14:43 AM   29    1.00    0.00    1.00    0.00    0.00    0.00    0.00    0.00    0.00   98.00
03:14:43 AM   30    1.01    0.00    0.00    0.00    0.00    0.00    0.00    0.00    0.00   98.99
03:14:43 AM   31    2.00    0.00    0.00    0.00    0.00    0.00    0.00    0.00    0.00   98.00
03:14:43 AM   32    0.00    0.00    0.00    0.00    0.00    0.00    0.00    0.00    0.00  100.00
03:14:43 AM   33    0.00    0.00    0.00    0.00    0.00    0.00    0.00    0.00    0.00  100.00
03:14:43 AM   34    3.03    0.00    0.00    0.00    0.00    0.00    0.00    0.00    0.00   96.97
03:14:43 AM   35    1.00    0.00    1.00    0.00    0.00    0.00    0.00    0.00    0.00   98.00

03:14:43 AM  CPU    %usr   %nice    %sys %iowait    %irq   %soft  %steal  %guest  %gnice   %idle
03:14:44 AM  all    2.12    0.00    3.09    0.00    0.00    1.73    0.00    0.00    0.00   93.07
03:14:44 AM    0    1.02    0.00    0.00    0.00    0.00    1.02    0.00    0.00    0.00   97.96
03:14:44 AM    1    0.99    0.00    0.00    0.00    0.00    0.99    0.00    0.00    0.00   98.02
03:14:44 AM    2    0.98    0.00    0.98    0.00    0.00    0.98    0.00    0.00    0.00   97.06
03:14:44 AM    3    2.97    0.00    6.93    0.00    0.00    0.00    0.00    0.00    0.00   90.10
03:14:44 AM    4    1.00    0.00    0.00    0.00    0.00    0.00    0.00    0.00    0.00   99.00
03:14:44 AM    5    2.00    0.00    0.00    0.00    0.00    0.00    0.00    0.00    0.00   98.00
03:14:44 AM    6    0.00    0.00    0.00    0.00    0.00    0.00    0.00    0.00    0.00  100.00
03:14:44 AM    7    1.00    0.00    0.00    0.00    0.00    0.00    0.00    0.00    0.00   99.00
03:14:44 AM    8    0.00    0.00    0.00    0.00    0.00    0.00    0.00    0.00    0.00  100.00
03:14:44 AM    9    0.00    0.00    0.00    0.00    0.00    0.00    0.00    0.00    0.00  100.00
03:14:44 AM   10    1.98    0.00    0.00    0.00    0.00    0.00    0.00    0.00    0.00   98.02
03:14:44 AM   11    1.00    0.00    0.00    0.00    0.00    0.00    0.00    0.00    0.00   99.00
03:14:44 AM   12    0.99    0.00    0.99    0.00    0.00    0.00    0.00    0.00    0.00   98.02
03:14:44 AM   13    1.01    0.00    0.00    0.00    0.00    0.00    0.00    0.00    0.00   98.99
03:14:44 AM   14    0.00    0.00    0.00    0.00    0.00    0.00    0.00    0.00    0.00  100.00
03:14:44 AM   15    0.00    0.00    0.00    0.00    0.00    0.00    0.00    0.00    0.00  100.00
03:14:44 AM   16    1.00    0.00    0.00    0.00    0.00    0.00    0.00    0.00    0.00   99.00
03:14:44 AM   17    2.00    0.00    0.00    0.00    0.00    0.00    0.00    0.00    0.00   98.00
03:14:44 AM   18    1.01    0.00    0.00    0.00    0.00    0.00    0.00    0.00    0.00   98.99
03:14:44 AM   19    2.00    0.00    0.00    0.00    0.00    0.00    0.00    0.00    0.00   98.00
03:14:44 AM   20    1.00    0.00    1.00    0.00    0.00    0.00    0.00    0.00    0.00   98.00
03:14:44 AM   21    0.00    0.00    0.00    0.00    0.00    0.00    0.00    0.00    0.00  100.00
03:14:44 AM   22   22.77    0.00   50.50    0.00    0.00   26.73    0.00    0.00    0.00    0.00
03:14:44 AM   23   23.76    0.00   45.54    0.00    0.00   30.69    0.00    0.00    0.00    0.00
03:14:44 AM   24    1.96    0.00    0.98    0.00    0.00    0.00    0.00    0.00    0.00   97.06
03:14:44 AM   25    1.01    0.00    0.00    0.00    0.00    0.00    0.00    0.00    0.00   98.99
03:14:44 AM   26    0.00    0.00    0.00    0.00    0.00    0.00    0.00    0.00    0.00  100.00
03:14:44 AM   27    0.00    0.00    0.00    0.00    0.00    1.00    0.00    0.00    0.00   99.00
03:14:44 AM   28    1.00    0.00    0.00    0.00    0.00    0.00    0.00    0.00    0.00   99.00
03:14:44 AM   29    1.01    0.00    0.00    0.00    0.00    0.00    0.00    0.00    0.00   98.99
03:14:44 AM   30    0.00    0.00    0.00    0.00    0.00    0.00    0.00    0.00    0.00  100.00
03:14:44 AM   31    0.00    0.00    1.01    0.00    0.00    0.00    0.00    0.00    0.00   98.99
03:14:44 AM   32    0.99    0.00    0.99    0.00    0.00    0.00    0.00    0.00    0.00   98.02
03:14:44 AM   33    0.00    0.00    0.00    0.00    0.00    0.00    0.00    0.00    0.00  100.00
03:14:44 AM   34    0.00    0.00    0.00    0.00    0.00    0.00    0.00    0.00    0.00  100.00
03:14:44 AM   35    1.01    0.00    1.01    0.00    0.00    0.00    0.00    0.00    0.00   97.98

03:14:44 AM  CPU    %usr   %nice    %sys %iowait    %irq   %soft  %steal  %guest  %gnice   %idle
03:14:45 AM  all    1.59    0.00    3.17    0.00    0.00    1.73    0.00    0.00    0.00   93.51
03:14:45 AM    0    0.00    0.00    0.00    0.00    0.00    2.04    0.00    0.00    0.00   97.96
03:14:45 AM    1    1.01    0.00    0.00    0.00    0.00    0.00    0.00    0.00    0.00   98.99
03:14:45 AM    2    1.00    0.00    0.00    0.00    0.00    0.00    0.00    0.00    0.00   99.00
03:14:45 AM    3    0.00    0.00    0.00    0.00    0.00    0.00    0.00    0.00    0.00  100.00
03:14:45 AM    4    1.00    0.00    0.00    0.00    0.00    0.00    0.00    0.00    0.00   99.00
03:14:45 AM    5    1.00    0.00    1.00    0.00    0.00    0.00    0.00    0.00    0.00   98.00
03:14:45 AM    6    0.00    0.00    0.00    0.00    0.00    0.00    0.00    0.00    0.00  100.00
03:14:45 AM    7    1.01    0.00    0.00    0.00    0.00    0.00    0.00    0.00    0.00   98.99
03:14:45 AM    8    1.98    0.00    0.99    0.00    0.00    0.00    0.00    0.00    0.00   97.03
03:14:45 AM    9    0.00    0.00    0.00    0.00    0.00    0.00    0.00    0.00    0.00  100.00
03:14:45 AM   10    0.00    0.00    1.01    0.00    0.00    0.00    0.00    0.00    0.00   98.99
03:14:45 AM   11    1.01    0.00    0.00    0.00    0.00    0.00    0.00    0.00    0.00   98.99
03:14:45 AM   12    0.00    0.00    0.00    0.00    0.00    0.00    0.00    0.00    0.00  100.00
03:14:45 AM   13    0.00    0.00    1.00    0.00    0.00    0.00    0.00    0.00    0.00   99.00
03:14:45 AM   14    0.00    0.00    1.00    0.00    0.00    0.00    0.00    0.00    0.00   99.00
03:14:45 AM   15    1.00    0.00    0.00    0.00    0.00    0.00    0.00    0.00    0.00   99.00
03:14:45 AM   16    0.99    0.00    0.99    0.00    0.00    0.00    0.00    0.00    0.00   98.02
03:14:45 AM   17    1.00    0.00    0.00    0.00    0.00    0.00    0.00    0.00    0.00   99.00
03:14:45 AM   18    0.00    0.00    0.00    0.00    0.00    0.00    0.00    0.00    0.00  100.00
03:14:45 AM   19    0.00    0.00    0.00    0.00    0.00    0.00    0.00    0.00    0.00  100.00
03:14:45 AM   20    0.00    0.00    0.00    0.00    0.00    0.00    0.00    0.00    0.00  100.00
03:14:45 AM   21    1.96    0.00    0.98    0.00    0.00    0.00    0.00    0.00    0.00   97.06
03:14:45 AM   22   19.19    0.00   47.47    0.00    0.00   33.33    0.00    0.00    0.00    0.00
03:14:45 AM   23   17.00    0.00   56.00    0.00    0.00   27.00    0.00    0.00    0.00    0.00
03:14:45 AM   24    0.99    0.00    0.99    0.00    0.00    0.00    0.00    0.00    0.00   98.02
03:14:45 AM   25    0.00    0.00    0.00    0.00    0.00    0.00    0.00    0.00    0.00  100.00
03:14:45 AM   26    1.01    0.00    0.00    0.00    0.00    0.00    0.00    0.00    0.00   98.99
03:14:45 AM   27    0.00    0.00    1.00    0.00    0.00    0.00    0.00    0.00    0.00   99.00
03:14:45 AM   28    0.99    0.00    0.99    0.00    0.00    0.00    0.00    0.00    0.00   98.02
03:14:45 AM   29    0.00    0.00    0.00    0.00    0.00    0.00    0.00    0.00    0.00  100.00
03:14:45 AM   30    0.99    0.00    0.99    0.00    0.00    0.00    0.00    0.00    0.00   98.02
03:14:45 AM   31    2.94    0.00    0.00    0.00    0.00    0.00    0.00    0.00    0.00   97.06
03:14:45 AM   32    0.00    0.00    0.00    0.00    0.00    0.00    0.00    0.00    0.00  100.00
03:14:45 AM   33    0.00    0.00    0.00    0.00    0.00    0.00    0.00    0.00    0.00  100.00
03:14:45 AM   34    1.00    0.00    0.00    0.00    0.00    0.00    0.00    0.00    0.00   99.00
03:14:45 AM   35    0.00    0.00    0.00    0.00    0.00    0.00    0.00    0.00    0.00  100.00

03:14:45 AM  CPU    %usr   %nice    %sys %iowait    %irq   %soft  %steal  %guest  %gnice   %idle
03:14:46 AM  all    1.90    0.00    3.46    0.03    0.00    1.62    0.00    0.00    0.00   93.00
03:14:46 AM    0    2.97    0.00    1.98    0.00    0.00    2.97    0.00    0.00    0.00   92.08
03:14:46 AM    1    0.00    0.00    1.01    0.00    0.00    0.00    0.00    0.00    0.00   98.99
03:14:46 AM    2    0.00    0.00    0.00    0.00    0.00    0.00    0.00    0.00    0.00  100.00
03:14:46 AM    3    2.00    0.00    7.00    0.00    0.00    0.00    0.00    0.00    0.00   91.00
03:14:46 AM    4    1.00    0.00    0.00    0.00    0.00    0.00    0.00    0.00    0.00   99.00
03:14:46 AM    5    0.99    0.00    0.99    0.00    0.00    0.00    0.00    0.00    0.00   98.02
03:14:46 AM    6    1.96    0.00    0.98    0.00    0.00    0.00    0.00    0.00    0.00   97.06
03:14:46 AM    7    1.00    0.00    0.00    0.00    0.00    0.00    0.00    0.00    0.00   99.00
03:14:46 AM    8    0.00    0.00    0.00    0.00    0.00    0.00    0.00    0.00    0.00  100.00
03:14:46 AM    9    1.01    0.00    0.00    0.00    0.00    0.00    0.00    0.00    0.00   98.99
03:14:46 AM   10    1.00    0.00    0.00    0.00    0.00    0.00    0.00    0.00    0.00   99.00
03:14:46 AM   11    2.00    0.00    0.00    0.00    0.00    0.00    0.00    0.00    0.00   98.00
03:14:46 AM   12    0.00    0.00    1.00    0.00    0.00    0.00    0.00    0.00    0.00   99.00
03:14:46 AM   13    1.00    0.00    0.00    0.00    0.00    0.00    0.00    0.00    0.00   99.00
03:14:46 AM   14    0.00    0.00    0.00    0.00    0.00    0.00    0.00    0.00    0.00  100.00
03:14:46 AM   15    0.99    0.00    0.99    0.00    0.00    0.00    0.00    0.00    0.00   98.02
03:14:46 AM   16    1.00    0.00    1.00    0.00    0.00    0.00    0.00    0.00    0.00   98.00
03:14:46 AM   17    0.00    0.00    0.00    0.00    0.00    0.00    0.00    0.00    0.00  100.00
03:14:46 AM   18    0.00    0.00    0.00    0.00    0.00    0.00    0.00    0.00    0.00  100.00
03:14:46 AM   19    0.00    0.00    0.00    0.00    0.00    0.00    0.00    0.00    0.00  100.00
03:14:46 AM   20    0.00    0.00    0.00    1.01    0.00    0.00    0.00    0.00    0.00   98.99
03:14:46 AM   21    2.00    0.00    2.00    0.00    0.00    0.00    0.00    0.00    0.00   96.00
03:14:46 AM   22   18.81    0.00   53.47    0.00    0.00   27.72    0.00    0.00    0.00    0.00
03:14:46 AM   23   23.00    0.00   50.00    0.00    0.00   27.00    0.00    0.00    0.00    0.00
03:14:46 AM   24    0.00    0.00    0.00    0.00    0.00    0.00    0.00    0.00    0.00  100.00
03:14:46 AM   25    1.02    0.00    0.00    0.00    0.00    0.00    0.00    0.00    0.00   98.98
03:14:46 AM   26    1.98    0.00    0.00    0.00    0.00    0.00    0.00    0.00    0.00   98.02
03:14:46 AM   27    0.00    0.00    0.00    0.00    0.00    0.00    0.00    0.00    0.00  100.00
03:14:46 AM   28    0.00    0.00    0.00    0.00    0.00    0.00    0.00    0.00    0.00  100.00
03:14:46 AM   29    0.99    0.00    0.99    0.00    0.00    0.00    0.00    0.00    0.00   98.02
03:14:46 AM   30    1.00    0.00    0.00    0.00    0.00    0.00    0.00    0.00    0.00   99.00
03:14:46 AM   31    1.01    0.00    0.00    0.00    0.00    0.00    0.00    0.00    0.00   98.99
03:14:46 AM   32    0.00    0.00    1.00    0.00    0.00    0.00    0.00    0.00    0.00   99.00
03:14:46 AM   33    0.00    0.00    0.00    0.00    0.00    0.00    0.00    0.00    0.00  100.00
03:14:46 AM   34    0.00    0.00    0.00    0.00    0.00    0.00    0.00    0.00    0.00  100.00
03:14:46 AM   35    0.99    0.00    0.99    0.00    0.00    0.00    0.00    0.00    0.00   98.02

03:14:46 AM  CPU    %usr   %nice    %sys %iowait    %irq   %soft  %steal  %guest  %gnice   %idle
03:14:47 AM  all    1.70    0.00    3.21    0.08    0.00    1.68    0.00    0.00    0.00   93.33
03:14:47 AM    0    0.00    0.00    0.00    1.02    0.00    2.04    0.00    0.00    0.00   96.94
03:14:47 AM    1    0.00    0.00    0.00    0.00    0.00    0.00    0.00    0.00    0.00  100.00
03:14:47 AM    2    1.00    0.00    0.00    0.00    0.00    0.00    0.00    0.00    0.00   99.00
03:14:47 AM    3    2.04    0.00    5.10    0.00    0.00    0.00    0.00    0.00    0.00   92.86
03:14:47 AM    4    0.00    0.00    1.01    0.00    0.00    0.00    0.00    0.00    0.00   98.99
03:14:47 AM    5    1.01    0.00    0.00    0.00    0.00    0.00    0.00    0.00    0.00   98.99
03:14:47 AM    6    0.00    0.00    0.00    0.00    0.00    0.00    0.00    0.00    0.00  100.00
03:14:47 AM    7    1.00    0.00    1.00    0.00    0.00    0.00    0.00    0.00    0.00   98.00
03:14:47 AM    8    0.00    0.00    0.00    0.00    0.00    0.00    0.00    0.00    0.00  100.00
03:14:47 AM    9    0.99    0.00    0.99    0.00    0.00    0.00    0.00    0.00    0.00   98.02
03:14:47 AM   10    1.00    0.00    0.00    0.00    0.00    0.00    0.00    0.00    0.00   99.00
03:14:47 AM   11    1.96    0.00    0.98    0.98    0.00    0.00    0.00    0.00    0.00   96.08
03:14:47 AM   12    0.00    0.00    1.00    0.00    0.00    0.00    0.00    0.00    0.00   99.00
03:14:47 AM   13    0.00    0.00    0.00    0.00    0.00    0.00    0.00    0.00    0.00  100.00
03:14:47 AM   14    1.00    0.00    0.00    0.00    0.00    0.00    0.00    0.00    0.00   99.00
03:14:47 AM   15    1.00    0.00    0.00    1.00    0.00    0.00    0.00    0.00    0.00   98.00
03:14:47 AM   16    0.00    0.00    0.00    0.00    0.00    0.00    0.00    0.00    0.00  100.00
03:14:47 AM   17    1.98    0.00    0.99    0.00    0.00    0.00    0.00    0.00    0.00   97.03
03:14:47 AM   18    1.00    0.00    1.00    0.00    0.00    0.00    0.00    0.00    0.00   98.00
03:14:47 AM   19    0.00    0.00    0.00    0.00    0.00    0.00    0.00    0.00    0.00  100.00
03:14:47 AM   20    1.00    0.00    0.00    0.00    0.00    0.00    0.00    0.00    0.00   99.00
03:14:47 AM   21    0.00    0.00    0.00    0.00    0.00    0.00    0.00    0.00    0.00  100.00
03:14:47 AM   22   19.19    0.00   52.53    0.00    0.00   28.28    0.00    0.00    0.00    0.00
03:14:47 AM   23   21.00    0.00   49.00    0.00    0.00   30.00    0.00    0.00    0.00    0.00
03:14:47 AM   24    1.00    0.00    1.00    0.00    0.00    0.00    0.00    0.00    0.00   98.00
03:14:47 AM   25    0.00    0.00    0.99    0.00    0.00    0.00    0.00    0.00    0.00   99.01
03:14:47 AM   26    0.00    0.00    0.00    0.00    0.00    0.00    0.00    0.00    0.00  100.00
03:14:47 AM   27    2.02    0.00    0.00    0.00    0.00    0.00    0.00    0.00    0.00   97.98
03:14:47 AM   28    0.00    0.00    0.00    0.00    0.00    0.00    0.00    0.00    0.00  100.00
03:14:47 AM   29    0.00    0.00    0.00    0.00    0.00    0.00    0.00    0.00    0.00  100.00
03:14:47 AM   30    1.00    0.00    0.00    0.00    0.00    0.00    0.00    0.00    0.00   99.00
03:14:47 AM   31    0.00    0.00    0.00    0.00    0.00    0.00    0.00    0.00    0.00  100.00
03:14:47 AM   32    1.00    0.00    0.00    0.00    0.00    0.00    0.00    0.00    0.00   99.00
03:14:47 AM   33    1.00    0.00    0.00    0.00    0.00    0.00    0.00    0.00    0.00   99.00
03:14:47 AM   34    0.00    0.00    0.00    0.00    0.00    0.00    0.00    0.00    0.00  100.00
03:14:47 AM   35    0.00    0.00    0.00    0.00    0.00    0.00    0.00    0.00    0.00  100.00

03:14:47 AM  CPU    %usr   %nice    %sys %iowait    %irq   %soft  %steal  %guest  %gnice   %idle
03:14:48 AM  all    1.84    0.00    3.17    0.06    0.00    1.78    0.00    0.00    0.00   93.16
03:14:48 AM    0    1.01    0.00    1.01    0.00    0.00    1.01    0.00    0.00    0.00   96.97
03:14:48 AM    1    1.96    0.00    0.98    0.00    0.00    0.00    0.00    0.00    0.00   97.06
03:14:48 AM    2    1.00    0.00    1.00    0.00    0.00    0.00    0.00    0.00    0.00   98.00
03:14:48 AM    3    1.98    0.00    0.99    0.00    0.00    0.00    0.00    0.00    0.00   97.03
03:14:48 AM    4    0.99    0.00    0.99    0.99    0.00    0.00    0.00    0.00    0.00   97.03
03:14:48 AM    5    2.02    0.00    0.00    0.00    0.00    0.00    0.00    0.00    0.00   97.98
03:14:48 AM    6    1.01    0.00    0.00    0.00    0.00    0.00    0.00    0.00    0.00   98.99
03:14:48 AM    7    0.00    0.00    1.00    0.00    0.00    0.00    0.00    0.00    0.00   99.00
03:14:48 AM    8    2.00    0.00    0.00    0.00    0.00    0.00    0.00    0.00    0.00   98.00
03:14:48 AM    9    1.01    0.00    0.00    0.00    0.00    0.00    0.00    0.00    0.00   98.99
03:14:48 AM   10    0.00    0.00    0.00    0.00    0.00    0.00    0.00    0.00    0.00  100.00
03:14:48 AM   11    1.00    0.00    0.00    0.00    0.00    0.00    0.00    0.00    0.00   99.00
03:14:48 AM   12    0.99    0.00    0.99    0.99    0.00    0.00    0.00    0.00    0.00   97.03
03:14:48 AM   13    0.00    0.00    0.00    0.00    0.00    0.00    0.00    0.00    0.00  100.00
03:14:48 AM   14    0.00    0.00    0.00    0.00    0.00    0.00    0.00    0.00    0.00  100.00
03:14:48 AM   15    1.01    0.00    0.00    0.00    0.00    0.00    0.00    0.00    0.00   98.99
03:14:48 AM   16    1.00    0.00    0.00    0.00    0.00    0.00    0.00    0.00    0.00   99.00
03:14:48 AM   17    0.99    0.00    0.99    0.00    0.00    0.00    0.00    0.00    0.00   98.02
03:14:48 AM   18    0.00    0.00    1.01    0.00    0.00    0.00    0.00    0.00    0.00   98.99
03:14:48 AM   19    1.98    0.00    0.00    0.00    0.00    0.00    0.00    0.00    0.00   98.02
03:14:48 AM   20    0.00    0.00    0.00    0.00    0.00    0.00    0.00    0.00    0.00  100.00
03:14:48 AM   21    1.00    0.00    0.00    0.00    0.00    0.00    0.00    0.00    0.00   99.00
03:14:48 AM   22   18.81    0.00   47.52    0.00    0.00   33.66    0.00    0.00    0.00    0.00
03:14:48 AM   23   17.00    0.00   53.00    0.00    0.00   29.00    0.00    0.00    0.00    1.00
03:14:48 AM   24    1.00    0.00    0.00    0.00    0.00    0.00    0.00    0.00    0.00   99.00
03:14:48 AM   25    1.01    0.00    0.00    0.00    0.00    0.00    0.00    0.00    0.00   98.99
03:14:48 AM   26    0.99    0.00    0.00    0.00    0.00    0.00    0.00    0.00    0.00   99.01
03:14:48 AM   27    0.00    0.00    0.00    0.00    0.00    0.00    0.00    0.00    0.00  100.00
03:14:48 AM   28    0.00    0.00    1.01    0.00    0.00    0.00    0.00    0.00    0.00   98.99
03:14:48 AM   29    0.99    0.00    0.00    0.00    0.00    0.00    0.00    0.00    0.00   99.01
03:14:48 AM   30    0.00    0.00    0.00    0.00    0.00    0.00    0.00    0.00    0.00  100.00
03:14:48 AM   31    0.99    0.00    0.99    0.00    0.00    0.00    0.00    0.00    0.00   98.02
03:14:48 AM   32    0.00    0.00    0.00    0.00    0.00    0.00    0.00    0.00    0.00  100.00
03:14:48 AM   33    0.99    0.00    0.99    0.00    0.00    0.00    0.00    0.00    0.00   98.02
03:14:48 AM   34    2.00    0.00    0.00    0.00    0.00    0.00    0.00    0.00    0.00   98.00
03:14:48 AM   35    0.99    0.00    0.99    0.00    0.00    0.00    0.00    0.00    0.00   98.02

03:14:48 AM  CPU    %usr   %nice    %sys %iowait    %irq   %soft  %steal  %guest  %gnice   %idle
03:14:49 AM  all    1.64    0.03    3.31    0.08    0.00    2.00    0.00    0.00    0.00   92.93
03:14:49 AM    0    0.00    0.00    0.00    0.00    0.00    3.06    0.00    0.00    0.00   96.94
03:14:49 AM    1    1.96    0.00    1.96    0.00    0.00    0.98    0.00    0.00    0.00   95.10
03:14:49 AM    2    1.01    0.00    0.00    0.00    0.00    0.00    0.00    0.00    0.00   98.99
03:14:49 AM    3    0.00    0.00    1.00    0.00    0.00    0.00    0.00    0.00    0.00   99.00
03:14:49 AM    4    0.99    0.99    0.99    0.00    0.00    0.00    0.00    0.00    0.00   97.03
03:14:49 AM    5    0.00    0.00    1.01    0.00    0.00    0.00    0.00    0.00    0.00   98.99
03:14:49 AM    6    1.01    0.00    0.00    0.00    0.00    0.00    0.00    0.00    0.00   98.99
03:14:49 AM    7    1.00    0.00    1.00    0.00    0.00    0.00    0.00    0.00    0.00   98.00
03:14:49 AM    8    1.98    0.00    0.99    0.99    0.00    0.00    0.00    0.00    0.00   96.04
03:14:49 AM    9    0.00    0.00    0.00    0.00    0.00    0.00    0.00    0.00    0.00  100.00
03:14:49 AM   10    0.00    0.00    1.01    0.00    0.00    0.00    0.00    0.00    0.00   98.99
03:14:49 AM   11    0.99    0.00    1.98    0.99    0.00    0.00    0.00    0.00    0.00   96.04
03:14:49 AM   12    1.00    0.00    0.00    0.00    0.00    0.00    0.00    0.00    0.00   99.00
03:14:49 AM   13    0.99    0.00    0.99    0.00    0.00    0.00    0.00    0.00    0.00   98.02
03:14:49 AM   14    1.98    0.00    0.00    0.00    0.00    0.00    0.00    0.00    0.00   98.02
03:14:49 AM   15    0.00    0.00    0.00    0.00    0.00    0.00    0.00    0.00    0.00  100.00
03:14:49 AM   16    0.00    0.00    0.00    1.01    0.00    0.00    0.00    0.00    0.00   98.99
03:14:49 AM   17    4.04    0.00    5.05    0.00    0.00    0.00    0.00    0.00    0.00   90.91
03:14:49 AM   18    0.99    0.00    0.00    0.00    0.00    0.00    0.00    0.00    0.00   99.01
03:14:49 AM   19    0.00    0.00    0.00    0.00    0.00    0.00    0.00    0.00    0.00  100.00
03:14:49 AM   20    1.00    0.00    0.00    0.00    0.00    0.00    0.00    0.00    0.00   99.00
03:14:49 AM   21    0.00    0.00    0.00    0.00    0.00    0.00    0.00    0.00    0.00  100.00
03:14:49 AM   22   17.00    0.00   50.00    0.00    0.00   33.00    0.00    0.00    0.00    0.00
03:14:49 AM   23   16.00    0.00   49.00    0.00    0.00   35.00    0.00    0.00    0.00    0.00
03:14:49 AM   24    0.00    0.00    0.00    0.00    0.00    0.00    0.00    0.00    0.00  100.00
03:14:49 AM   25    0.00    0.00    0.00    0.00    0.00    0.00    0.00    0.00    0.00  100.00
03:14:49 AM   26    1.00    0.00    0.00    0.00    0.00    0.00    0.00    0.00    0.00   99.00
03:14:49 AM   27    1.00    0.00    0.00    0.00    0.00    0.00    0.00    0.00    0.00   99.00
03:14:49 AM   28    0.99    0.00    0.99    0.00    0.00    0.00    0.00    0.00    0.00   98.02
03:14:49 AM   29    0.00    0.00    0.00    0.00    0.00    0.00    0.00    0.00    0.00  100.00
03:14:49 AM   30    0.99    0.00    0.00    0.00    0.00    0.00    0.00    0.00    0.00   99.01
03:14:49 AM   31    2.00    0.00    0.00    0.00    0.00    0.00    0.00    0.00    0.00   98.00
03:14:49 AM   32    0.00    0.00    1.00    0.00    0.00    0.00    0.00    0.00    0.00   99.00
03:14:49 AM   33    0.00    0.00    0.00    0.00    0.00    0.00    0.00    0.00    0.00  100.00
03:14:49 AM   34    0.99    0.00    0.99    0.00    0.00    0.00    0.00    0.00    0.00   98.02
03:14:49 AM   35    0.00    0.00    1.00    0.00    0.00    0.00    0.00    0.00    0.00   99.00

03:14:49 AM  CPU    %usr   %nice    %sys %iowait    %irq   %soft  %steal  %guest  %gnice   %idle
03:14:50 AM  all    1.95    0.06    3.15    0.03    0.00    1.84    0.00    0.00    0.00   92.97
03:14:50 AM    0    1.94    0.97    0.00    0.00    0.00    3.88    0.00    0.00    0.00   93.20
03:14:50 AM    1    1.01    0.00    1.01    0.00    0.00    0.00    0.00    0.00    0.00   97.98
03:14:50 AM    2    0.00    0.00    0.00    0.00    0.00    0.00    0.00    0.00    0.00  100.00
03:14:50 AM    3    1.00    0.00    1.00    0.00    0.00    0.00    0.00    0.00    0.00   98.00
03:14:50 AM    4    1.01    0.00    0.00    0.00    0.00    0.00    0.00    0.00    0.00   98.99
03:14:50 AM    5    1.00    0.00    1.00    0.00    0.00    1.00    0.00    0.00    0.00   97.00
03:14:50 AM    6    3.96    0.00    0.99    0.00    0.00    0.00    0.00    0.00    0.00   95.05
03:14:50 AM    7    1.00    0.00    0.00    0.00    0.00    0.00    0.00    0.00    0.00   99.00
03:14:50 AM    8    1.01    0.00    0.00    0.00    0.00    0.00    0.00    0.00    0.00   98.99
03:14:50 AM    9    1.98    0.00    0.99    0.00    0.00    0.00    0.00    0.00    0.00   97.03
03:14:50 AM   10    0.99    0.00    0.99    0.00    0.00    0.00    0.00    0.00    0.00   98.02
03:14:50 AM   11    2.02    0.00    0.00    1.01    0.00    0.00    0.00    0.00    0.00   96.97
03:14:50 AM   12    0.00    0.00    1.01    0.00    0.00    0.00    0.00    0.00    0.00   98.99
03:14:50 AM   13    1.01    0.00    0.00    0.00    0.00    0.00    0.00    0.00    0.00   98.99
03:14:50 AM   14    1.02    0.00    0.00    0.00    0.00    0.00    0.00    0.00    0.00   98.98
03:14:50 AM   15    1.98    0.99    0.00    0.00    0.00    0.00    0.00    0.00    0.00   97.03
03:14:50 AM   16    1.01    0.00    0.00    0.00    0.00    0.00    0.00    0.00    0.00   98.99
03:14:50 AM   17    2.02    0.00    3.03    0.00    0.00    0.00    0.00    0.00    0.00   94.95
03:14:50 AM   18    1.00    0.00    0.00    0.00    0.00    0.00    0.00    0.00    0.00   99.00
03:14:50 AM   19    1.98    0.00    0.00    0.00    0.00    0.00    0.00    0.00    0.00   98.02
03:14:50 AM   20    0.00    0.00    0.00    0.00    0.00    0.00    0.00    0.00    0.00  100.00
03:14:50 AM   21    0.00    0.00    1.01    0.00    0.00    0.00    0.00    0.00    0.00   98.99
03:14:50 AM   22   20.20    0.00   48.48    0.00    0.00   31.31    0.00    0.00    0.00    0.00
03:14:50 AM   23   19.00    0.00   51.00    0.00    0.00   30.00    0.00    0.00    0.00    0.00
03:14:50 AM   24    0.00    0.00    0.00    0.00    0.00    0.00    0.00    0.00    0.00  100.00
03:14:50 AM   25    0.00    0.00    1.02    0.00    0.00    0.00    0.00    0.00    0.00   98.98
03:14:50 AM   26    0.00    0.00    0.00    0.00    0.00    0.00    0.00    0.00    0.00  100.00
03:14:50 AM   27    1.00    0.00    0.00    0.00    0.00    0.00    0.00    0.00    0.00   99.00
03:14:50 AM   28    0.00    0.00    0.00    0.00    0.00    0.00    0.00    0.00    0.00  100.00
03:14:50 AM   29    0.00    0.00    1.00    0.00    0.00    0.00    0.00    0.00    0.00   99.00
03:14:50 AM   30    0.00    0.00    0.00    0.00    0.00    0.00    0.00    0.00    0.00  100.00
03:14:50 AM   31    2.00    0.00    0.00    0.00    0.00    0.00    0.00    0.00    0.00   98.00
03:14:50 AM   32    0.00    0.00    0.00    0.00    0.00    0.00    0.00    0.00    0.00  100.00
03:14:50 AM   33    0.00    0.00    1.00    0.00    0.00    0.00    0.00    0.00    0.00   99.00
03:14:50 AM   34    0.00    0.00    0.00    0.00    0.00    0.00    0.00    0.00    0.00  100.00
03:14:50 AM   35    1.00    0.00    0.00    0.00    0.00    0.00    0.00    0.00    0.00   99.00

Average:     CPU    %usr   %nice    %sys %iowait    %irq   %soft  %steal  %guest  %gnice   %idle
Average:     all    1.79    0.01    3.21    0.04    0.00    1.76    0.00    0.00    0.00   93.20
Average:       0    1.11    0.10    0.50    0.10    0.00    2.22    0.00    0.00    0.00   95.97
Average:       1    1.20    0.00    0.60    0.00    0.00    0.30    0.00    0.00    0.00   97.90
Average:       2    0.70    0.00    0.30    0.00    0.00    0.10    0.00    0.00    0.00   98.89
Average:       3    1.70    0.00    3.51    0.00    0.00    0.00    0.00    0.00    0.00   94.79
Average:       4    0.90    0.10    0.60    0.10    0.00    0.00    0.00    0.00    0.00   98.30
Average:       5    1.11    0.00    0.40    0.10    0.00    0.10    0.00    0.00    0.00   98.29
Average:       6    1.20    0.00    0.30    0.00    0.00    0.00    0.00    0.00    0.00   98.49
Average:       7    0.90    0.00    0.50    0.10    0.00    0.00    0.00    0.00    0.00   98.50
Average:       8    0.90    0.00    0.20    0.10    0.00    0.00    0.00    0.00    0.00   98.80
Average:       9    0.70    0.00    0.40    0.00    0.00    0.00    0.00    0.00    0.00   98.89
Average:      10    0.70    0.00    0.50    0.00    0.00    0.00    0.00    0.00    0.00   98.80
Average:      11    1.20    0.00    0.40    0.30    0.00    0.00    0.00    0.00    0.00   98.10
Average:      12    0.50    0.00    0.60    0.10    0.00    0.00    0.00    0.00    0.00   98.80
Average:      13    0.50    0.00    0.30    0.00    0.00    0.10    0.00    0.00    0.00   99.09
Average:      14    0.70    0.00    0.20    0.00    0.00    0.00    0.00    0.00    0.00   99.10
Average:      15    0.80    0.30    0.50    0.10    0.00    0.00    0.00    0.00    0.00   98.30
Average:      16    0.80    0.00    0.30    0.10    0.00    0.00    0.00    0.00    0.00   98.79
Average:      17    1.50    0.00    1.10    0.00    0.00    0.00    0.00    0.00    0.00   97.39
Average:      18    0.80    0.00    0.40    0.00    0.00    0.00    0.00    0.00    0.00   98.80
Average:      19    0.70    0.00    0.10    0.00    0.00    0.10    0.00    0.00    0.00   99.10
Average:      20    0.30    0.00    0.10    0.10    0.00    0.00    0.00    0.00    0.00   99.50
Average:      21    0.60    0.00    0.50    0.00    0.00    0.00    0.00    0.00    0.00   98.89
Average:      22   18.64    0.00   49.00    0.00    0.00   30.76    0.00    0.00    0.00    1.60
Average:      23   18.64    0.00   49.90    0.00    0.00   29.36    0.00    0.00    0.00    2.10
Average:      24    0.70    0.00    0.60    0.00    0.00    0.00    0.00    0.00    0.00   98.69
Average:      25    0.40    0.00    0.30    0.00    0.00    0.00    0.00    0.00    0.00   99.29
Average:      26    0.60    0.00    0.10    0.00    0.00    0.00    0.00    0.00    0.00   99.30
Average:      27    0.60    0.00    0.20    0.00    0.00    0.10    0.00    0.00    0.00   99.10
Average:      28    0.60    0.00    0.60    0.00    0.00    0.00    0.00    0.00    0.00   98.80
Average:      29    0.50    0.00    0.30    0.00    0.00    0.00    0.00    0.00    0.00   99.20
Average:      30    0.80    0.00    0.30    0.00    0.00    0.00    0.00    0.00    0.00   98.90
Average:      31    1.10    0.00    0.20    0.10    0.00    0.00    0.00    0.00    0.00   98.60
Average:      32    0.40    0.00    0.40    0.00    0.00    0.00    0.00    0.00    0.00   99.20
Average:      33    0.30    0.00    0.30    0.00    0.00    0.00    0.00    0.00    0.00   99.40
Average:      34    0.71    0.00    0.10    0.00    0.00    0.00    0.00    0.00    0.00   99.19
Average:      35    0.70    0.00    0.60    0.00    0.00    0.00    0.00    0.00    0.00   98.70
