Linux 5.15.0-186-generic (rapids4) 	07/28/2026 	_x86_64_	(36 CPU)

02:52:56 AM  CPU    %usr   %nice    %sys %iowait    %irq   %soft  %steal  %guest  %gnice   %idle
02:52:57 AM  all    1.70    0.03    2.62    0.08    0.00    1.81    0.00    0.00    0.00   93.75
02:52:57 AM    0    0.98    0.00    0.00    0.00    0.00    4.90    0.00    0.00    0.00   94.12
02:52:57 AM    1    1.01    0.00    0.00    0.00    0.00    0.00    0.00    0.00    0.00   98.99
02:52:57 AM    2    0.00    0.99    0.00    0.00    0.00    0.99    0.00    0.00    0.00   98.02
02:52:57 AM    3    1.00    0.00    0.00    0.00    0.00    0.00    0.00    0.00    0.00   99.00
02:52:57 AM    4    1.00    0.00    0.00    0.00    0.00    0.00    0.00    0.00    0.00   99.00
02:52:57 AM    5    0.00    0.00    0.00    0.00    0.00    0.00    0.00    0.00    0.00  100.00
02:52:57 AM    6    0.99    0.00    0.99    0.00    0.00    0.99    0.00    0.00    0.00   97.03
02:52:57 AM    7    1.00    0.00    1.00    1.00    0.00    0.00    0.00    0.00    0.00   97.00
02:52:57 AM    8    1.00    0.00    0.00    0.00    0.00    0.00    0.00    0.00    0.00   99.00
02:52:57 AM    9    0.00    0.00    0.00    0.00    0.00    0.00    0.00    0.00    0.00  100.00
02:52:57 AM   10    0.00    0.00    0.00    0.00    0.00    0.00    0.00    0.00    0.00  100.00
02:52:57 AM   11    1.00    0.00    0.00    0.00    0.00    0.00    0.00    0.00    0.00   99.00
02:52:57 AM   12    1.98    0.00    0.99    0.00    0.00    0.00    0.00    0.00    0.00   97.03
02:52:57 AM   13    1.01    0.00    0.00    0.00    0.00    0.00    0.00    0.00    0.00   98.99
02:52:57 AM   14    1.00    0.00    1.00    0.00    0.00    0.00    0.00    0.00    0.00   98.00
02:52:57 AM   15    3.06    0.00    6.12    0.00    0.00    0.00    0.00    0.00    0.00   90.82
02:52:57 AM   16    2.00    0.00    0.00    0.00    0.00    0.00    0.00    0.00    0.00   98.00
02:52:57 AM   17    1.01    0.00    1.01    0.00    0.00    0.00    0.00    0.00    0.00   97.98
02:52:57 AM   18    1.01    0.00    0.00    0.00    0.00    0.00    0.00    0.00    0.00   98.99
02:52:57 AM   19    1.01    0.00    0.00    0.00    0.00    0.00    0.00    0.00    0.00   98.99
02:52:57 AM   20    0.00    0.00    0.00    0.00    0.00    0.00    0.00    0.00    0.00  100.00
02:52:57 AM   21    0.00    0.00    0.00    0.00    0.00    0.00    0.00    0.00    0.00  100.00
02:52:57 AM   22   11.11    0.00   38.38    0.00    0.00   34.34    0.00    0.00    0.00   16.16
02:52:57 AM   23   18.63    0.00   40.20    0.00    0.00   23.53    0.00    0.00    0.00   17.65
02:52:57 AM   24    1.00    0.00    1.00    0.00    0.00    0.00    0.00    0.00    0.00   98.00
02:52:57 AM   25    4.00    0.00    1.00    0.00    0.00    0.00    0.00    0.00    0.00   95.00
02:52:57 AM   26    0.00    0.00    0.00    0.00    0.00    0.00    0.00    0.00    0.00  100.00
02:52:57 AM   27    0.00    0.00    0.00    0.00    0.00    0.00    0.00    0.00    0.00  100.00
02:52:57 AM   28    0.00    0.00    1.02    0.00    0.00    0.00    0.00    0.00    0.00   98.98
02:52:57 AM   29    1.01    0.00    0.00    0.00    0.00    0.00    0.00    0.00    0.00   98.99
02:52:57 AM   30    0.00    0.00    0.00    0.00    0.00    0.00    0.00    0.00    0.00  100.00
02:52:57 AM   31    1.00    0.00    0.00    1.00    0.00    0.00    0.00    0.00    0.00   98.00
02:52:57 AM   32    1.01    0.00    0.00    0.00    0.00    0.00    0.00    0.00    0.00   98.99
02:52:57 AM   33    1.00    0.00    1.00    0.00    0.00    0.00    0.00    0.00    0.00   98.00
02:52:57 AM   34    1.01    0.00    0.00    0.00    0.00    0.00    0.00    0.00    0.00   98.99
02:52:57 AM   35    1.00    0.00    0.00    1.00    0.00    0.00    0.00    0.00    0.00   98.00

02:52:57 AM  CPU    %usr   %nice    %sys %iowait    %irq   %soft  %steal  %guest  %gnice   %idle
02:52:58 AM  all    1.31    0.00    3.18    0.06    0.00    1.98    0.00    0.00    0.00   93.47
02:52:58 AM    0    0.95    0.00    0.95    0.00    0.00    7.62    0.00    0.00    0.00   90.48
02:52:58 AM    1    1.00    0.00    0.00    0.00    0.00    1.00    0.00    0.00    0.00   98.00
02:52:58 AM    2    0.00    0.00    1.01    0.00    0.00    0.00    0.00    0.00    0.00   98.99
02:52:58 AM    3    1.01    0.00    0.00    0.00    0.00    0.00    0.00    0.00    0.00   98.99
02:52:58 AM    4    1.98    0.00    0.00    0.99    0.00    0.00    0.00    0.00    0.00   97.03
02:52:58 AM    5    0.00    0.00    1.00    0.00    0.00    0.00    0.00    0.00    0.00   99.00
02:52:58 AM    6    0.00    0.00    0.00    0.00    0.00    0.00    0.00    0.00    0.00  100.00
02:52:58 AM    7    0.00    0.00    0.00    0.00    0.00    0.00    0.00    0.00    0.00  100.00
02:52:58 AM    8    1.00    0.00    0.00    0.00    0.00    0.00    0.00    0.00    0.00   99.00
02:52:58 AM    9    1.00    0.00    0.00    0.00    0.00    0.00    0.00    0.00    0.00   99.00
02:52:58 AM   10    1.00    0.00    1.00    0.00    0.00    0.00    0.00    0.00    0.00   98.00
02:52:58 AM   11    0.00    0.00    2.00    0.00    0.00    0.00    0.00    0.00    0.00   98.00
02:52:58 AM   12    2.02    0.00    0.00    0.00    0.00    0.00    0.00    0.00    0.00   97.98
02:52:58 AM   13    0.00    0.00    1.00    0.00    0.00    0.00    0.00    0.00    0.00   99.00
02:52:58 AM   14    0.00    0.00    0.00    0.00    0.00    0.00    0.00    0.00    0.00  100.00
02:52:58 AM   15    0.00    0.00    1.01    0.00    0.00    0.00    0.00    0.00    0.00   98.99
02:52:58 AM   16    0.00    0.00    1.01    0.00    0.00    0.00    0.00    0.00    0.00   98.99
02:52:58 AM   17    1.00    0.00    0.00    0.00    0.00    0.00    0.00    0.00    0.00   99.00
02:52:58 AM   18    0.00    0.00    1.00    0.00    0.00    0.00    0.00    0.00    0.00   99.00
02:52:58 AM   19    0.00    0.00    0.00    0.00    0.00    0.00    0.00    0.00    0.00  100.00
02:52:58 AM   20    1.00    0.00    0.00    0.00    0.00    0.00    0.00    0.00    0.00   99.00
02:52:58 AM   21    0.00    0.00    0.00    0.00    0.00    0.00    0.00    0.00    0.00  100.00
02:52:58 AM   22   16.83    0.00   51.49    0.00    0.00   31.68    0.00    0.00    0.00    0.00
02:52:58 AM   23   15.31    0.00   51.02    0.00    0.00   30.61    0.00    0.00    0.00    3.06
02:52:58 AM   24    1.00    0.00    0.00    0.00    0.00    0.00    0.00    0.00    0.00   99.00
02:52:58 AM   25    0.00    0.00    0.00    0.00    0.00    0.00    0.00    0.00    0.00  100.00
02:52:58 AM   26    0.00    0.00    0.99    0.00    0.00    0.00    0.00    0.00    0.00   99.01
02:52:58 AM   27    1.00    0.00    0.00    1.00    0.00    0.00    0.00    0.00    0.00   98.00
02:52:58 AM   28    0.00    0.00    0.00    0.00    0.00    0.00    0.00    0.00    0.00  100.00
02:52:58 AM   29    0.00    0.00    0.00    0.00    0.00    0.00    0.00    0.00    0.00  100.00
02:52:58 AM   30    0.00    0.00    0.00    0.00    0.00    0.00    0.00    0.00    0.00  100.00
02:52:58 AM   31    0.00    0.00    0.00    0.00    0.00    0.00    0.00    0.00    0.00  100.00
02:52:58 AM   32    1.00    0.00    0.00    0.00    0.00    0.00    0.00    0.00    0.00   99.00
02:52:58 AM   33    0.00    0.00    1.00    0.00    0.00    0.00    0.00    0.00    0.00   99.00
02:52:58 AM   34    0.00    0.00    0.00    0.00    0.00    0.00    0.00    0.00    0.00  100.00
02:52:58 AM   35    0.00    0.00    0.00    0.00    0.00    0.00    0.00    0.00    0.00  100.00

02:52:58 AM  CPU    %usr   %nice    %sys %iowait    %irq   %soft  %steal  %guest  %gnice   %idle
02:52:59 AM  all    1.78    0.03    3.06    0.08    0.00    1.98    0.00    0.00    0.00   93.06
02:52:59 AM    0    0.00    0.00    0.00    0.00    0.00    9.43    0.00    0.00    0.00   90.57
02:52:59 AM    1    0.00    0.00    0.00    0.00    0.00    0.00    0.00    0.00    0.00  100.00
02:52:59 AM    2    1.00    0.00    0.00    0.00    0.00    0.00    0.00    0.00    0.00   99.00
02:52:59 AM    3    1.00    0.00    0.00    1.00    0.00    0.00    0.00    0.00    0.00   98.00
02:52:59 AM    4    0.00    0.00    1.01    0.00    0.00    0.00    0.00    0.00    0.00   98.99
02:52:59 AM    5    2.00    0.00    0.00    0.00    0.00    0.00    0.00    0.00    0.00   98.00
02:52:59 AM    6    2.02    0.00    0.00    0.00    0.00    0.00    0.00    0.00    0.00   97.98
02:52:59 AM    7    0.00    1.00    0.00    0.00    0.00    0.00    0.00    0.00    0.00   99.00
02:52:59 AM    8    2.00    0.00    0.00    0.00    0.00    0.00    0.00    0.00    0.00   98.00
02:52:59 AM    9    0.00    0.00    0.00    0.00    0.00    0.00    0.00    0.00    0.00  100.00
02:52:59 AM   10    1.01    0.00    0.00    1.01    0.00    0.00    0.00    0.00    0.00   97.98
02:52:59 AM   11    1.01    0.00    0.00    0.00    0.00    0.00    0.00    0.00    0.00   98.99
02:52:59 AM   12    1.00    0.00    1.00    0.00    0.00    0.00    0.00    0.00    0.00   98.00
02:52:59 AM   13    2.02    0.00    0.00    0.00    0.00    0.00    0.00    0.00    0.00   97.98
02:52:59 AM   14    0.00    0.00    1.01    0.00    0.00    0.00    0.00    0.00    0.00   98.99
02:52:59 AM   15    3.96    0.00    6.93    0.99    0.00    0.00    0.00    0.00    0.00   88.12
02:52:59 AM   16    1.01    0.00    0.00    0.00    0.00    0.00    0.00    0.00    0.00   98.99
02:52:59 AM   17    0.00    0.00    0.00    0.00    0.00    0.00    0.00    0.00    0.00  100.00
02:52:59 AM   18    0.00    0.00    0.00    0.00    0.00    0.00    0.00    0.00    0.00  100.00
02:52:59 AM   19    1.00    0.00    0.00    0.00    0.00    0.00    0.00    0.00    0.00   99.00
02:52:59 AM   20    0.00    0.00    1.00    0.00    0.00    0.00    0.00    0.00    0.00   99.00
02:52:59 AM   21    0.99    0.00    0.99    0.00    0.00    0.00    0.00    0.00    0.00   98.02
02:52:59 AM   22   23.00    0.00   45.00    0.00    0.00   32.00    0.00    0.00    0.00    0.00
02:52:59 AM   23   18.00    0.00   50.00    0.00    0.00   29.00    0.00    0.00    0.00    3.00
02:52:59 AM   24    0.00    0.00    1.01    0.00    0.00    0.00    0.00    0.00    0.00   98.99
02:52:59 AM   25    1.00    0.00    0.00    0.00    0.00    0.00    0.00    0.00    0.00   99.00
02:52:59 AM   26    0.00    0.00    0.00    0.00    0.00    0.00    0.00    0.00    0.00  100.00
02:52:59 AM   27    0.00    0.00    0.00    0.00    0.00    0.00    0.00    0.00    0.00  100.00
02:52:59 AM   28    0.00    0.00    0.00    0.00    0.00    0.00    0.00    0.00    0.00  100.00
02:52:59 AM   29    0.00    0.00    1.00    0.00    0.00    0.00    0.00    0.00    0.00   99.00
02:52:59 AM   30    1.00    0.00    0.00    0.00    0.00    0.00    0.00    0.00    0.00   99.00
02:52:59 AM   31    0.00    0.00    0.00    0.00    0.00    0.00    0.00    0.00    0.00  100.00
02:52:59 AM   32    0.00    0.00    1.00    0.00    0.00    0.00    0.00    0.00    0.00   99.00
02:52:59 AM   33    1.00    0.00    0.00    0.00    0.00    0.00    0.00    0.00    0.00   99.00
02:52:59 AM   34    0.00    0.00    0.00    0.00    0.00    0.00    0.00    0.00    0.00  100.00
02:52:59 AM   35    0.00    0.00    0.00    0.00    0.00    0.00    0.00    0.00    0.00  100.00

02:52:59 AM  CPU    %usr   %nice    %sys %iowait    %irq   %soft  %steal  %guest  %gnice   %idle
02:53:00 AM  all    1.93    0.03    3.16    0.03    0.00    1.73    0.00    0.00    0.00   93.12
02:53:00 AM    0    0.97    0.00    0.97    0.00    0.00    4.85    0.00    0.00    0.00   93.20
02:53:00 AM    1    0.00    0.00    0.00    0.00    0.00    0.00    0.00    0.00    0.00  100.00
02:53:00 AM    2    1.98    0.99    0.00    0.00    0.00    0.00    0.00    0.00    0.00   97.03
02:53:00 AM    3    1.01    0.00    0.00    0.00    0.00    0.00    0.00    0.00    0.00   98.99
02:53:00 AM    4    2.02    0.00    0.00    1.01    0.00    0.00    0.00    0.00    0.00   96.97
02:53:00 AM    5    1.01    0.00    1.01    0.00    0.00    0.00    0.00    0.00    0.00   97.98
02:53:00 AM    6    2.02    0.00    0.00    0.00    0.00    0.00    0.00    0.00    0.00   97.98
02:53:00 AM    7    1.02    0.00    0.00    0.00    0.00    0.00    0.00    0.00    0.00   98.98
02:53:00 AM    8    1.02    0.00    0.00    0.00    0.00    0.00    0.00    0.00    0.00   98.98
02:53:00 AM    9    1.98    0.00    0.00    0.00    0.00    0.99    0.00    0.00    0.00   97.03
02:53:00 AM   10    0.99    0.00    0.99    0.00    0.00    0.00    0.00    0.00    0.00   98.02
02:53:00 AM   11    1.98    0.00    0.99    0.00    0.00    0.00    0.00    0.00    0.00   97.03
02:53:00 AM   12    0.99    0.00    0.99    0.00    0.00    0.00    0.00    0.00    0.00   98.02
02:53:00 AM   13    0.99    0.00    0.99    0.00    0.00    0.00    0.00    0.00    0.00   98.02
02:53:00 AM   14    0.00    0.00    0.00    0.00    0.00    0.00    0.00    0.00    0.00  100.00
02:53:00 AM   15    2.02    0.00    6.06    0.00    0.00    0.00    0.00    0.00    0.00   91.92
02:53:00 AM   16    1.01    0.00    0.00    0.00    0.00    0.00    0.00    0.00    0.00   98.99
02:53:00 AM   17    0.00    0.00    0.00    0.00    0.00    0.00    0.00    0.00    0.00  100.00
02:53:00 AM   18    1.01    0.00    0.00    0.00    0.00    0.00    0.00    0.00    0.00   98.99
02:53:00 AM   19    0.00    0.00    0.00    0.00    0.00    0.00    0.00    0.00    0.00  100.00
02:53:00 AM   20    1.00    0.00    1.00    0.00    0.00    0.00    0.00    0.00    0.00   98.00
02:53:00 AM   21    0.00    0.00    0.00    0.00    0.00    0.00    0.00    0.00    0.00  100.00
02:53:00 AM   22   21.00    0.00   49.00    0.00    0.00   30.00    0.00    0.00    0.00    0.00
02:53:00 AM   23   20.41    0.00   51.02    0.00    0.00   26.53    0.00    0.00    0.00    2.04
02:53:00 AM   24    0.00    0.00    0.00    0.00    0.00    0.00    0.00    0.00    0.00  100.00
02:53:00 AM   25    0.00    0.00    1.00    0.00    0.00    0.00    0.00    0.00    0.00   99.00
02:53:00 AM   26    0.00    0.00    0.00    0.00    0.00    0.00    0.00    0.00    0.00  100.00
02:53:00 AM   27    0.00    0.00    0.00    0.00    0.00    0.00    0.00    0.00    0.00  100.00
02:53:00 AM   28    0.00    0.00    0.00    0.00    0.00    0.00    0.00    0.00    0.00  100.00
02:53:00 AM   29    0.00    0.00    0.00    0.00    0.00    0.00    0.00    0.00    0.00  100.00
02:53:00 AM   30    1.00    0.00    0.00    0.00    0.00    0.00    0.00    0.00    0.00   99.00
02:53:00 AM   31    0.00    0.00    0.00    0.00    0.00    0.00    0.00    0.00    0.00  100.00
02:53:00 AM   32    0.00    0.00    0.00    0.00    0.00    0.00    0.00    0.00    0.00  100.00
02:53:00 AM   33    4.04    0.00    0.00    0.00    0.00    0.00    0.00    0.00    0.00   95.96
02:53:00 AM   34    0.00    0.00    0.00    0.00    0.00    0.00    0.00    0.00    0.00  100.00
02:53:00 AM   35    0.00    0.00    0.00    0.00    0.00    0.00    0.00    0.00    0.00  100.00

02:53:00 AM  CPU    %usr   %nice    %sys %iowait    %irq   %soft  %steal  %guest  %gnice   %idle
02:53:01 AM  all    1.62    0.00    2.94    0.11    0.00    1.87    0.00    0.00    0.00   93.46
02:53:01 AM    0    0.00    0.00    0.00    0.00    0.00    3.03    0.00    0.00    0.00   96.97
02:53:01 AM    1    0.00    0.00    1.01    0.00    0.00    0.00    0.00    0.00    0.00   98.99
02:53:01 AM    2    1.00    0.00    1.00    0.00    0.00    0.00    0.00    0.00    0.00   98.00
02:53:01 AM    3    0.00    0.00    1.02    0.00    0.00    0.00    0.00    0.00    0.00   98.98
02:53:01 AM    4    1.98    0.00    0.99    0.00    0.00    0.00    0.00    0.00    0.00   97.03
02:53:01 AM    5    1.00    0.00    1.00    0.00    0.00    0.00    0.00    0.00    0.00   98.00
02:53:01 AM    6    2.00    0.00    0.00    1.00    0.00    0.00    0.00    0.00    0.00   97.00
02:53:01 AM    7    0.00    0.00    0.00    0.00    0.00    0.00    0.00    0.00    0.00  100.00
02:53:01 AM    8    2.00    0.00    1.00    0.00    0.00    0.00    0.00    0.00    0.00   97.00
02:53:01 AM    9    0.00    0.00    0.00    1.03    0.00    0.00    0.00    0.00    0.00   98.97
02:53:01 AM   10    0.00    0.00    0.00    0.00    0.00    0.00    0.00    0.00    0.00  100.00
02:53:01 AM   11    1.01    0.00    0.00    0.00    0.00    0.00    0.00    0.00    0.00   98.99
02:53:01 AM   12    0.00    0.00    0.00    0.00    0.00    0.00    0.00    0.00    0.00  100.00
02:53:01 AM   13    1.00    0.00    1.00    0.00    0.00    0.00    0.00    0.00    0.00   98.00
02:53:01 AM   14    0.00    0.00    1.01    0.00    0.00    0.00    0.00    0.00    0.00   98.99
02:53:01 AM   15    1.00    0.00    0.00    0.00    0.00    0.00    0.00    0.00    0.00   99.00
02:53:01 AM   16    0.00    0.00    0.00    0.00    0.00    0.00    0.00    0.00    0.00  100.00
02:53:01 AM   17    0.00    0.00    1.01    0.00    0.00    0.00    0.00    0.00    0.00   98.99
02:53:01 AM   18    0.00    0.00    0.00    0.00    0.00    0.00    0.00    0.00    0.00  100.00
02:53:01 AM   19    0.00    0.00    1.00    0.00    0.00    0.00    0.00    0.00    0.00   99.00
02:53:01 AM   20    0.00    0.00    0.00    0.00    0.00    0.00    0.00    0.00    0.00  100.00
02:53:01 AM   21    0.00    0.00    0.00    0.00    0.00    0.00    0.00    0.00    0.00  100.00
02:53:01 AM   22   19.00    0.00   46.00    0.00    0.00   35.00    0.00    0.00    0.00    0.00
02:53:01 AM   23   21.00    0.00   47.00    0.00    0.00   29.00    0.00    0.00    0.00    3.00
02:53:01 AM   24    1.01    0.00    0.00    0.00    0.00    0.00    0.00    0.00    0.00   98.99
02:53:01 AM   25    0.00    0.00    0.00    0.00    0.00    0.00    0.00    0.00    0.00  100.00
02:53:01 AM   26    0.00    0.00    0.99    0.99    0.00    0.00    0.00    0.00    0.00   98.02
02:53:01 AM   27    0.00    0.00    0.00    0.00    0.00    0.00    0.00    0.00    0.00  100.00
02:53:01 AM   28    0.99    0.00    0.99    0.00    0.00    0.00    0.00    0.00    0.00   98.02
02:53:01 AM   29    0.00    0.00    0.00    0.00    0.00    0.00    0.00    0.00    0.00  100.00
02:53:01 AM   30    0.00    0.00    0.00    0.00    0.00    0.00    0.00    0.00    0.00  100.00
02:53:01 AM   31    1.00    0.00    0.00    0.00    0.00    0.00    0.00    0.00    0.00   99.00
02:53:01 AM   32    1.01    0.00    0.00    0.00    0.00    0.00    0.00    0.00    0.00   98.99
02:53:01 AM   33    1.00    0.00    0.00    1.00    0.00    0.00    0.00    0.00    0.00   98.00
02:53:01 AM   34    1.00    0.00    0.00    0.00    0.00    0.00    0.00    0.00    0.00   99.00
02:53:01 AM   35    1.00    0.00    0.00    0.00    0.00    0.00    0.00    0.00    0.00   99.00

02:53:01 AM  CPU    %usr   %nice    %sys %iowait    %irq   %soft  %steal  %guest  %gnice   %idle
02:53:02 AM  all    2.28    0.00    3.42    0.00    0.00    2.03    0.00    0.00    0.00   92.27
02:53:02 AM    0    0.98    0.00    0.00    0.00    0.00    5.88    0.00    0.00    0.00   93.14
02:53:02 AM    1    2.04    0.00    0.00    0.00    0.00    0.00    0.00    0.00    0.00   97.96
02:53:02 AM    2    2.04    0.00    0.00    0.00    0.00    0.00    0.00    0.00    0.00   97.96
02:53:02 AM    3    2.00    0.00    1.00    0.00    0.00    0.00    0.00    0.00    0.00   97.00
02:53:02 AM    4    2.04    0.00    2.04    0.00    0.00    0.00    0.00    0.00    0.00   95.92
02:53:02 AM    5    2.04    0.00    0.00    0.00    0.00    0.00    0.00    0.00    0.00   97.96
02:53:02 AM    6    1.98    0.00    1.98    0.00    0.00    0.00    0.00    0.00    0.00   96.04
02:53:02 AM    7    2.00    0.00    1.00    0.00    0.00    1.00    0.00    0.00    0.00   96.00
02:53:02 AM    8    2.02    0.00    0.00    0.00    0.00    0.00    0.00    0.00    0.00   97.98
02:53:02 AM    9    2.97    0.00    0.00    0.00    0.00    0.99    0.00    0.00    0.00   96.04
02:53:02 AM   10    2.00    0.00    1.00    0.00    0.00    0.00    0.00    0.00    0.00   97.00
02:53:02 AM   11    1.00    0.00    0.00    0.00    0.00    1.00    0.00    0.00    0.00   98.00
02:53:02 AM   12    1.01    0.00    0.00    0.00    0.00    0.00    0.00    0.00    0.00   98.99
02:53:02 AM   13    2.02    0.00    1.01    0.00    0.00    0.00    0.00    0.00    0.00   96.97
02:53:02 AM   14    2.00    0.00    0.00    0.00    0.00    0.00    0.00    0.00    0.00   98.00
02:53:02 AM   15    2.02    0.00    7.07    0.00    0.00    1.01    0.00    0.00    0.00   89.90
02:53:02 AM   16    1.01    0.00    1.01    0.00    0.00    0.00    0.00    0.00    0.00   97.98
02:53:02 AM   17    1.00    0.00    1.00    0.00    0.00    0.00    0.00    0.00    0.00   98.00
02:53:02 AM   18    1.96    0.00    0.98    0.00    0.00    0.00    0.00    0.00    0.00   97.06
02:53:02 AM   19    0.00    0.00    1.00    0.00    0.00    0.00    0.00    0.00    0.00   99.00
02:53:02 AM   20    1.98    0.00    0.00    0.00    0.00    0.00    0.00    0.00    0.00   98.02
02:53:02 AM   21    1.00    0.00    0.00    0.00    0.00    0.00    0.00    0.00    0.00   99.00
02:53:02 AM   22   18.18    0.00   47.47    0.00    0.00   34.34    0.00    0.00    0.00    0.00
02:53:02 AM   23   19.80    0.00   48.51    0.00    0.00   28.71    0.00    0.00    0.00    2.97
02:53:02 AM   24    0.00    0.00    1.01    0.00    0.00    0.00    0.00    0.00    0.00   98.99
02:53:02 AM   25    1.01    0.00    0.00    0.00    0.00    0.00    0.00    0.00    0.00   98.99
02:53:02 AM   26    1.01    0.00    0.00    0.00    0.00    0.00    0.00    0.00    0.00   98.99
02:53:02 AM   27    0.99    0.00    0.99    0.00    0.00    0.00    0.00    0.00    0.00   98.02
02:53:02 AM   28    0.00    0.00    1.00    0.00    0.00    0.00    0.00    0.00    0.00   99.00
02:53:02 AM   29    0.00    0.00    0.00    0.00    0.00    0.00    0.00    0.00    0.00  100.00
02:53:02 AM   30    0.00    0.00    1.00    0.00    0.00    0.00    0.00    0.00    0.00   99.00
02:53:02 AM   31    0.00    0.00    0.99    0.00    0.00    0.00    0.00    0.00    0.00   99.01
02:53:02 AM   32    0.98    0.00    0.98    0.00    0.00    0.00    0.00    0.00    0.00   98.04
02:53:02 AM   33    1.00    0.00    0.00    0.00    0.00    0.00    0.00    0.00    0.00   99.00
02:53:02 AM   34    0.99    0.00    0.99    0.00    0.00    0.00    0.00    0.00    0.00   98.02
02:53:02 AM   35    1.00    0.00    1.00    0.00    0.00    0.00    0.00    0.00    0.00   98.00

02:53:02 AM  CPU    %usr   %nice    %sys %iowait    %irq   %soft  %steal  %guest  %gnice   %idle
02:53:03 AM  all    1.95    0.00    3.41    0.11    0.00    1.76    0.00    0.00    0.00   92.77
02:53:03 AM    0    0.00    0.00    0.00    0.00    0.00    9.52    0.00    0.00    0.00   90.48
02:53:03 AM    1    0.00    0.00    1.00    0.00    0.00    1.00    0.00    0.00    0.00   98.00
02:53:03 AM    2    0.00    0.00    0.00    0.00    0.00    0.00    0.00    0.00    0.00  100.00
02:53:03 AM    3    0.00    0.00    0.00    0.00    0.00    0.00    0.00    0.00    0.00  100.00
02:53:03 AM    4    0.00    0.00    0.00    0.00    0.00    0.00    0.00    0.00    0.00  100.00
02:53:03 AM    5    2.02    0.00    0.00    0.00    0.00    0.00    0.00    0.00    0.00   97.98
02:53:03 AM    6    1.02    0.00    0.00    0.00    0.00    0.00    0.00    0.00    0.00   98.98
02:53:03 AM    7    1.98    0.00    0.99    0.00    0.00    0.00    0.00    0.00    0.00   97.03
02:53:03 AM    8    2.02    0.00    1.01    0.00    0.00    0.00    0.00    0.00    0.00   96.97
02:53:03 AM    9    2.04    0.00    0.00    1.02    0.00    0.00    0.00    0.00    0.00   96.94
02:53:03 AM   10    2.00    0.00    0.00    0.00    0.00    0.00    0.00    0.00    0.00   98.00
02:53:03 AM   11    1.01    0.00    1.01    0.00    0.00    0.00    0.00    0.00    0.00   97.98
02:53:03 AM   12    2.00    0.00    0.00    0.00    0.00    0.00    0.00    0.00    0.00   98.00
02:53:03 AM   13    5.00    0.00    0.00    0.00    0.00    0.00    0.00    0.00    0.00   95.00
02:53:03 AM   14    2.00    0.00    1.00    0.00    0.00    0.00    0.00    0.00    0.00   97.00
02:53:03 AM   15    3.96    0.00    5.94    0.99    0.00    0.00    0.00    0.00    0.00   89.11
02:53:03 AM   16    2.00    0.00    1.00    0.00    0.00    0.00    0.00    0.00    0.00   97.00
02:53:03 AM   17    2.02    0.00    0.00    0.00    0.00    0.00    0.00    0.00    0.00   97.98
02:53:03 AM   18    0.00    0.00    0.00    0.00    0.00    0.00    0.00    0.00    0.00  100.00
02:53:03 AM   19    0.00    0.00    0.00    0.00    0.00    0.00    0.00    0.00    0.00  100.00
02:53:03 AM   20    0.00    0.00    0.00    0.00    0.00    0.00    0.00    0.00    0.00  100.00
02:53:03 AM   21    0.00    0.00    0.00    0.00    0.00    0.00    0.00    0.00    0.00  100.00
02:53:03 AM   22   16.83    0.00   52.48    0.00    0.00   29.70    0.00    0.00    0.00    0.99
02:53:03 AM   23   21.21    0.00   54.55    0.00    0.00   22.22    0.00    0.00    0.00    2.02
02:53:03 AM   24    1.01    0.00    0.00    0.00    0.00    0.00    0.00    0.00    0.00   98.99
02:53:03 AM   25    0.00    0.00    1.00    1.00    0.00    0.00    0.00    0.00    0.00   98.00
02:53:03 AM   26    1.00    0.00    0.00    0.00    0.00    0.00    0.00    0.00    0.00   99.00
02:53:03 AM   27    0.00    0.00    1.01    0.00    0.00    0.00    0.00    0.00    0.00   98.99
02:53:03 AM   28    1.01    0.00    0.00    0.00    0.00    0.00    0.00    0.00    0.00   98.99
02:53:03 AM   29    0.00    0.00    0.00    0.00    0.00    0.00    0.00    0.00    0.00  100.00
02:53:03 AM   30    0.00    0.00    0.00    0.00    0.00    0.00    0.00    0.00    0.00  100.00
02:53:03 AM   31    0.00    0.00    0.00    0.00    0.00    0.00    0.00    0.00    0.00  100.00
02:53:03 AM   32    0.00    0.00    0.00    0.00    0.00    0.00    0.00    0.00    0.00  100.00
02:53:03 AM   33    0.00    0.00    0.00    0.00    0.00    0.00    0.00    0.00    0.00  100.00
02:53:03 AM   34    0.00    0.00    1.00    1.00    0.00    0.00    0.00    0.00    0.00   98.00
02:53:03 AM   35    0.00    0.00    0.00    0.00    0.00    0.00    0.00    0.00    0.00  100.00

02:53:03 AM  CPU    %usr   %nice    %sys %iowait    %irq   %soft  %steal  %guest  %gnice   %idle
02:53:04 AM  all    1.42    0.00    3.06    0.03    0.00    2.14    0.00    0.00    0.00   93.35
02:53:04 AM    0    0.91    0.00    0.00    0.00    0.00   12.73    0.00    0.00    0.00   86.36
02:53:04 AM    1    1.00    0.00    0.00    0.00    0.00    1.00    0.00    0.00    0.00   98.00
02:53:04 AM    2    2.00    0.00    0.00    0.00    0.00    0.00    0.00    0.00    0.00   98.00
02:53:04 AM    3    1.00    0.00    0.00    0.00    0.00    0.00    0.00    0.00    0.00   99.00
02:53:04 AM    4    0.00    0.00    2.02    0.00    0.00    0.00    0.00    0.00    0.00   97.98
02:53:04 AM    5    1.00    0.00    1.00    0.00    0.00    0.00    0.00    0.00    0.00   98.00
02:53:04 AM    6    0.00    0.00    0.00    0.00    0.00    0.00    0.00    0.00    0.00  100.00
02:53:04 AM    7    1.01    0.00    0.00    0.00    0.00    0.00    0.00    0.00    0.00   98.99
02:53:04 AM    8    2.00    0.00    0.00    0.00    0.00    0.00    0.00    0.00    0.00   98.00
02:53:04 AM    9    0.00    0.00    0.00    1.01    0.00    0.00    0.00    0.00    0.00   98.99
02:53:04 AM   10    1.00    0.00    0.00    0.00    0.00    0.00    0.00    0.00    0.00   99.00
02:53:04 AM   11    0.00    0.00    2.00    0.00    0.00    0.00    0.00    0.00    0.00   98.00
02:53:04 AM   12    0.00    0.00    0.00    0.00    0.00    0.00    0.00    0.00    0.00  100.00
02:53:04 AM   13    1.00    0.00    1.00    0.00    0.00    0.00    0.00    0.00    0.00   98.00
02:53:04 AM   14    0.00    0.00    0.00    0.00    0.00    0.00    0.00    0.00    0.00  100.00
02:53:04 AM   15    1.00    0.00    0.00    0.00    0.00    0.00    0.00    0.00    0.00   99.00
02:53:04 AM   16    1.01    0.00    0.00    0.00    0.00    0.00    0.00    0.00    0.00   98.99
02:53:04 AM   17    0.00    0.00    0.00    0.00    0.00    0.00    0.00    0.00    0.00  100.00
02:53:04 AM   18    0.00    0.00    0.00    0.00    0.00    0.00    0.00    0.00    0.00  100.00
02:53:04 AM   19    1.00    0.00    0.00    0.00    0.00    0.00    0.00    0.00    0.00   99.00
02:53:04 AM   20    0.00    0.00    0.00    0.00    0.00    0.00    0.00    0.00    0.00  100.00
02:53:04 AM   21    0.00    0.00    0.00    0.00    0.00    0.00    0.00    0.00    0.00  100.00
02:53:04 AM   22   16.00    0.00   57.00    0.00    0.00   27.00    0.00    0.00    0.00    0.00
02:53:04 AM   23   17.65    0.00   45.10    0.00    0.00   34.31    0.00    0.00    0.00    2.94
02:53:04 AM   24    0.00    0.00    0.00    0.00    0.00    0.00    0.00    0.00    0.00  100.00
02:53:04 AM   25    0.00    0.00    1.01    0.00    0.00    0.00    0.00    0.00    0.00   98.99
02:53:04 AM   26    0.00    0.00    0.00    0.00    0.00    0.00    0.00    0.00    0.00  100.00
02:53:04 AM   27    1.00    0.00    0.00    0.00    0.00    0.00    0.00    0.00    0.00   99.00
02:53:04 AM   28    0.00    0.00    0.00    0.00    0.00    0.00    0.00    0.00    0.00  100.00
02:53:04 AM   29    0.00    0.00    0.00    0.00    0.00    0.00    0.00    0.00    0.00  100.00
02:53:04 AM   30    1.00    0.00    0.00    0.00    0.00    0.00    0.00    0.00    0.00   99.00
02:53:04 AM   31    0.00    0.00    0.00    0.00    0.00    0.00    0.00    0.00    0.00  100.00
02:53:04 AM   32    0.00    0.00    0.00    0.00    0.00    0.00    0.00    0.00    0.00  100.00
02:53:04 AM   33    1.00    0.00    0.00    0.00    0.00    0.00    0.00    0.00    0.00   99.00
02:53:04 AM   34    0.00    0.00    0.00    0.00    0.00    0.00    0.00    0.00    0.00  100.00
02:53:04 AM   35    0.00    0.00    0.00    0.00    0.00    0.00    0.00    0.00    0.00  100.00

02:53:04 AM  CPU    %usr   %nice    %sys %iowait    %irq   %soft  %steal  %guest  %gnice   %idle
02:53:05 AM  all    1.68    0.03    3.19    0.00    0.00    2.13    0.00    0.00    0.00   92.98
02:53:05 AM    0    0.00    0.00    0.00    0.00    0.00   14.41    0.00    0.00    0.00   85.59
02:53:05 AM    1    3.03    0.00    0.00    0.00    0.00    0.00    0.00    0.00    0.00   96.97
02:53:05 AM    2    0.00    0.00    1.01    0.00    0.00    0.00    0.00    0.00    0.00   98.99
02:53:05 AM    3    0.00    0.00    1.02    0.00    0.00    0.00    0.00    0.00    0.00   98.98
02:53:05 AM    4    2.00    0.00    1.00    0.00    0.00    0.00    0.00    0.00    0.00   97.00
02:53:05 AM    5    0.00    0.00    0.00    0.00    0.00    0.00    0.00    0.00    0.00  100.00
02:53:05 AM    6    0.00    0.00    0.00    0.00    0.00    0.00    0.00    0.00    0.00  100.00
02:53:05 AM    7    1.01    0.00    0.00    0.00    0.00    0.00    0.00    0.00    0.00   98.99
02:53:05 AM    8    1.00    1.00    0.00    0.00    0.00    0.00    0.00    0.00    0.00   98.00
02:53:05 AM    9    2.02    0.00    0.00    0.00    0.00    0.00    0.00    0.00    0.00   97.98
02:53:05 AM   10    1.02    0.00    0.00    0.00    0.00    0.00    0.00    0.00    0.00   98.98
02:53:05 AM   11    1.00    0.00    0.00    0.00    0.00    0.00    0.00    0.00    0.00   99.00
02:53:05 AM   12    0.00    0.00    0.00    0.00    0.00    0.00    0.00    0.00    0.00  100.00
02:53:05 AM   13    2.00    0.00    0.00    0.00    0.00    0.00    0.00    0.00    0.00   98.00
02:53:05 AM   14    1.01    0.00    0.00    0.00    0.00    0.00    0.00    0.00    0.00   98.99
02:53:05 AM   15    1.03    0.00    6.19    0.00    0.00    0.00    0.00    0.00    0.00   92.78
02:53:05 AM   16    3.03    0.00    5.05    0.00    0.00    0.00    0.00    0.00    0.00   91.92
02:53:05 AM   17    1.00    0.00    2.00    0.00    0.00    0.00    0.00    0.00    0.00   97.00
02:53:05 AM   18    0.00    0.00    0.00    0.00    0.00    0.00    0.00    0.00    0.00  100.00
02:53:05 AM   19    0.00    0.00    0.00    0.00    0.00    0.00    0.00    0.00    0.00  100.00
02:53:05 AM   20    1.00    0.00    0.00    0.00    0.00    0.00    0.00    0.00    0.00   99.00
02:53:05 AM   21    0.00    0.00    0.00    0.00    0.00    0.00    0.00    0.00    0.00  100.00
02:53:05 AM   22   17.17    0.00   52.53    0.00    0.00   30.30    0.00    0.00    0.00    0.00
02:53:05 AM   23   20.62    0.00   46.39    0.00    0.00   30.93    0.00    0.00    0.00    2.06
02:53:05 AM   24    0.00    0.00    0.00    0.00    0.00    0.00    0.00    0.00    0.00  100.00
02:53:05 AM   25    0.00    0.00    0.00    0.00    0.00    0.00    0.00    0.00    0.00  100.00
02:53:05 AM   26    0.00    0.00    0.00    0.00    0.00    0.00    0.00    0.00    0.00  100.00
02:53:05 AM   27    1.00    0.00    0.00    0.00    0.00    0.00    0.00    0.00    0.00   99.00
02:53:05 AM   28    0.99    0.00    0.99    0.00    0.00    0.00    0.00    0.00    0.00   98.02
02:53:05 AM   29    0.00    0.00    0.00    0.00    0.00    0.00    0.00    0.00    0.00  100.00
02:53:05 AM   30    1.00    0.00    0.00    0.00    0.00    0.00    0.00    0.00    0.00   99.00
02:53:05 AM   31    0.00    0.00    0.00    0.00    0.00    0.00    0.00    0.00    0.00  100.00
02:53:05 AM   32    0.00    0.00    0.00    0.00    0.00    0.00    0.00    0.00    0.00  100.00
02:53:05 AM   33    0.00    0.00    0.00    0.00    0.00    0.00    0.00    0.00    0.00  100.00
02:53:05 AM   34    0.00    0.00    0.00    0.00    0.00    0.00    0.00    0.00    0.00  100.00
02:53:05 AM   35    0.00    0.00    0.00    0.00    0.00    0.00    0.00    0.00    0.00  100.00

02:53:05 AM  CPU    %usr   %nice    %sys %iowait    %irq   %soft  %steal  %guest  %gnice   %idle
02:53:06 AM  all    1.64    0.00    3.31    0.06    0.00    2.20    0.00    0.00    0.00   92.79
02:53:06 AM    0    0.96    0.00    0.00    0.00    0.00    7.69    0.00    0.00    0.00   91.35
02:53:06 AM    1    0.98    0.00    1.96    0.98    0.00    0.98    0.00    0.00    0.00   95.10
02:53:06 AM    2    1.01    0.00    0.00    0.00    0.00    0.00    0.00    0.00    0.00   98.99
02:53:06 AM    3    1.00    0.00    1.00    0.00    0.00    0.00    0.00    0.00    0.00   98.00
02:53:06 AM    4    1.01    0.00    1.01    0.00    0.00    0.00    0.00    0.00    0.00   97.98
02:53:06 AM    5    0.99    0.00    0.99    0.99    0.00    0.99    0.00    0.00    0.00   96.04
02:53:06 AM    6    0.99    0.00    1.98    0.00    0.00    0.00    0.00    0.00    0.00   97.03
02:53:06 AM    7    1.00    0.00    2.00    0.00    0.00    0.00    0.00    0.00    0.00   97.00
02:53:06 AM    8    1.00    0.00    1.00    0.00    0.00    0.00    0.00    0.00    0.00   98.00
02:53:06 AM    9    0.00    0.00    1.01    0.00    0.00    0.00    0.00    0.00    0.00   98.99
02:53:06 AM   10    1.00    0.00    1.00    0.00    0.00    0.00    0.00    0.00    0.00   98.00
02:53:06 AM   11    1.01    0.00    0.00    0.00    0.00    0.00    0.00    0.00    0.00   98.99
02:53:06 AM   12    0.00    0.00    0.00    0.00    0.00    1.01    0.00    0.00    0.00   98.99
02:53:06 AM   13    1.98    0.00    0.99    0.00    0.00    0.00    0.00    0.00    0.00   97.03
02:53:06 AM   14    1.02    0.00    0.00    0.00    0.00    0.00    0.00    0.00    0.00   98.98
02:53:06 AM   15    1.01    0.00    5.05    0.00    0.00    0.00    0.00    0.00    0.00   93.94
02:53:06 AM   16    1.01    0.00    0.00    0.00    0.00    0.00    0.00    0.00    0.00   98.99
02:53:06 AM   17    1.00    0.00    1.00    0.00    0.00    0.00    0.00    0.00    0.00   98.00
02:53:06 AM   18    0.00    0.00    0.00    0.00    0.00    0.00    0.00    0.00    0.00  100.00
02:53:06 AM   19    0.00    0.00    0.00    0.00    0.00    0.00    0.00    0.00    0.00  100.00
02:53:06 AM   20    0.00    0.00    1.00    0.00    0.00    0.00    0.00    0.00    0.00   99.00
02:53:06 AM   21    0.00    0.00    0.00    0.00    0.00    0.00    0.00    0.00    0.00  100.00
02:53:06 AM   22   14.00    0.00   51.00    0.00    0.00   35.00    0.00    0.00    0.00    0.00
02:53:06 AM   23   20.20    0.00   43.43    0.00    0.00   33.33    0.00    0.00    0.00    3.03
02:53:06 AM   24    0.00    0.00    1.00    0.00    0.00    0.00    0.00    0.00    0.00   99.00
02:53:06 AM   25    0.00    0.00    0.00    0.00    0.00    0.00    0.00    0.00    0.00  100.00
02:53:06 AM   26    0.99    0.00    0.99    0.00    0.00    0.00    0.00    0.00    0.00   98.02
02:53:06 AM   27    1.00    0.00    1.00    0.00    0.00    0.00    0.00    0.00    0.00   98.00
02:53:06 AM   28    0.00    0.00    0.00    0.00    0.00    0.00    0.00    0.00    0.00  100.00
02:53:06 AM   29    1.00    0.00    0.00    0.00    0.00    0.00    0.00    0.00    0.00   99.00
02:53:06 AM   30    1.00    0.00    0.00    0.00    0.00    0.00    0.00    0.00    0.00   99.00
02:53:06 AM   31    1.98    0.00    0.00    0.00    0.00    0.00    0.00    0.00    0.00   98.02
02:53:06 AM   32    1.00    0.00    1.00    0.00    0.00    0.00    0.00    0.00    0.00   98.00
02:53:06 AM   33    0.00    0.00    1.00    0.00    0.00    0.00    0.00    0.00    0.00   99.00
02:53:06 AM   34    0.00    0.00    0.00    0.00    0.00    0.00    0.00    0.00    0.00  100.00
02:53:06 AM   35    1.00    0.00    0.00    0.00    0.00    0.00    0.00    0.00    0.00   99.00

Average:     CPU    %usr   %nice    %sys %iowait    %irq   %soft  %steal  %guest  %gnice   %idle
Average:     all    1.73    0.01    3.14    0.06    0.00    1.96    0.00    0.00    0.00   93.10
Average:       0    0.57    0.00    0.19    0.00    0.00    8.12    0.00    0.00    0.00   91.12
Average:       1    0.91    0.00    0.40    0.10    0.00    0.40    0.00    0.00    0.00   98.19
Average:       2    0.90    0.20    0.30    0.00    0.00    0.10    0.00    0.00    0.00   98.49
Average:       3    0.81    0.00    0.40    0.10    0.00    0.00    0.00    0.00    0.00   98.69
Average:       4    1.21    0.00    0.80    0.20    0.00    0.00    0.00    0.00    0.00   97.79
Average:       5    1.01    0.00    0.50    0.10    0.00    0.10    0.00    0.00    0.00   98.29
Average:       6    1.11    0.00    0.50    0.10    0.00    0.10    0.00    0.00    0.00   98.19
Average:       7    0.91    0.10    0.50    0.10    0.00    0.10    0.00    0.00    0.00   98.29
Average:       8    1.51    0.10    0.30    0.00    0.00    0.00    0.00    0.00    0.00   98.09
Average:       9    1.01    0.00    0.10    0.30    0.00    0.20    0.00    0.00    0.00   98.38
Average:      10    1.01    0.00    0.40    0.10    0.00    0.00    0.00    0.00    0.00   98.49
Average:      11    0.90    0.00    0.60    0.00    0.00    0.10    0.00    0.00    0.00   98.40
Average:      12    0.91    0.00    0.30    0.00    0.00    0.10    0.00    0.00    0.00   98.69
Average:      13    1.70    0.00    0.60    0.00    0.00    0.00    0.00    0.00    0.00   97.70
Average:      14    0.71    0.00    0.40    0.00    0.00    0.00    0.00    0.00    0.00   98.89
Average:      15    1.91    0.00    4.43    0.20    0.00    0.10    0.00    0.00    0.00   93.35
Average:      16    1.21    0.00    0.81    0.00    0.00    0.00    0.00    0.00    0.00   97.98
Average:      17    0.71    0.00    0.60    0.00    0.00    0.00    0.00    0.00    0.00   98.69
Average:      18    0.40    0.00    0.20    0.00    0.00    0.00    0.00    0.00    0.00   99.40
Average:      19    0.30    0.00    0.20    0.00    0.00    0.00    0.00    0.00    0.00   99.50
Average:      20    0.50    0.00    0.30    0.00    0.00    0.00    0.00    0.00    0.00   99.20
Average:      21    0.20    0.00    0.10    0.00    0.00    0.00    0.00    0.00    0.00   99.70
Average:      22   17.32    0.00   49.05    0.00    0.00   31.93    0.00    0.00    0.00    1.70
Average:      23   19.28    0.00   47.69    0.00    0.00   28.82    0.00    0.00    0.00    4.22
Average:      24    0.40    0.00    0.40    0.00    0.00    0.00    0.00    0.00    0.00   99.19
Average:      25    0.60    0.00    0.40    0.10    0.00    0.00    0.00    0.00    0.00   98.89
Average:      26    0.30    0.00    0.30    0.10    0.00    0.00    0.00    0.00    0.00   99.30
Average:      27    0.50    0.00    0.30    0.10    0.00    0.00    0.00    0.00    0.00   99.10
Average:      28    0.30    0.00    0.40    0.00    0.00    0.00    0.00    0.00    0.00   99.30
Average:      29    0.20    0.00    0.10    0.00    0.00    0.00    0.00    0.00    0.00   99.70
Average:      30    0.50    0.00    0.10    0.00    0.00    0.00    0.00    0.00    0.00   99.40
Average:      31    0.40    0.00    0.10    0.10    0.00    0.00    0.00    0.00    0.00   99.40
Average:      32    0.50    0.00    0.30    0.00    0.00    0.00    0.00    0.00    0.00   99.20
Average:      33    0.90    0.00    0.30    0.10    0.00    0.00    0.00    0.00    0.00   98.70
Average:      34    0.30    0.00    0.20    0.10    0.00    0.00    0.00    0.00    0.00   99.40
Average:      35    0.40    0.00    0.10    0.10    0.00    0.00    0.00    0.00    0.00   99.40
