Linux 5.15.0-186-generic (rapids4) 	07/28/2026 	_x86_64_	(36 CPU)

03:12:59 AM  CPU    %usr   %nice    %sys %iowait    %irq   %soft  %steal  %guest  %gnice   %idle
03:13:00 AM  all    1.79    0.03    1.82    0.03    0.00    0.87    0.00    0.00    0.00   95.47
03:13:00 AM    0    2.04    0.00    1.02    0.00    0.00    0.00    0.00    0.00    0.00   96.94
03:13:00 AM    1    1.02    0.00    0.00    0.00    0.00    0.00    0.00    0.00    0.00   98.98
03:13:00 AM    2    1.96    0.98    0.00    0.98    0.00    0.98    0.00    0.00    0.00   95.10
03:13:00 AM    3    2.00    0.00    4.00    0.00    0.00    0.00    0.00    0.00    0.00   94.00
03:13:00 AM    4    4.00    0.00    0.00    0.00    0.00    0.00    0.00    0.00    0.00   96.00
03:13:00 AM    5    2.00    0.00    0.00    0.00    0.00    0.00    0.00    0.00    0.00   98.00
03:13:00 AM    6    1.98    0.00    0.99    0.00    0.00    0.00    0.00    0.00    0.00   97.03
03:13:00 AM    7    1.01    0.00    0.00    0.00    0.00    0.00    0.00    0.00    0.00   98.99
03:13:00 AM    8    1.01    0.00    1.01    0.00    0.00    0.00    0.00    0.00    0.00   97.98
03:13:00 AM    9    1.98    0.00    1.98    0.00    0.00    0.00    0.00    0.00    0.00   96.04
03:13:00 AM   10    2.02    0.00    1.01    0.00    0.00    0.00    0.00    0.00    0.00   96.97
03:13:00 AM   11    0.99    0.00    1.98    0.00    0.00    0.00    0.00    0.00    0.00   97.03
03:13:00 AM   12    1.02    0.00    0.00    0.00    0.00    0.00    0.00    0.00    0.00   98.98
03:13:00 AM   13    1.00    0.00    0.00    0.00    0.00    1.00    0.00    0.00    0.00   98.00
03:13:00 AM   14    1.00    0.00    1.00    0.00    0.00    0.00    0.00    0.00    0.00   98.00
03:13:00 AM   15    1.00    0.00    2.00    0.00    0.00    0.00    0.00    0.00    0.00   97.00
03:13:00 AM   16    1.01    0.00    0.00    0.00    0.00    0.00    0.00    0.00    0.00   98.99
03:13:00 AM   17    1.02    0.00    0.00    0.00    0.00    0.00    0.00    0.00    0.00   98.98
03:13:00 AM   18    0.00    0.00    0.00    0.00    0.00    0.00    0.00    0.00    0.00  100.00
03:13:00 AM   19    0.99    0.00    0.99    0.00    0.00    0.00    0.00    0.00    0.00   98.02
03:13:00 AM   20    0.00    0.00    1.00    0.00    0.00    0.00    0.00    0.00    0.00   99.00
03:13:00 AM   21    1.01    0.00    0.00    0.00    0.00    0.00    0.00    0.00    0.00   98.99
03:13:00 AM   22    1.01    0.00    0.00    0.00    0.00    0.00    0.00    0.00    0.00   98.99
03:13:00 AM   23    0.00    0.00    0.00    0.00    0.00    0.00    0.00    0.00    0.00  100.00
03:13:00 AM   24   14.43    0.00   22.68    0.00    0.00   18.56    0.00    0.00    0.00   44.33
03:13:00 AM   25   11.46    0.00   25.00    0.00    0.00   11.46    0.00    0.00    0.00   52.08
03:13:00 AM   26    1.00    0.00    0.00    0.00    0.00    0.00    0.00    0.00    0.00   99.00
03:13:00 AM   27    1.00    0.00    0.00    0.00    0.00    0.00    0.00    0.00    0.00   99.00
03:13:00 AM   28    0.00    0.00    0.00    0.00    0.00    0.00    0.00    0.00    0.00  100.00
03:13:00 AM   29    1.02    0.00    0.00    0.00    0.00    0.00    0.00    0.00    0.00   98.98
03:13:00 AM   30    1.00    0.00    1.00    0.00    0.00    0.00    0.00    0.00    0.00   98.00
03:13:00 AM   31    1.01    0.00    0.00    0.00    0.00    0.00    0.00    0.00    0.00   98.99
03:13:00 AM   32    1.00    0.00    0.00    0.00    0.00    0.00    0.00    0.00    0.00   99.00
03:13:00 AM   33    1.98    0.00    0.99    0.00    0.00    0.00    0.00    0.00    0.00   97.03
03:13:00 AM   34    0.00    0.00    0.00    0.00    0.00    0.00    0.00    0.00    0.00  100.00
03:13:00 AM   35    0.00    0.00    0.00    0.00    0.00    0.00    0.00    0.00    0.00  100.00

03:13:00 AM  CPU    %usr   %nice    %sys %iowait    %irq   %soft  %steal  %guest  %gnice   %idle
03:13:01 AM  all    1.37    0.00    1.93    0.03    0.00    0.87    0.00    0.00    0.00   95.79
03:13:01 AM    0    0.00    0.00    2.02    0.00    0.00    1.01    0.00    0.00    0.00   96.97
03:13:01 AM    1    1.01    0.00    1.01    0.00    0.00    0.00    0.00    0.00    0.00   97.98
03:13:01 AM    2    2.00    0.00    0.00    0.00    0.00    0.00    0.00    0.00    0.00   98.00
03:13:01 AM    3    1.98    0.00    3.96    0.00    0.00    0.00    0.00    0.00    0.00   94.06
03:13:01 AM    4    1.00    0.00    1.00    0.00    0.00    0.00    0.00    0.00    0.00   98.00
03:13:01 AM    5    0.00    0.00    0.00    0.00    0.00    0.00    0.00    0.00    0.00  100.00
03:13:01 AM    6    0.00    0.00    0.00    0.00    0.00    0.00    0.00    0.00    0.00  100.00
03:13:01 AM    7    0.00    0.00    1.00    0.00    0.00    0.00    0.00    0.00    0.00   99.00
03:13:01 AM    8    0.00    0.00    0.00    0.00    0.00    0.00    0.00    0.00    0.00  100.00
03:13:01 AM    9    1.01    0.00    0.00    0.00    0.00    0.00    0.00    0.00    0.00   98.99
03:13:01 AM   10    0.00    0.00    0.00    0.00    0.00    0.00    0.00    0.00    0.00  100.00
03:13:01 AM   11    1.01    0.00    0.00    1.01    0.00    0.00    0.00    0.00    0.00   97.98
03:13:01 AM   12    0.00    0.00    1.00    0.00    0.00    0.00    0.00    0.00    0.00   99.00
03:13:01 AM   13    1.01    0.00    0.00    0.00    0.00    0.00    0.00    0.00    0.00   98.99
03:13:01 AM   14    0.00    0.00    0.00    0.00    0.00    0.00    0.00    0.00    0.00  100.00
03:13:01 AM   15    1.00    0.00    0.00    0.00    0.00    0.00    0.00    0.00    0.00   99.00
03:13:01 AM   16    0.00    0.00    1.01    0.00    0.00    0.00    0.00    0.00    0.00   98.99
03:13:01 AM   17    0.00    0.00    1.01    0.00    0.00    0.00    0.00    0.00    0.00   98.99
03:13:01 AM   18    0.00    0.00    0.00    0.00    0.00    0.00    0.00    0.00    0.00  100.00
03:13:01 AM   19    0.00    0.00    0.00    0.00    0.00    0.00    0.00    0.00    0.00  100.00
03:13:01 AM   20    0.00    0.00    1.00    0.00    0.00    0.00    0.00    0.00    0.00   99.00
03:13:01 AM   21    0.00    0.00    0.00    0.00    0.00    0.00    0.00    0.00    0.00  100.00
03:13:01 AM   22    0.00    0.00    0.00    0.00    0.00    0.00    0.00    0.00    0.00  100.00
03:13:01 AM   23    0.00    0.00    0.00    0.00    0.00    0.00    0.00    0.00    0.00  100.00
03:13:01 AM   24   17.71    0.00   31.25    0.00    0.00   17.71    0.00    0.00    0.00   33.33
03:13:01 AM   25   18.48    0.00   23.91    0.00    0.00   14.13    0.00    0.00    0.00   43.48
03:13:01 AM   26    0.00    0.00    0.00    0.00    0.00    0.00    0.00    0.00    0.00  100.00
03:13:01 AM   27    0.00    0.00    0.00    0.00    0.00    0.00    0.00    0.00    0.00  100.00
03:13:01 AM   28    0.99    0.00    0.99    0.00    0.00    0.00    0.00    0.00    0.00   98.02
03:13:01 AM   29    1.00    0.00    1.00    0.00    0.00    0.00    0.00    0.00    0.00   98.00
03:13:01 AM   30    0.00    0.00    2.00    0.00    0.00    0.00    0.00    0.00    0.00   98.00
03:13:01 AM   31    1.00    0.00    0.00    0.00    0.00    0.00    0.00    0.00    0.00   99.00
03:13:01 AM   32    0.00    0.00    0.00    0.00    0.00    0.00    0.00    0.00    0.00  100.00
03:13:01 AM   33    0.00    0.00    0.00    0.00    0.00    0.00    0.00    0.00    0.00  100.00
03:13:01 AM   34    0.99    0.00    0.00    0.00    0.00    0.00    0.00    0.00    0.00   99.01
03:13:01 AM   35    1.00    0.00    0.00    0.00    0.00    0.00    0.00    0.00    0.00   99.00

03:13:01 AM  CPU    %usr   %nice    %sys %iowait    %irq   %soft  %steal  %guest  %gnice   %idle
03:13:02 AM  all    1.29    0.03    2.27    0.08    0.00    0.93    0.00    0.00    0.00   95.39
03:13:02 AM    0    1.04    0.00    0.00    0.00    0.00    0.00    0.00    0.00    0.00   98.96
03:13:02 AM    1    2.00    0.00    1.00    0.00    0.00    0.00    0.00    0.00    0.00   97.00
03:13:02 AM    2    0.00    1.01    2.02    0.00    0.00    0.00    0.00    0.00    0.00   96.97
03:13:02 AM    3    1.01    0.00    0.00    0.00    0.00    0.00    0.00    0.00    0.00   98.99
03:13:02 AM    4    0.00    0.00    0.00    0.00    0.00    0.00    0.00    0.00    0.00  100.00
03:13:02 AM    5    1.00    0.00    1.00    0.00    0.00    0.00    0.00    0.00    0.00   98.00
03:13:02 AM    6    1.00    0.00    1.00    0.00    0.00    0.00    0.00    0.00    0.00   98.00
03:13:02 AM    7    0.00    0.00    0.00    0.00    0.00    0.00    0.00    0.00    0.00  100.00
03:13:02 AM    8    1.00    0.00    1.00    1.00    0.00    0.00    0.00    0.00    0.00   97.00
03:13:02 AM    9    0.00    0.00    0.00    0.00    0.00    1.01    0.00    0.00    0.00   98.99
03:13:02 AM   10    0.00    0.00    0.00    1.02    0.00    0.00    0.00    0.00    0.00   98.98
03:13:02 AM   11    2.00    0.00    0.00    0.00    0.00    0.00    0.00    0.00    0.00   98.00
03:13:02 AM   12    1.01    0.00    1.01    0.00    0.00    0.00    0.00    0.00    0.00   97.98
03:13:02 AM   13    0.00    0.00    1.02    0.00    0.00    0.00    0.00    0.00    0.00   98.98
03:13:02 AM   14    5.05    0.00    5.05    0.00    0.00    0.00    0.00    0.00    0.00   89.90
03:13:02 AM   15    0.00    0.00    1.02    0.00    0.00    0.00    0.00    0.00    0.00   98.98
03:13:02 AM   16    0.00    0.00    0.00    0.00    0.00    0.00    0.00    0.00    0.00  100.00
03:13:02 AM   17    1.00    0.00    1.00    0.00    0.00    0.00    0.00    0.00    0.00   98.00
03:13:02 AM   18    1.00    0.00    0.00    0.00    0.00    0.00    0.00    0.00    0.00   99.00
03:13:02 AM   19    0.00    0.00    1.00    1.00    0.00    0.00    0.00    0.00    0.00   98.00
03:13:02 AM   20    0.00    0.00    0.00    0.00    0.00    0.00    0.00    0.00    0.00  100.00
03:13:02 AM   21    0.00    0.00    0.00    0.00    0.00    0.00    0.00    0.00    0.00  100.00
03:13:02 AM   22    0.00    0.00    0.00    0.00    0.00    0.00    0.00    0.00    0.00  100.00
03:13:02 AM   23    1.00    0.00    1.00    0.00    0.00    0.00    0.00    0.00    0.00   98.00
03:13:02 AM   24   12.24    0.00   34.69    0.00    0.00   19.39    0.00    0.00    0.00   33.67
03:13:02 AM   25   14.58    0.00   29.17    0.00    0.00   13.54    0.00    0.00    0.00   42.71
03:13:02 AM   26    0.00    0.00    0.00    0.00    0.00    0.00    0.00    0.00    0.00  100.00
03:13:02 AM   27    0.00    0.00    0.00    0.00    0.00    0.00    0.00    0.00    0.00  100.00
03:13:02 AM   28    0.00    0.00    1.01    0.00    0.00    0.00    0.00    0.00    0.00   98.99
03:13:02 AM   29    0.00    0.00    0.00    0.00    0.00    0.00    0.00    0.00    0.00  100.00
03:13:02 AM   30    0.00    0.00    0.00    0.00    0.00    0.00    0.00    0.00    0.00  100.00
03:13:02 AM   31    0.00    0.00    0.00    0.00    0.00    0.00    0.00    0.00    0.00  100.00
03:13:02 AM   32    0.00    0.00    0.00    0.00    0.00    0.00    0.00    0.00    0.00  100.00
03:13:02 AM   33    0.00    0.00    0.00    0.00    0.00    0.00    0.00    0.00    0.00  100.00
03:13:02 AM   34    0.00    0.00    1.01    0.00    0.00    0.00    0.00    0.00    0.00   98.99
03:13:02 AM   35    2.00    0.00    0.00    0.00    0.00    0.00    0.00    0.00    0.00   98.00

03:13:02 AM  CPU    %usr   %nice    %sys %iowait    %irq   %soft  %steal  %guest  %gnice   %idle
03:13:03 AM  all    1.65    0.03    1.82    0.00    0.00    1.23    0.00    0.00    0.00   95.28
03:13:03 AM    0    1.01    0.00    0.00    0.00    0.00    1.01    0.00    0.00    0.00   97.98
03:13:03 AM    1    2.00    0.00    1.00    0.00    0.00    0.00    0.00    0.00    0.00   97.00
03:13:03 AM    2    0.00    0.00    1.01    0.00    0.00    0.00    0.00    0.00    0.00   98.99
03:13:03 AM    3    1.01    0.00    0.00    0.00    0.00    0.00    0.00    0.00    0.00   98.99
03:13:03 AM    4    1.01    0.00    0.00    0.00    0.00    0.00    0.00    0.00    0.00   98.99
03:13:03 AM    5    2.00    0.00    0.00    0.00    0.00    0.00    0.00    0.00    0.00   98.00
03:13:03 AM    6    0.00    0.00    0.00    0.00    0.00    0.00    0.00    0.00    0.00  100.00
03:13:03 AM    7    0.00    0.00    1.01    0.00    0.00    0.00    0.00    0.00    0.00   98.99
03:13:03 AM    8    0.00    1.00    0.00    0.00    0.00    0.00    0.00    0.00    0.00   99.00
03:13:03 AM    9    1.00    0.00    0.00    0.00    0.00    0.00    0.00    0.00    0.00   99.00
03:13:03 AM   10    1.00    0.00    1.00    0.00    0.00    0.00    0.00    0.00    0.00   98.00
03:13:03 AM   11    0.00    0.00    1.01    0.00    0.00    0.00    0.00    0.00    0.00   98.99
03:13:03 AM   12    0.99    0.00    0.99    0.00    0.00    0.00    0.00    0.00    0.00   98.02
03:13:03 AM   13    1.00    0.00    0.00    0.00    0.00    0.00    0.00    0.00    0.00   99.00
03:13:03 AM   14    0.00    0.00    0.00    0.00    0.00    0.00    0.00    0.00    0.00  100.00
03:13:03 AM   15    1.00    0.00    0.00    0.00    0.00    0.00    0.00    0.00    0.00   99.00
03:13:03 AM   16    1.00    0.00    0.00    0.00    0.00    0.00    0.00    0.00    0.00   99.00
03:13:03 AM   17    1.00    0.00    1.00    0.00    0.00    0.00    0.00    0.00    0.00   98.00
03:13:03 AM   18    0.00    0.00    1.00    0.00    0.00    0.00    0.00    0.00    0.00   99.00
03:13:03 AM   19    1.98    0.00    0.99    0.00    0.00    0.00    0.00    0.00    0.00   97.03
03:13:03 AM   20    3.00    0.00    0.00    0.00    0.00    0.00    0.00    0.00    0.00   97.00
03:13:03 AM   21    1.96    0.00    0.98    0.00    0.00    0.98    0.00    0.00    0.00   96.08
03:13:03 AM   22    1.00    0.00    1.00    0.00    0.00    0.00    0.00    0.00    0.00   98.00
03:13:03 AM   23    0.00    0.00    1.00    0.00    0.00    1.00    0.00    0.00    0.00   98.00
03:13:03 AM   24   18.56    0.00   22.68    0.00    0.00   25.77    0.00    0.00    0.00   32.99
03:13:03 AM   25   13.68    0.00   27.37    0.00    0.00   16.84    0.00    0.00    0.00   42.11
03:13:03 AM   26    2.02    0.00    0.00    0.00    0.00    0.00    0.00    0.00    0.00   97.98
03:13:03 AM   27    1.01    0.00    1.01    0.00    0.00    0.00    0.00    0.00    0.00   97.98
03:13:03 AM   28    2.00    0.00    0.00    0.00    0.00    0.00    0.00    0.00    0.00   98.00
03:13:03 AM   29    0.00    0.00    0.00    0.00    0.00    0.00    0.00    0.00    0.00  100.00
03:13:03 AM   30    1.01    0.00    1.01    0.00    0.00    0.00    0.00    0.00    0.00   97.98
03:13:03 AM   31    0.00    0.00    1.00    0.00    0.00    0.00    0.00    0.00    0.00   99.00
03:13:03 AM   32    0.00    0.00    0.99    0.00    0.00    0.00    0.00    0.00    0.00   99.01
03:13:03 AM   33    0.00    0.00    0.00    0.00    0.00    0.00    0.00    0.00    0.00  100.00
03:13:03 AM   34    0.00    0.00    0.00    0.00    0.00    0.00    0.00    0.00    0.00  100.00
03:13:03 AM   35    0.00    0.00    1.01    0.00    0.00    0.00    0.00    0.00    0.00   98.99

03:13:03 AM  CPU    %usr   %nice    %sys %iowait    %irq   %soft  %steal  %guest  %gnice   %idle
03:13:04 AM  all    1.85    0.00    1.85    0.03    0.00    1.03    0.00    0.00    0.00   95.25
03:13:04 AM    0    1.04    0.00    0.00    0.00    0.00    0.00    0.00    0.00    0.00   98.96
03:13:04 AM    1    1.98    0.00    0.99    0.00    0.00    0.00    0.00    0.00    0.00   97.03
03:13:04 AM    2    3.03    0.00    0.00    0.00    0.00    0.00    0.00    0.00    0.00   96.97
03:13:04 AM    3    2.00    0.00    8.00    0.00    0.00    0.00    0.00    0.00    0.00   90.00
03:13:04 AM    4    1.00    0.00    1.00    0.00    0.00    0.00    0.00    0.00    0.00   98.00
03:13:04 AM    5    1.00    0.00    1.00    1.00    0.00    0.00    0.00    0.00    0.00   97.00
03:13:04 AM    6    1.01    0.00    0.00    0.00    0.00    0.00    0.00    0.00    0.00   98.99
03:13:04 AM    7    1.00    0.00    0.00    0.00    0.00    0.00    0.00    0.00    0.00   99.00
03:13:04 AM    8    1.98    0.00    0.00    0.00    0.00    0.00    0.00    0.00    0.00   98.02
03:13:04 AM    9    0.00    0.00    1.00    0.00    0.00    0.00    0.00    0.00    0.00   99.00
03:13:04 AM   10    1.96    0.00    1.96    0.00    0.00    0.00    0.00    0.00    0.00   96.08
03:13:04 AM   11    0.00    0.00    0.00    0.00    0.00    0.00    0.00    0.00    0.00  100.00
03:13:04 AM   12    1.00    0.00    1.00    0.00    0.00    0.00    0.00    0.00    0.00   98.00
03:13:04 AM   13    2.00    0.00    0.00    0.00    0.00    0.00    0.00    0.00    0.00   98.00
03:13:04 AM   14    1.01    0.00    0.00    0.00    0.00    0.00    0.00    0.00    0.00   98.99
03:13:04 AM   15    1.00    0.00    1.00    0.00    0.00    0.00    0.00    0.00    0.00   98.00
03:13:04 AM   16    1.00    0.00    0.00    0.00    0.00    1.00    0.00    0.00    0.00   98.00
03:13:04 AM   17    1.00    0.00    0.00    0.00    0.00    0.00    0.00    0.00    0.00   99.00
03:13:04 AM   18    1.00    0.00    0.00    0.00    0.00    0.00    0.00    0.00    0.00   99.00
03:13:04 AM   19    0.00    0.00    0.00    0.00    0.00    0.00    0.00    0.00    0.00  100.00
03:13:04 AM   20    0.00    0.00    0.00    0.00    0.00    0.00    0.00    0.00    0.00  100.00
03:13:04 AM   21    2.00    0.00    0.00    0.00    0.00    0.00    0.00    0.00    0.00   98.00
03:13:04 AM   22    0.00    0.00    0.00    0.00    0.00    0.00    0.00    0.00    0.00  100.00
03:13:04 AM   23    1.00    0.00    0.00    0.00    0.00    0.00    0.00    0.00    0.00   99.00
03:13:04 AM   24   17.53    0.00   25.77    0.00    0.00   23.71    0.00    0.00    0.00   32.99
03:13:04 AM   25   18.28    0.00   24.73    0.00    0.00   13.98    0.00    0.00    0.00   43.01
03:13:04 AM   26    0.00    0.00    0.99    0.00    0.00    0.00    0.00    0.00    0.00   99.01
03:13:04 AM   27    1.00    0.00    0.00    0.00    0.00    0.00    0.00    0.00    0.00   99.00
03:13:04 AM   28    1.00    0.00    0.00    0.00    0.00    0.00    0.00    0.00    0.00   99.00
03:13:04 AM   29    1.01    0.00    0.00    0.00    0.00    0.00    0.00    0.00    0.00   98.99
03:13:04 AM   30    1.00    0.00    0.00    0.00    0.00    0.00    0.00    0.00    0.00   99.00
03:13:04 AM   31    1.00    0.00    0.00    0.00    0.00    0.00    0.00    0.00    0.00   99.00
03:13:04 AM   32    0.00    0.00    0.00    0.00    0.00    0.00    0.00    0.00    0.00  100.00
03:13:04 AM   33    0.00    0.00    0.00    0.00    0.00    0.00    0.00    0.00    0.00  100.00
03:13:04 AM   34    0.00    0.00    0.00    0.00    0.00    0.00    0.00    0.00    0.00  100.00
03:13:04 AM   35    0.00    0.00    1.00    0.00    0.00    0.00    0.00    0.00    0.00   99.00

03:13:04 AM  CPU    %usr   %nice    %sys %iowait    %irq   %soft  %steal  %guest  %gnice   %idle
03:13:05 AM  all    1.57    0.00    2.02    0.03    0.00    0.98    0.00    0.00    0.00   95.40
03:13:05 AM    0    2.04    0.00    3.06    0.00    0.00    0.00    0.00    0.00    0.00   94.90
03:13:05 AM    1    0.00    0.00    0.00    0.00    0.00    0.00    0.00    0.00    0.00  100.00
03:13:05 AM    2    1.98    0.00    0.99    0.00    0.00    0.00    0.00    0.00    0.00   97.03
03:13:05 AM    3    2.00    0.00    1.00    0.00    0.00    0.00    0.00    0.00    0.00   97.00
03:13:05 AM    4    1.00    0.00    0.00    0.00    0.00    0.00    0.00    0.00    0.00   99.00
03:13:05 AM    5    0.00    0.00    0.00    0.00    0.00    0.00    0.00    0.00    0.00  100.00
03:13:05 AM    6    1.00    0.00    1.00    0.00    0.00    0.00    0.00    0.00    0.00   98.00
03:13:05 AM    7    0.00    0.00    0.00    0.00    0.00    0.00    0.00    0.00    0.00  100.00
03:13:05 AM    8    0.00    0.00    0.00    0.00    0.00    0.00    0.00    0.00    0.00  100.00
03:13:05 AM    9    1.01    0.00    0.00    0.00    0.00    0.00    0.00    0.00    0.00   98.99
03:13:05 AM   10    1.01    0.00    0.00    0.00    0.00    0.00    0.00    0.00    0.00   98.99
03:13:05 AM   11    1.01    0.00    0.00    0.00    0.00    0.00    0.00    0.00    0.00   98.99
03:13:05 AM   12    1.98    0.00    0.99    0.00    0.00    0.99    0.00    0.00    0.00   96.04
03:13:05 AM   13    1.02    0.00    0.00    0.00    0.00    0.00    0.00    0.00    0.00   98.98
03:13:05 AM   14    4.00    0.00    5.00    1.00    0.00    0.00    0.00    0.00    0.00   90.00
03:13:05 AM   15    0.00    0.00    0.00    0.00    0.00    0.00    0.00    0.00    0.00  100.00
03:13:05 AM   16    1.00    0.00    1.00    0.00    0.00    0.00    0.00    0.00    0.00   98.00
03:13:05 AM   17    0.00    0.00    0.00    0.00    0.00    0.00    0.00    0.00    0.00  100.00
03:13:05 AM   18    0.00    0.00    0.00    0.00    0.00    0.00    0.00    0.00    0.00  100.00
03:13:05 AM   19    0.00    0.00    0.00    0.00    0.00    0.00    0.00    0.00    0.00  100.00
03:13:05 AM   20    0.00    0.00    1.00    0.00    0.00    0.00    0.00    0.00    0.00   99.00
03:13:05 AM   21    0.00    0.00    0.00    0.00    0.00    0.00    0.00    0.00    0.00  100.00
03:13:05 AM   22    0.00    0.00    0.00    0.00    0.00    0.00    0.00    0.00    0.00  100.00
03:13:05 AM   23    0.00    0.00    0.00    0.00    0.00    0.00    0.00    0.00    0.00  100.00
03:13:05 AM   24   19.19    0.00   31.31    0.00    0.00   22.22    0.00    0.00    0.00   27.27
03:13:05 AM   25   15.05    0.00   27.96    0.00    0.00   12.90    0.00    0.00    0.00   44.09
03:13:05 AM   26    0.00    0.00    0.00    0.00    0.00    0.00    0.00    0.00    0.00  100.00
03:13:05 AM   27    0.00    0.00    0.00    0.00    0.00    0.00    0.00    0.00    0.00  100.00
03:13:05 AM   28    0.00    0.00    0.00    0.00    0.00    0.00    0.00    0.00    0.00  100.00
03:13:05 AM   29    0.00    0.00    0.00    0.00    0.00    0.00    0.00    0.00    0.00  100.00
03:13:05 AM   30    0.00    0.00    0.00    0.00    0.00    0.00    0.00    0.00    0.00  100.00
03:13:05 AM   31    1.00    0.00    1.00    0.00    0.00    0.00    0.00    0.00    0.00   98.00
03:13:05 AM   32    0.00    0.00    0.00    0.00    0.00    0.00    0.00    0.00    0.00  100.00
03:13:05 AM   33    1.00    0.00    0.00    0.00    0.00    0.00    0.00    0.00    0.00   99.00
03:13:05 AM   34    0.00    0.00    0.00    0.00    0.00    0.00    0.00    0.00    0.00  100.00
03:13:05 AM   35    1.98    0.00    0.00    0.00    0.00    0.00    0.00    0.00    0.00   98.02

03:13:05 AM  CPU    %usr   %nice    %sys %iowait    %irq   %soft  %steal  %guest  %gnice   %idle
03:13:06 AM  all    2.15    0.03    1.68    0.11    0.00    1.09    0.00    0.00    0.00   94.95
03:13:06 AM    0    2.04    0.00    0.00    1.02    0.00    0.00    0.00    0.00    0.00   96.94
03:13:06 AM    1    2.00    0.00    1.00    1.00    0.00    0.00    0.00    0.00    0.00   96.00
03:13:06 AM    2    2.02    0.00    0.00    0.00    0.00    0.00    0.00    0.00    0.00   97.98
03:13:06 AM    3    2.02    0.00    0.00    0.00    0.00    0.00    0.00    0.00    0.00   97.98
03:13:06 AM    4    2.00    0.00    1.00    0.00    0.00    0.00    0.00    0.00    0.00   97.00
03:13:06 AM    5    2.00    0.00    0.00    0.00    0.00    0.00    0.00    0.00    0.00   98.00
03:13:06 AM    6    1.01    0.00    0.00    0.00    0.00    0.00    0.00    0.00    0.00   98.99
03:13:06 AM    7    1.01    0.00    0.00    0.00    0.00    0.00    0.00    0.00    0.00   98.99
03:13:06 AM    8    0.00    0.00    0.00    0.00    0.00    0.00    0.00    0.00    0.00  100.00
03:13:06 AM    9    2.00    0.00    0.00    0.00    0.00    0.00    0.00    0.00    0.00   98.00
03:13:06 AM   10    2.00    0.00    0.00    0.00    0.00    0.00    0.00    0.00    0.00   98.00
03:13:06 AM   11    1.00    0.00    1.00    0.00    0.00    0.00    0.00    0.00    0.00   98.00
03:13:06 AM   12    1.98    0.99    0.00    0.00    0.00    0.00    0.00    0.00    0.00   97.03
03:13:06 AM   13    1.01    0.00    0.00    1.01    0.00    0.00    0.00    0.00    0.00   97.98
03:13:06 AM   14    0.00    0.00    0.00    0.00    0.00    0.00    0.00    0.00    0.00  100.00
03:13:06 AM   15    1.01    0.00    0.00    0.00    0.00    0.00    0.00    0.00    0.00   98.99
03:13:06 AM   16    1.01    0.00    1.01    0.00    0.00    0.00    0.00    0.00    0.00   97.98
03:13:06 AM   17    1.98    0.00    0.99    0.99    0.00    0.00    0.00    0.00    0.00   96.04
03:13:06 AM   18    0.00    0.00    0.00    0.00    0.00    0.00    0.00    0.00    0.00  100.00
03:13:06 AM   19    1.00    0.00    0.00    0.00    0.00    0.00    0.00    0.00    0.00   99.00
03:13:06 AM   20    1.00    0.00    0.00    0.00    0.00    0.00    0.00    0.00    0.00   99.00
03:13:06 AM   21    1.96    0.00    0.98    0.00    0.00    0.00    0.00    0.00    0.00   97.06
03:13:06 AM   22    2.00    0.00    0.00    0.00    0.00    0.00    0.00    0.00    0.00   98.00
03:13:06 AM   23    2.00    0.00    0.00    0.00    0.00    0.00    0.00    0.00    0.00   98.00
03:13:06 AM   24   22.22    0.00   28.28    0.00    0.00   23.23    0.00    0.00    0.00   26.26
03:13:06 AM   25   16.67    0.00   23.96    0.00    0.00   16.67    0.00    0.00    0.00   42.71
03:13:06 AM   26    0.00    0.00    0.00    0.00    0.00    0.00    0.00    0.00    0.00  100.00
03:13:06 AM   27    1.00    0.00    0.00    0.00    0.00    0.00    0.00    0.00    0.00   99.00
03:13:06 AM   28    0.00    0.00    0.00    0.00    0.00    0.00    0.00    0.00    0.00  100.00
03:13:06 AM   29    1.01    0.00    0.00    0.00    0.00    0.00    0.00    0.00    0.00   98.99
03:13:06 AM   30    0.00    0.00    1.00    0.00    0.00    0.00    0.00    0.00    0.00   99.00
03:13:06 AM   31    0.00    0.00    0.00    0.00    0.00    0.00    0.00    0.00    0.00  100.00
03:13:06 AM   32    1.00    0.00    0.00    0.00    0.00    0.00    0.00    0.00    0.00   99.00
03:13:06 AM   33    0.99    0.00    0.99    0.00    0.00    0.00    0.00    0.00    0.00   98.02
03:13:06 AM   34    0.99    0.00    0.99    0.00    0.00    0.00    0.00    0.00    0.00   98.02
03:13:06 AM   35    0.00    0.00    0.00    0.00    0.00    0.00    0.00    0.00    0.00  100.00

03:13:06 AM  CPU    %usr   %nice    %sys %iowait    %irq   %soft  %steal  %guest  %gnice   %idle
03:13:07 AM  all    1.49    0.03    1.93    0.06    0.00    1.04    0.00    0.00    0.00   95.46
03:13:07 AM    0    1.01    0.00    1.01    0.00    0.00    1.01    0.00    0.00    0.00   96.97
03:13:07 AM    1    1.00    0.00    1.00    0.00    0.00    0.00    0.00    0.00    0.00   98.00
03:13:07 AM    2    0.00    0.00    1.00    0.00    0.00    0.00    0.00    0.00    0.00   99.00
03:13:07 AM    3    0.00    0.00    1.00    0.00    0.00    0.00    0.00    0.00    0.00   99.00
03:13:07 AM    4    0.00    0.00    0.00    0.00    0.00    0.00    0.00    0.00    0.00  100.00
03:13:07 AM    5    0.00    1.01    0.00    1.01    0.00    0.00    0.00    0.00    0.00   97.98
03:13:07 AM    6    0.00    0.00    0.00    0.00    0.00    0.00    0.00    0.00    0.00  100.00
03:13:07 AM    7    1.00    0.00    0.00    0.00    0.00    0.00    0.00    0.00    0.00   99.00
03:13:07 AM    8    0.00    0.00    0.00    0.00    0.00    0.00    0.00    0.00    0.00  100.00
03:13:07 AM    9    1.01    0.00    0.00    0.00    0.00    0.00    0.00    0.00    0.00   98.99
03:13:07 AM   10    0.00    0.00    0.00    0.00    0.00    0.00    0.00    0.00    0.00  100.00
03:13:07 AM   11    1.00    0.00    0.00    0.00    0.00    0.00    0.00    0.00    0.00   99.00
03:13:07 AM   12    1.02    0.00    0.00    0.00    0.00    0.00    0.00    0.00    0.00   98.98
03:13:07 AM   13    1.00    0.00    1.00    0.00    0.00    0.00    0.00    0.00    0.00   98.00
03:13:07 AM   14    5.00    0.00    5.00    0.00    0.00    0.00    0.00    0.00    0.00   90.00
03:13:07 AM   15    1.00    0.00    1.00    0.00    0.00    0.00    0.00    0.00    0.00   98.00
03:13:07 AM   16    1.00    0.00    0.00    0.00    0.00    0.00    0.00    0.00    0.00   99.00
03:13:07 AM   17    1.01    0.00    0.00    0.00    0.00    0.00    0.00    0.00    0.00   98.99
03:13:07 AM   18    0.00    0.00    0.00    0.00    0.00    0.00    0.00    0.00    0.00  100.00
03:13:07 AM   19    0.00    0.00    0.00    0.00    0.00    0.00    0.00    0.00    0.00  100.00
03:13:07 AM   20    0.00    0.00    0.00    1.00    0.00    0.00    0.00    0.00    0.00   99.00
03:13:07 AM   21    0.00    0.00    0.00    0.00    0.00    0.00    0.00    0.00    0.00  100.00
03:13:07 AM   22    0.00    0.00    1.00    0.00    0.00    0.00    0.00    0.00    0.00   99.00
03:13:07 AM   23    0.00    0.00    0.00    0.00    0.00    0.00    0.00    0.00    0.00  100.00
03:13:07 AM   24   20.62    0.00   30.93    0.00    0.00   22.68    0.00    0.00    0.00   25.77
03:13:07 AM   25   14.74    0.00   27.37    0.00    0.00   14.74    0.00    0.00    0.00   43.16
03:13:07 AM   26    0.99    0.00    0.99    0.00    0.00    0.00    0.00    0.00    0.00   98.02
03:13:07 AM   27    0.00    0.00    0.00    0.00    0.00    0.00    0.00    0.00    0.00  100.00
03:13:07 AM   28    1.00    0.00    0.00    0.00    0.00    0.00    0.00    0.00    0.00   99.00
03:13:07 AM   29    0.00    0.00    0.00    0.00    0.00    0.00    0.00    0.00    0.00  100.00
03:13:07 AM   30    0.00    0.00    0.00    0.00    0.00    0.00    0.00    0.00    0.00  100.00
03:13:07 AM   31    0.00    0.00    0.00    0.00    0.00    0.00    0.00    0.00    0.00  100.00
03:13:07 AM   32    1.00    0.00    0.00    0.00    0.00    0.00    0.00    0.00    0.00   99.00
03:13:07 AM   33    0.00    0.00    0.00    0.00    0.00    0.00    0.00    0.00    0.00  100.00
03:13:07 AM   34    0.00    0.00    0.00    0.00    0.00    0.00    0.00    0.00    0.00  100.00
03:13:07 AM   35    1.00    0.00    0.00    0.00    0.00    0.00    0.00    0.00    0.00   99.00

03:13:07 AM  CPU    %usr   %nice    %sys %iowait    %irq   %soft  %steal  %guest  %gnice   %idle
03:13:08 AM  all    1.40    0.00    2.05    0.08    0.00    1.20    0.00    0.00    0.00   95.26
03:13:08 AM    0    1.02    0.00    1.02    0.00    0.00    0.00    0.00    0.00    0.00   97.96
03:13:08 AM    1    0.00    0.00    0.00    0.00    0.00    1.02    0.00    0.00    0.00   98.98
03:13:08 AM    2    2.02    0.00    0.00    0.00    0.00    0.00    0.00    0.00    0.00   97.98
03:13:08 AM    3    2.00    0.00    8.00    0.00    0.00    0.00    0.00    0.00    0.00   90.00
03:13:08 AM    4    1.00    0.00    1.00    1.00    0.00    0.00    0.00    0.00    0.00   97.00
03:13:08 AM    5    0.00    0.00    0.00    0.00    0.00    1.00    0.00    0.00    0.00   99.00
03:13:08 AM    6    1.01    0.00    0.00    0.00    0.00    0.00    0.00    0.00    0.00   98.99
03:13:08 AM    7    0.00    0.00    0.00    0.00    0.00    0.00    0.00    0.00    0.00  100.00
03:13:08 AM    8    1.00    0.00    1.00    0.00    0.00    0.00    0.00    0.00    0.00   98.00
03:13:08 AM    9    0.00    0.00    0.00    0.00    0.00    0.00    0.00    0.00    0.00  100.00
03:13:08 AM   10    0.00    0.00    0.00    0.00    0.00    0.00    0.00    0.00    0.00  100.00
03:13:08 AM   11    2.00    0.00    0.00    0.00    0.00    0.00    0.00    0.00    0.00   98.00
03:13:08 AM   12    0.00    0.00    1.01    0.00    0.00    0.00    0.00    0.00    0.00   98.99
03:13:08 AM   13    2.00    0.00    0.00    0.00    0.00    0.00    0.00    0.00    0.00   98.00
03:13:08 AM   14    1.00    0.00    2.00    1.00    0.00    0.00    0.00    0.00    0.00   96.00
03:13:08 AM   15    0.00    0.00    0.00    0.00    0.00    0.00    0.00    0.00    0.00  100.00
03:13:08 AM   16    0.00    0.00    0.00    0.00    0.00    0.00    0.00    0.00    0.00  100.00
03:13:08 AM   17    1.01    0.00    0.00    1.01    0.00    0.00    0.00    0.00    0.00   97.98
03:13:08 AM   18    0.99    0.00    0.00    0.00    0.00    0.00    0.00    0.00    0.00   99.01
03:13:08 AM   19    0.00    0.00    0.00    0.00    0.00    0.00    0.00    0.00    0.00  100.00
03:13:08 AM   20    1.00    0.00    0.00    0.00    0.00    0.00    0.00    0.00    0.00   99.00
03:13:08 AM   21    0.00    0.00    0.00    0.00    0.00    0.00    0.00    0.00    0.00  100.00
03:13:08 AM   22    1.01    0.00    0.00    0.00    0.00    0.00    0.00    0.00    0.00   98.99
03:13:08 AM   23    0.00    0.00    0.00    0.00    0.00    0.00    0.00    0.00    0.00  100.00
03:13:08 AM   24   16.16    0.00   32.32    0.00    0.00   25.25    0.00    0.00    0.00   26.26
03:13:08 AM   25   12.90    0.00   26.88    0.00    0.00   17.20    0.00    0.00    0.00   43.01
03:13:08 AM   26    0.00    0.00    1.01    0.00    0.00    0.00    0.00    0.00    0.00   98.99
03:13:08 AM   27    0.00    0.00    1.00    0.00    0.00    0.00    0.00    0.00    0.00   99.00
03:13:08 AM   28    0.00    0.00    0.00    0.00    0.00    0.00    0.00    0.00    0.00  100.00
03:13:08 AM   29    1.01    0.00    0.00    0.00    0.00    0.00    0.00    0.00    0.00   98.99
03:13:08 AM   30    0.00    0.00    0.00    0.00    0.00    0.00    0.00    0.00    0.00  100.00
03:13:08 AM   31    0.99    0.00    0.00    0.00    0.00    0.00    0.00    0.00    0.00   99.01
03:13:08 AM   32    0.00    0.00    0.00    0.00    0.00    0.00    0.00    0.00    0.00  100.00
03:13:08 AM   33    0.99    0.00    0.00    0.00    0.00    0.00    0.00    0.00    0.00   99.01
03:13:08 AM   34    1.00    0.00    0.00    0.00    0.00    0.00    0.00    0.00    0.00   99.00
03:13:08 AM   35    1.00    0.00    0.00    0.00    0.00    0.00    0.00    0.00    0.00   99.00

03:13:08 AM  CPU    %usr   %nice    %sys %iowait    %irq   %soft  %steal  %guest  %gnice   %idle
03:13:09 AM  all    2.07    0.06    2.21    0.03    0.00    1.01    0.00    0.00    0.00   94.64
03:13:09 AM    0    3.00    0.00    1.00    0.00    0.00    1.00    0.00    0.00    0.00   95.00
03:13:09 AM    1    2.00    0.00    1.00    0.00    0.00    0.00    0.00    0.00    0.00   97.00
03:13:09 AM    2    3.03    0.00    1.01    0.00    0.00    0.00    0.00    0.00    0.00   95.96
03:13:09 AM    3    1.00    1.00    0.00    0.00    0.00    0.00    0.00    0.00    0.00   98.00
03:13:09 AM    4    1.00    0.00    1.00    0.00    0.00    0.00    0.00    0.00    0.00   98.00
03:13:09 AM    5    2.00    0.00    2.00    0.00    0.00    0.00    0.00    0.00    0.00   96.00
03:13:09 AM    6    1.01    0.00    2.02    0.00    0.00    0.00    0.00    0.00    0.00   96.97
03:13:09 AM    7    1.01    0.00    1.01    0.00    0.00    0.00    0.00    0.00    0.00   97.98
03:13:09 AM    8    0.00    0.00    0.00    0.00    0.00    0.00    0.00    0.00    0.00  100.00
03:13:09 AM    9    1.00    1.00    0.00    0.00    0.00    0.00    0.00    0.00    0.00   98.00
03:13:09 AM   10    1.00    0.00    1.00    0.00    0.00    0.00    0.00    0.00    0.00   98.00
03:13:09 AM   11    2.00    0.00    0.00    1.00    0.00    0.00    0.00    0.00    0.00   97.00
03:13:09 AM   12    0.00    0.00    1.01    0.00    0.00    0.00    0.00    0.00    0.00   98.99
03:13:09 AM   13    1.01    0.00    1.01    0.00    0.00    0.00    0.00    0.00    0.00   97.98
03:13:09 AM   14    2.00    0.00    1.00    0.00    0.00    0.00    0.00    0.00    0.00   97.00
03:13:09 AM   15    2.00    0.00    1.00    0.00    0.00    0.00    0.00    0.00    0.00   97.00
03:13:09 AM   16    2.02    0.00    0.00    0.00    0.00    0.00    0.00    0.00    0.00   97.98
03:13:09 AM   17    0.00    0.00    2.00    0.00    0.00    0.00    0.00    0.00    0.00   98.00
03:13:09 AM   18    0.00    0.00    0.00    0.00    0.00    0.00    0.00    0.00    0.00  100.00
03:13:09 AM   19    1.98    0.00    0.00    0.00    0.00    0.00    0.00    0.00    0.00   98.02
03:13:09 AM   20    0.99    0.00    0.99    0.00    0.00    0.00    0.00    0.00    0.00   98.02
03:13:09 AM   21    1.00    0.00    0.00    0.00    0.00    0.00    0.00    0.00    0.00   99.00
03:13:09 AM   22    1.00    0.00    0.00    0.00    0.00    0.00    0.00    0.00    0.00   99.00
03:13:09 AM   23    0.00    0.00    2.00    0.00    0.00    0.00    0.00    0.00    0.00   98.00
03:13:09 AM   24   20.20    0.00   34.34    0.00    0.00   20.20    0.00    0.00    0.00   25.25
03:13:09 AM   25   18.18    0.00   25.25    0.00    0.00   15.15    0.00    0.00    0.00   41.41
03:13:09 AM   26    0.99    0.00    0.00    0.00    0.00    0.00    0.00    0.00    0.00   99.01
03:13:09 AM   27    1.00    0.00    0.00    0.00    0.00    0.00    0.00    0.00    0.00   99.00
03:13:09 AM   28    1.01    0.00    0.00    0.00    0.00    0.00    0.00    0.00    0.00   98.99
03:13:09 AM   29    1.01    0.00    0.00    0.00    0.00    0.00    0.00    0.00    0.00   98.99
03:13:09 AM   30    0.00    0.00    0.00    0.00    0.00    0.00    0.00    0.00    0.00  100.00
03:13:09 AM   31    0.00    0.00    0.00    0.00    0.00    0.00    0.00    0.00    0.00  100.00
03:13:09 AM   32    0.00    0.00    0.00    0.00    0.00    0.00    0.00    0.00    0.00  100.00
03:13:09 AM   33    1.01    0.00    0.00    0.00    0.00    0.00    0.00    0.00    0.00   98.99
03:13:09 AM   34    1.01    0.00    1.01    0.00    0.00    0.00    0.00    0.00    0.00   97.98
03:13:09 AM   35    0.00    0.00    0.00    0.00    0.00    0.00    0.00    0.00    0.00  100.00

Average:     CPU    %usr   %nice    %sys %iowait    %irq   %soft  %steal  %guest  %gnice   %idle
Average:     all    1.66    0.02    1.96    0.05    0.00    1.02    0.00    0.00    0.00   95.29
Average:       0    1.43    0.00    0.92    0.10    0.00    0.41    0.00    0.00    0.00   97.15
Average:       1    1.31    0.00    0.70    0.10    0.00    0.10    0.00    0.00    0.00   97.79
Average:       2    1.60    0.20    0.60    0.10    0.00    0.10    0.00    0.00    0.00   97.39
Average:       3    1.50    0.10    2.61    0.00    0.00    0.00    0.00    0.00    0.00   95.79
Average:       4    1.20    0.00    0.50    0.10    0.00    0.00    0.00    0.00    0.00   98.19
Average:       5    1.00    0.10    0.40    0.20    0.00    0.10    0.00    0.00    0.00   98.19
Average:       6    0.81    0.00    0.50    0.00    0.00    0.00    0.00    0.00    0.00   98.69
Average:       7    0.50    0.00    0.30    0.00    0.00    0.00    0.00    0.00    0.00   99.19
Average:       8    0.50    0.10    0.30    0.10    0.00    0.00    0.00    0.00    0.00   98.99
Average:       9    0.90    0.10    0.30    0.00    0.00    0.10    0.00    0.00    0.00   98.59
Average:      10    0.91    0.00    0.50    0.10    0.00    0.00    0.00    0.00    0.00   98.49
Average:      11    1.10    0.00    0.40    0.20    0.00    0.00    0.00    0.00    0.00   98.29
Average:      12    0.90    0.10    0.70    0.00    0.00    0.10    0.00    0.00    0.00   98.19
Average:      13    1.11    0.00    0.30    0.10    0.00    0.10    0.00    0.00    0.00   98.39
Average:      14    1.91    0.00    1.91    0.20    0.00    0.00    0.00    0.00    0.00   95.97
Average:      15    0.81    0.00    0.60    0.00    0.00    0.00    0.00    0.00    0.00   98.59
Average:      16    0.81    0.00    0.30    0.00    0.00    0.10    0.00    0.00    0.00   98.79
Average:      17    0.80    0.00    0.60    0.20    0.00    0.00    0.00    0.00    0.00   98.39
Average:      18    0.30    0.00    0.10    0.00    0.00    0.00    0.00    0.00    0.00   99.60
Average:      19    0.60    0.00    0.30    0.10    0.00    0.00    0.00    0.00    0.00   99.00
Average:      20    0.60    0.00    0.40    0.10    0.00    0.00    0.00    0.00    0.00   98.90
Average:      21    0.80    0.00    0.20    0.00    0.00    0.10    0.00    0.00    0.00   98.90
Average:      22    0.60    0.00    0.20    0.00    0.00    0.00    0.00    0.00    0.00   99.19
Average:      23    0.40    0.00    0.40    0.00    0.00    0.10    0.00    0.00    0.00   99.09
Average:      24   17.89    0.00   29.45    0.00    0.00   21.88    0.00    0.00    0.00   30.78
Average:      25   15.40    0.00   26.16    0.00    0.00   14.66    0.00    0.00    0.00   43.78
Average:      26    0.50    0.00    0.30    0.00    0.00    0.00    0.00    0.00    0.00   99.20
Average:      27    0.50    0.00    0.20    0.00    0.00    0.00    0.00    0.00    0.00   99.30
Average:      28    0.60    0.00    0.20    0.00    0.00    0.00    0.00    0.00    0.00   99.20
Average:      29    0.61    0.00    0.10    0.00    0.00    0.00    0.00    0.00    0.00   99.29
Average:      30    0.30    0.00    0.50    0.00    0.00    0.00    0.00    0.00    0.00   99.19
Average:      31    0.50    0.00    0.20    0.00    0.00    0.00    0.00    0.00    0.00   99.30
Average:      32    0.30    0.00    0.10    0.00    0.00    0.00    0.00    0.00    0.00   99.60
Average:      33    0.60    0.00    0.20    0.00    0.00    0.00    0.00    0.00    0.00   99.20
Average:      34    0.40    0.00    0.30    0.00    0.00    0.00    0.00    0.00    0.00   99.30
Average:      35    0.70    0.00    0.20    0.00    0.00    0.00    0.00    0.00    0.00   99.10
