Linux 5.15.0-186-generic (rapids4) 	07/28/2026 	_x86_64_	(36 CPU)

03:22:23 AM  CPU    %usr   %nice    %sys %iowait    %irq   %soft  %steal  %guest  %gnice   %idle
03:22:24 AM  all    1.34    0.00    1.87    0.08    0.00    0.87    0.00    0.00    0.00   95.83
03:22:24 AM    0    1.02    0.00    0.00    0.00    0.00    0.00    0.00    0.00    0.00   98.98
03:22:24 AM    1    0.00    0.00    0.00    0.00    0.00    0.00    0.00    0.00    0.00  100.00
03:22:24 AM    2    0.99    0.00    1.98    0.00    0.00    0.00    0.00    0.00    0.00   97.03
03:22:24 AM    3    0.00    0.00    1.00    0.00    0.00    0.00    0.00    0.00    0.00   99.00
03:22:24 AM    4    2.02    0.00    1.01    0.00    0.00    0.00    0.00    0.00    0.00   96.97
03:22:24 AM    5    0.00    0.00    0.00    0.00    0.00    0.00    0.00    0.00    0.00  100.00
03:22:24 AM    6    0.99    0.00    0.99    0.00    0.00    0.99    0.00    0.00    0.00   97.03
03:22:24 AM    7    0.00    0.00    1.01    1.01    0.00    0.00    0.00    0.00    0.00   97.98
03:22:24 AM    8    0.00    0.00    0.00    0.00    0.00    0.00    0.00    0.00    0.00  100.00
03:22:24 AM    9    0.00    0.00    0.00    0.00    0.00    0.00    0.00    0.00    0.00  100.00
03:22:24 AM   10    1.00    0.00    1.00    0.00    0.00    0.00    0.00    0.00    0.00   98.00
03:22:24 AM   11    0.99    0.00    0.99    0.00    0.00    0.00    0.00    0.00    0.00   98.02
03:22:24 AM   12    1.00    0.00    1.00    0.00    0.00    0.00    0.00    0.00    0.00   98.00
03:22:24 AM   13    1.00    0.00    0.00    0.00    0.00    0.00    0.00    0.00    0.00   99.00
03:22:24 AM   14    1.01    0.00    0.00    0.00    0.00    0.00    0.00    0.00    0.00   98.99
03:22:24 AM   15    0.00    0.00    0.00    0.00    0.00    0.00    0.00    0.00    0.00  100.00
03:22:24 AM   16    1.98    0.00    1.98    0.00    0.00    0.00    0.00    0.00    0.00   96.04
03:22:24 AM   17    0.00    0.00    1.01    1.01    0.00    0.00    0.00    0.00    0.00   97.98
03:22:24 AM   18    1.01    0.00    0.00    0.00    0.00    0.00    0.00    0.00    0.00   98.99
03:22:24 AM   19    0.00    0.00    1.00    0.00    0.00    0.00    0.00    0.00    0.00   99.00
03:22:24 AM   20    0.00    0.00    0.00    0.00    0.00    0.00    0.00    0.00    0.00  100.00
03:22:24 AM   21    0.00    0.00    0.00    0.00    0.00    0.00    0.00    0.00    0.00  100.00
03:22:24 AM   22    1.00    0.00    0.00    0.00    0.00    0.00    0.00    0.00    0.00   99.00
03:22:24 AM   23    1.00    0.00    1.00    0.00    0.00    0.00    0.00    0.00    0.00   98.00
03:22:24 AM   24   15.79    0.00   24.21    0.00    0.00   20.00    0.00    0.00    0.00   40.00
03:22:24 AM   25   11.58    0.00   24.21    0.00    0.00   11.58    0.00    0.00    0.00   52.63
03:22:24 AM   26    0.00    0.00    0.00    0.00    0.00    0.00    0.00    0.00    0.00  100.00
03:22:24 AM   27    1.00    0.00    1.00    0.00    0.00    0.00    0.00    0.00    0.00   98.00
03:22:24 AM   28    0.00    0.00    0.00    0.00    0.00    0.00    0.00    0.00    0.00  100.00
03:22:24 AM   29    1.00    0.00    0.00    0.00    0.00    0.00    0.00    0.00    0.00   99.00
03:22:24 AM   30    1.98    0.00    0.99    0.00    0.00    0.00    0.00    0.00    0.00   97.03
03:22:24 AM   31    1.01    0.00    1.01    0.00    0.00    0.00    0.00    0.00    0.00   97.98
03:22:24 AM   32    0.00    0.00    1.01    0.00    0.00    0.00    0.00    0.00    0.00   98.99
03:22:24 AM   33    1.00    0.00    0.00    1.00    0.00    0.00    0.00    0.00    0.00   98.00
03:22:24 AM   34    0.00    0.00    1.01    0.00    0.00    0.00    0.00    0.00    0.00   98.99
03:22:24 AM   35    0.99    0.00    1.98    0.00    0.00    0.00    0.00    0.00    0.00   97.03

03:22:24 AM  CPU    %usr   %nice    %sys %iowait    %irq   %soft  %steal  %guest  %gnice   %idle
03:22:25 AM  all    1.46    0.00    2.25    0.06    0.00    0.96    0.00    0.00    0.00   95.28
03:22:25 AM    0    0.00    0.00    0.00    0.00    0.00    0.00    0.00    0.00    0.00  100.00
03:22:25 AM    1    0.00    0.00    1.01    0.00    0.00    0.00    0.00    0.00    0.00   98.99
03:22:25 AM    2    1.02    0.00    0.00    0.00    0.00    0.00    0.00    0.00    0.00   98.98
03:22:25 AM    3    2.04    0.00    0.00    0.00    0.00    0.00    0.00    0.00    0.00   97.96
03:22:25 AM    4    4.04    0.00    6.06    0.00    0.00    0.00    0.00    0.00    0.00   89.90
03:22:25 AM    5    1.00    0.00    1.00    0.00    0.00    0.00    0.00    0.00    0.00   98.00
03:22:25 AM    6    1.01    0.00    0.00    0.00    0.00    0.00    0.00    0.00    0.00   98.99
03:22:25 AM    7    1.01    0.00    1.01    0.00    0.00    0.00    0.00    0.00    0.00   97.98
03:22:25 AM    8    1.01    0.00    1.01    0.00    0.00    0.00    0.00    0.00    0.00   97.98
03:22:25 AM    9    0.00    0.00    0.00    0.00    0.00    1.01    0.00    0.00    0.00   98.99
03:22:25 AM   10    0.00    0.00    0.00    0.00    0.00    0.00    0.00    0.00    0.00  100.00
03:22:25 AM   11    0.00    0.00    0.00    1.01    0.00    0.00    0.00    0.00    0.00   98.99
03:22:25 AM   12    1.02    0.00    0.00    0.00    0.00    0.00    0.00    0.00    0.00   98.98
03:22:25 AM   13    0.00    0.00    1.01    0.00    0.00    0.00    0.00    0.00    0.00   98.99
03:22:25 AM   14    1.00    0.00    1.00    0.00    0.00    0.00    0.00    0.00    0.00   98.00
03:22:25 AM   15    0.99    0.00    1.98    0.00    0.00    0.00    0.00    0.00    0.00   97.03
03:22:25 AM   16    2.00    0.00    1.00    0.00    0.00    0.00    0.00    0.00    0.00   97.00
03:22:25 AM   17    0.00    0.00    1.01    0.00    0.00    0.00    0.00    0.00    0.00   98.99
03:22:25 AM   18    0.00    0.00    0.00    0.00    0.00    0.00    0.00    0.00    0.00  100.00
03:22:25 AM   19    1.01    0.00    0.00    0.00    0.00    0.00    0.00    0.00    0.00   98.99
03:22:25 AM   20    1.00    0.00    0.00    0.00    0.00    0.00    0.00    0.00    0.00   99.00
03:22:25 AM   21    0.00    0.00    0.00    0.00    0.00    0.00    0.00    0.00    0.00  100.00
03:22:25 AM   22    1.00    0.00    0.00    1.00    0.00    0.00    0.00    0.00    0.00   98.00
03:22:25 AM   23    0.00    0.00    0.00    0.00    0.00    1.00    0.00    0.00    0.00   99.00
03:22:25 AM   24   17.89    0.00   34.74    0.00    0.00   18.95    0.00    0.00    0.00   28.42
03:22:25 AM   25   15.62    0.00   28.12    0.00    0.00   14.58    0.00    0.00    0.00   41.67
03:22:25 AM   26    0.00    0.00    0.00    0.00    0.00    0.00    0.00    0.00    0.00  100.00
03:22:25 AM   27    0.00    0.00    1.01    0.00    0.00    0.00    0.00    0.00    0.00   98.99
03:22:25 AM   28    0.00    0.00    1.00    0.00    0.00    0.00    0.00    0.00    0.00   99.00
03:22:25 AM   29    0.00    0.00    0.00    0.00    0.00    0.00    0.00    0.00    0.00  100.00
03:22:25 AM   30    0.00    0.00    0.00    0.00    0.00    0.00    0.00    0.00    0.00  100.00
03:22:25 AM   31    1.00    0.00    0.00    0.00    0.00    0.00    0.00    0.00    0.00   99.00
03:22:25 AM   32    0.00    0.00    1.00    0.00    0.00    0.00    0.00    0.00    0.00   99.00
03:22:25 AM   33    0.00    0.00    0.00    0.00    0.00    0.00    0.00    0.00    0.00  100.00
03:22:25 AM   34    0.00    0.00    0.00    0.00    0.00    0.00    0.00    0.00    0.00  100.00
03:22:25 AM   35    0.00    0.00    1.01    0.00    0.00    0.00    0.00    0.00    0.00   98.99

03:22:25 AM  CPU    %usr   %nice    %sys %iowait    %irq   %soft  %steal  %guest  %gnice   %idle
03:22:26 AM  all    2.35    0.00    2.57    0.08    0.00    0.98    0.00    0.00    0.00   94.02
03:22:26 AM    0    3.06    0.00    2.04    0.00    0.00    0.00    0.00    0.00    0.00   94.90
03:22:26 AM    1    0.00    0.00    2.02    0.00    0.00    0.00    0.00    0.00    0.00   97.98
03:22:26 AM    2    1.02    0.00    1.02    0.00    0.00    0.00    0.00    0.00    0.00   97.96
03:22:26 AM    3    2.94    0.00    1.96    0.98    0.00    0.00    0.00    0.00    0.00   94.12
03:22:26 AM    4    1.02    0.00    1.02    0.00    0.00    0.00    0.00    0.00    0.00   97.96
03:22:26 AM    5    1.02    0.00    1.02    0.00    0.00    0.00    0.00    0.00    0.00   97.96
03:22:26 AM    6    2.02    0.00    0.00    0.00    0.00    0.00    0.00    0.00    0.00   97.98
03:22:26 AM    7    2.00    0.00    0.00    0.00    0.00    0.00    0.00    0.00    0.00   98.00
03:22:26 AM    8    3.00    0.00    1.00    0.00    0.00    0.00    0.00    0.00    0.00   96.00
03:22:26 AM    9    1.96    0.00    1.96    0.00    0.00    0.00    0.00    0.00    0.00   96.08
03:22:26 AM   10    1.01    0.00    0.00    0.00    0.00    0.00    0.00    0.00    0.00   98.99
03:22:26 AM   11    2.00    0.00    0.00    0.00    0.00    0.00    0.00    0.00    0.00   98.00
03:22:26 AM   12    2.00    0.00    1.00    0.00    0.00    0.00    0.00    0.00    0.00   97.00
03:22:26 AM   13    5.05    0.00    6.06    0.00    0.00    0.00    0.00    0.00    0.00   88.89
03:22:26 AM   14    1.02    0.00    0.00    0.00    0.00    0.00    0.00    0.00    0.00   98.98
03:22:26 AM   15    1.01    0.00    0.00    0.00    0.00    0.00    0.00    0.00    0.00   98.99
03:22:26 AM   16    1.02    0.00    0.00    0.00    0.00    0.00    0.00    0.00    0.00   98.98
03:22:26 AM   17    1.98    0.00    0.99    0.99    0.00    0.00    0.00    0.00    0.00   96.04
03:22:26 AM   18    3.00    0.00    0.00    0.00    0.00    0.00    0.00    0.00    0.00   97.00
03:22:26 AM   19    3.00    0.00    0.00    0.00    0.00    0.00    0.00    0.00    0.00   97.00
03:22:26 AM   20    1.00    0.00    0.00    0.00    0.00    0.00    0.00    0.00    0.00   99.00
03:22:26 AM   21    1.00    0.00    0.00    0.00    0.00    0.00    0.00    0.00    0.00   99.00
03:22:26 AM   22    0.99    0.00    0.99    0.99    0.00    0.00    0.00    0.00    0.00   97.03
03:22:26 AM   23    0.00    0.00    1.01    0.00    0.00    0.00    0.00    0.00    0.00   98.99
03:22:26 AM   24   15.15    0.00   34.34    0.00    0.00   24.24    0.00    0.00    0.00   26.26
03:22:26 AM   25   11.70    0.00   32.98    0.00    0.00   11.70    0.00    0.00    0.00   43.62
03:22:26 AM   26    2.00    0.00    0.00    0.00    0.00    0.00    0.00    0.00    0.00   98.00
03:22:26 AM   27    1.01    0.00    0.00    0.00    0.00    0.00    0.00    0.00    0.00   98.99
03:22:26 AM   28    1.01    0.00    0.00    0.00    0.00    0.00    0.00    0.00    0.00   98.99
03:22:26 AM   29    4.00    0.00    3.00    0.00    0.00    0.00    0.00    0.00    0.00   93.00
03:22:26 AM   30    2.00    0.00    0.00    0.00    0.00    0.00    0.00    0.00    0.00   98.00
03:22:26 AM   31    2.00    0.00    0.00    0.00    0.00    0.00    0.00    0.00    0.00   98.00
03:22:26 AM   32    0.99    0.00    0.99    0.00    0.00    0.00    0.00    0.00    0.00   98.02
03:22:26 AM   33    1.00    0.00    1.00    0.00    0.00    0.00    0.00    0.00    0.00   98.00
03:22:26 AM   34    1.01    0.00    0.00    0.00    0.00    0.00    0.00    0.00    0.00   98.99
03:22:26 AM   35    1.00    0.00    0.00    0.00    0.00    0.00    0.00    0.00    0.00   99.00

03:22:26 AM  CPU    %usr   %nice    %sys %iowait    %irq   %soft  %steal  %guest  %gnice   %idle
03:22:27 AM  all    1.40    0.00    1.85    0.03    0.00    1.17    0.00    0.00    0.00   95.55
03:22:27 AM    0    1.01    0.00    1.01    0.00    0.00    1.01    0.00    0.00    0.00   96.97
03:22:27 AM    1    1.00    0.00    0.00    0.00    0.00    1.00    0.00    0.00    0.00   98.00
03:22:27 AM    2    1.01    0.00    0.00    0.00    0.00    0.00    0.00    0.00    0.00   98.99
03:22:27 AM    3    0.00    0.00    0.00    0.00    0.00    0.00    0.00    0.00    0.00  100.00
03:22:27 AM    4    1.01    0.00    0.00    0.00    0.00    0.00    0.00    0.00    0.00   98.99
03:22:27 AM    5    0.00    0.00    0.00    0.00    0.00    0.00    0.00    0.00    0.00  100.00
03:22:27 AM    6    0.00    0.00    1.00    0.00    0.00    0.00    0.00    0.00    0.00   99.00
03:22:27 AM    7    0.00    0.00    0.00    0.00    0.00    1.00    0.00    0.00    0.00   99.00
03:22:27 AM    8    1.00    0.00    0.00    0.00    0.00    1.00    0.00    0.00    0.00   98.00
03:22:27 AM    9    0.99    0.00    0.99    0.00    0.00    0.00    0.00    0.00    0.00   98.02
03:22:27 AM   10    1.01    0.00    0.00    0.00    0.00    0.00    0.00    0.00    0.00   98.99
03:22:27 AM   11    0.00    0.00    0.00    0.00    0.00    0.00    0.00    0.00    0.00  100.00
03:22:27 AM   12    1.01    0.00    0.00    0.00    0.00    0.00    0.00    0.00    0.00   98.99
03:22:27 AM   13    0.00    0.00    0.00    0.00    0.00    0.00    0.00    0.00    0.00  100.00
03:22:27 AM   14    0.99    0.00    0.99    0.00    0.00    0.00    0.00    0.00    0.00   98.02
03:22:27 AM   15    0.00    0.00    0.00    0.00    0.00    0.00    0.00    0.00    0.00  100.00
03:22:27 AM   16    1.01    0.00    0.00    0.00    0.00    0.00    0.00    0.00    0.00   98.99
03:22:27 AM   17    0.00    0.00    0.00    0.00    0.00    1.01    0.00    0.00    0.00   98.99
03:22:27 AM   18    0.00    0.00    0.00    0.00    0.00    0.00    0.00    0.00    0.00  100.00
03:22:27 AM   19    0.00    0.00    0.00    0.00    0.00    0.00    0.00    0.00    0.00  100.00
03:22:27 AM   20    0.00    0.00    0.00    0.00    0.00    0.00    0.00    0.00    0.00  100.00
03:22:27 AM   21    0.00    0.00    0.00    0.00    0.00    0.00    0.00    0.00    0.00  100.00
03:22:27 AM   22    0.00    0.00    1.00    1.00    0.00    0.00    0.00    0.00    0.00   98.00
03:22:27 AM   23    0.00    0.00    1.00    0.00    0.00    0.00    0.00    0.00    0.00   99.00
03:22:27 AM   24   21.15    0.00   32.69    0.00    0.00   21.15    0.00    0.00    0.00   25.00
03:22:27 AM   25   13.83    0.00   26.60    0.00    0.00   15.96    0.00    0.00    0.00   43.62
03:22:27 AM   26    0.00    0.00    0.00    0.00    0.00    0.00    0.00    0.00    0.00  100.00
03:22:27 AM   27    1.00    0.00    0.00    0.00    0.00    0.00    0.00    0.00    0.00   99.00
03:22:27 AM   28    0.00    0.00    0.00    0.00    0.00    0.00    0.00    0.00    0.00  100.00
03:22:27 AM   29    0.00    0.00    0.00    0.00    0.00    0.00    0.00    0.00    0.00  100.00
03:22:27 AM   30    0.00    0.00    0.00    0.00    0.00    0.00    0.00    0.00    0.00  100.00
03:22:27 AM   31    0.99    0.00    0.99    0.00    0.00    0.00    0.00    0.00    0.00   98.02
03:22:27 AM   32    0.00    0.00    0.00    0.00    0.00    0.00    0.00    0.00    0.00  100.00
03:22:27 AM   33    1.00    0.00    0.00    0.00    0.00    0.00    0.00    0.00    0.00   99.00
03:22:27 AM   34    1.01    0.00    0.00    0.00    0.00    0.00    0.00    0.00    0.00   98.99
03:22:27 AM   35    1.01    0.00    0.00    0.00    0.00    0.00    0.00    0.00    0.00   98.99

03:22:27 AM  CPU    %usr   %nice    %sys %iowait    %irq   %soft  %steal  %guest  %gnice   %idle
03:22:28 AM  all    1.43    0.00    2.04    0.06    0.00    1.09    0.00    0.00    0.00   95.38
03:22:28 AM    0    1.01    0.00    0.00    0.00    0.00    1.01    0.00    0.00    0.00   97.98
03:22:28 AM    1    1.98    0.00    0.99    0.00    0.00    0.00    0.00    0.00    0.00   97.03
03:22:28 AM    2    0.99    0.00    0.99    0.00    0.00    0.99    0.00    0.00    0.00   97.03
03:22:28 AM    3    1.00    0.00    1.00    0.00    0.00    0.00    0.00    0.00    0.00   98.00
03:22:28 AM    4    1.02    0.00    0.00    0.00    0.00    0.00    0.00    0.00    0.00   98.98
03:22:28 AM    5    1.01    0.00    0.00    0.00    0.00    0.00    0.00    0.00    0.00   98.99
03:22:28 AM    6    0.00    0.00    0.00    0.00    0.00    0.00    0.00    0.00    0.00  100.00
03:22:28 AM    7    1.00    0.00    0.00    1.00    0.00    0.00    0.00    0.00    0.00   98.00
03:22:28 AM    8    0.00    0.00    0.00    0.00    0.00    0.00    0.00    0.00    0.00  100.00
03:22:28 AM    9    2.00    0.00    1.00    0.00    0.00    0.00    0.00    0.00    0.00   97.00
03:22:28 AM   10    0.99    0.00    0.99    0.00    0.00    0.00    0.00    0.00    0.00   98.02
03:22:28 AM   11    0.00    0.00    1.01    0.00    0.00    0.00    0.00    0.00    0.00   98.99
03:22:28 AM   12    1.00    0.00    0.00    0.00    0.00    0.00    0.00    0.00    0.00   99.00
03:22:28 AM   13    2.00    0.00    7.00    0.00    0.00    0.00    0.00    0.00    0.00   91.00
03:22:28 AM   14    0.00    0.00    0.00    0.00    0.00    0.00    0.00    0.00    0.00  100.00
03:22:28 AM   15    0.00    0.00    0.00    0.00    0.00    0.00    0.00    0.00    0.00  100.00
03:22:28 AM   16    1.98    0.00    0.99    0.99    0.00    0.00    0.00    0.00    0.00   96.04
03:22:28 AM   17    1.00    0.00    0.00    0.00    0.00    0.00    0.00    0.00    0.00   99.00
03:22:28 AM   18    0.00    0.00    0.00    0.00    0.00    0.00    0.00    0.00    0.00  100.00
03:22:28 AM   19    0.00    0.00    1.00    0.00    0.00    0.00    0.00    0.00    0.00   99.00
03:22:28 AM   20    1.00    0.00    0.00    0.00    0.00    0.00    0.00    0.00    0.00   99.00
03:22:28 AM   21    0.00    0.00    0.99    0.00    0.00    0.00    0.00    0.00    0.00   99.01
03:22:28 AM   22    0.00    0.00    0.00    0.00    0.00    0.00    0.00    0.00    0.00  100.00
03:22:28 AM   23    0.00    0.00    0.00    0.00    0.00    0.00    0.00    0.00    0.00  100.00
03:22:28 AM   24   19.19    0.00   32.32    0.00    0.00   22.22    0.00    0.00    0.00   26.26
03:22:28 AM   25   13.04    0.00   27.17    0.00    0.00   16.30    0.00    0.00    0.00   43.48
03:22:28 AM   26    0.99    0.00    0.00    0.00    0.00    0.00    0.00    0.00    0.00   99.01
03:22:28 AM   27    0.00    0.00    0.00    0.00    0.00    0.00    0.00    0.00    0.00  100.00
03:22:28 AM   28    1.00    0.00    0.00    0.00    0.00    0.00    0.00    0.00    0.00   99.00
03:22:28 AM   29    0.00    0.00    0.00    0.00    0.00    0.00    0.00    0.00    0.00  100.00
03:22:28 AM   30    0.00    0.00    0.00    0.00    0.00    0.00    0.00    0.00    0.00  100.00
03:22:28 AM   31    0.00    0.00    0.00    0.00    0.00    0.00    0.00    0.00    0.00  100.00
03:22:28 AM   32    0.00    0.00    0.00    0.00    0.00    0.00    0.00    0.00    0.00  100.00
03:22:28 AM   33    0.00    0.00    0.00    0.00    0.00    0.00    0.00    0.00    0.00  100.00
03:22:28 AM   34    0.00    0.00    0.00    0.00    0.00    0.00    0.00    0.00    0.00  100.00
03:22:28 AM   35    0.00    0.00    0.00    0.00    0.00    0.00    0.00    0.00    0.00  100.00

03:22:28 AM  CPU    %usr   %nice    %sys %iowait    %irq   %soft  %steal  %guest  %gnice   %idle
03:22:29 AM  all    1.35    0.03    1.96    0.00    0.00    1.01    0.00    0.00    0.00   95.65
03:22:29 AM    0    0.00    0.00    0.00    0.00    0.00    0.00    0.00    0.00    0.00  100.00
03:22:29 AM    1    0.00    0.00    0.00    0.00    0.00    0.00    0.00    0.00    0.00  100.00
03:22:29 AM    2    0.00    0.00    0.00    0.00    0.00    0.00    0.00    0.00    0.00  100.00
03:22:29 AM    3    0.99    0.00    0.99    0.00    0.00    0.00    0.00    0.00    0.00   98.02
03:22:29 AM    4    2.02    0.00    6.06    0.00    0.00    1.01    0.00    0.00    0.00   90.91
03:22:29 AM    5    0.00    0.00    0.00    0.00    0.00    1.01    0.00    0.00    0.00   98.99
03:22:29 AM    6    0.00    0.00    0.00    0.00    0.00    0.00    0.00    0.00    0.00  100.00
03:22:29 AM    7    0.00    0.00    1.01    0.00    0.00    0.00    0.00    0.00    0.00   98.99
03:22:29 AM    8    0.00    0.00    0.00    0.00    0.00    0.00    0.00    0.00    0.00  100.00
03:22:29 AM    9    1.00    0.00    0.00    0.00    0.00    1.00    0.00    0.00    0.00   98.00
03:22:29 AM   10    0.00    0.00    0.00    0.00    0.00    0.00    0.00    0.00    0.00  100.00
03:22:29 AM   11    0.00    1.00    0.00    0.00    0.00    0.00    0.00    0.00    0.00   99.00
03:22:29 AM   12    2.00    0.00    1.00    0.00    0.00    0.00    0.00    0.00    0.00   97.00
03:22:29 AM   13    1.00    0.00    0.00    0.00    0.00    0.00    0.00    0.00    0.00   99.00
03:22:29 AM   14    0.00    0.00    0.00    0.00    0.00    0.00    0.00    0.00    0.00  100.00
03:22:29 AM   15    1.01    0.00    0.00    0.00    0.00    0.00    0.00    0.00    0.00   98.99
03:22:29 AM   16    0.00    0.00    0.00    0.00    0.00    0.00    0.00    0.00    0.00  100.00
03:22:29 AM   17    0.00    0.00    0.00    0.00    0.00    0.00    0.00    0.00    0.00  100.00
03:22:29 AM   18    0.00    0.00    0.00    0.00    0.00    0.00    0.00    0.00    0.00  100.00
03:22:29 AM   19    0.00    0.00    0.00    0.00    0.00    0.00    0.00    0.00    0.00  100.00
03:22:29 AM   20    0.00    0.00    0.00    0.00    0.00    0.00    0.00    0.00    0.00  100.00
03:22:29 AM   21    0.00    0.00    0.00    0.00    0.00    0.00    0.00    0.00    0.00  100.00
03:22:29 AM   22    0.00    0.00    1.01    0.00    0.00    0.00    0.00    0.00    0.00   98.99
03:22:29 AM   23    0.00    0.00    0.00    0.00    0.00    0.00    0.00    0.00    0.00  100.00
03:22:29 AM   24   22.45    0.00   29.59    0.00    0.00   20.41    0.00    0.00    0.00   27.55
03:22:29 AM   25   14.58    0.00   29.17    0.00    0.00   13.54    0.00    0.00    0.00   42.71
03:22:29 AM   26    0.00    0.00    0.00    0.00    0.00    0.00    0.00    0.00    0.00  100.00
03:22:29 AM   27    0.00    0.00    0.99    0.00    0.00    0.00    0.00    0.00    0.00   99.01
03:22:29 AM   28    1.00    0.00    0.00    0.00    0.00    0.00    0.00    0.00    0.00   99.00
03:22:29 AM   29    1.01    0.00    0.00    0.00    0.00    0.00    0.00    0.00    0.00   98.99
03:22:29 AM   30    0.99    0.00    0.99    0.00    0.00    0.00    0.00    0.00    0.00   98.02
03:22:29 AM   31    1.00    0.00    0.00    0.00    0.00    0.00    0.00    0.00    0.00   99.00
03:22:29 AM   32    0.00    0.00    0.00    0.00    0.00    0.00    0.00    0.00    0.00  100.00
03:22:29 AM   33    0.00    0.00    0.00    0.00    0.00    0.00    0.00    0.00    0.00  100.00
03:22:29 AM   34    0.00    0.00    0.00    0.00    0.00    0.00    0.00    0.00    0.00  100.00
03:22:29 AM   35    0.00    0.00    1.00    0.00    0.00    0.00    0.00    0.00    0.00   99.00

03:22:29 AM  CPU    %usr   %nice    %sys %iowait    %irq   %soft  %steal  %guest  %gnice   %idle
03:22:30 AM  all    1.76    0.03    2.15    0.06    0.00    1.11    0.00    0.00    0.00   94.90
03:22:30 AM    0    1.01    0.00    1.01    1.01    0.00    0.00    0.00    0.00    0.00   96.97
03:22:30 AM    1    0.99    0.00    0.99    0.00    0.00    0.99    0.00    0.00    0.00   97.03
03:22:30 AM    2    0.00    0.00    0.00    0.00    0.00    0.00    0.00    0.00    0.00  100.00
03:22:30 AM    3    1.01    0.00    0.00    0.00    0.00    0.00    0.00    0.00    0.00   98.99
03:22:30 AM    4    0.99    0.99    0.99    0.00    0.00    0.00    0.00    0.00    0.00   97.03
03:22:30 AM    5    1.00    0.00    1.00    0.00    0.00    0.00    0.00    0.00    0.00   98.00
03:22:30 AM    6    1.00    0.00    0.00    0.00    0.00    0.00    0.00    0.00    0.00   99.00
03:22:30 AM    7    2.00    0.00    0.00    0.00    0.00    0.00    0.00    0.00    0.00   98.00
03:22:30 AM    8    0.00    0.00    1.00    0.00    0.00    0.00    0.00    0.00    0.00   99.00
03:22:30 AM    9    1.00    0.00    1.00    1.00    0.00    0.00    0.00    0.00    0.00   97.00
03:22:30 AM   10    0.00    0.00    0.00    0.00    0.00    0.00    0.00    0.00    0.00  100.00
03:22:30 AM   11    2.00    0.00    0.00    0.00    0.00    0.00    0.00    0.00    0.00   98.00
03:22:30 AM   12    2.00    0.00    1.00    0.00    0.00    0.00    0.00    0.00    0.00   97.00
03:22:30 AM   13    0.00    0.00    0.00    0.00    0.00    0.00    0.00    0.00    0.00  100.00
03:22:30 AM   14    0.00    0.00    1.01    0.00    0.00    0.00    0.00    0.00    0.00   98.99
03:22:30 AM   15    0.99    0.00    0.99    0.00    0.00    0.00    0.00    0.00    0.00   98.02
03:22:30 AM   16    1.98    0.00    0.00    0.00    0.00    0.00    0.00    0.00    0.00   98.02
03:22:30 AM   17    1.00    0.00    0.00    0.00    0.00    0.00    0.00    0.00    0.00   99.00
03:22:30 AM   18    1.00    0.00    0.00    0.00    0.00    0.00    0.00    0.00    0.00   99.00
03:22:30 AM   19    0.00    0.00    0.00    0.00    0.00    0.00    0.00    0.00    0.00  100.00
03:22:30 AM   20    1.98    0.00    0.00    0.00    0.00    0.00    0.00    0.00    0.00   98.02
03:22:30 AM   21    1.00    0.00    1.00    0.00    0.00    0.00    0.00    0.00    0.00   98.00
03:22:30 AM   22    2.97    0.00    0.99    0.00    0.00    0.00    0.00    0.00    0.00   96.04
03:22:30 AM   23    1.00    0.00    1.00    0.00    0.00    0.00    0.00    0.00    0.00   98.00
03:22:30 AM   24   16.00    0.00   33.00    0.00    0.00   25.00    0.00    0.00    0.00   26.00
03:22:30 AM   25   11.24    0.00   29.21    0.00    0.00   15.73    0.00    0.00    0.00   43.82
03:22:30 AM   26    1.98    0.00    0.00    0.00    0.00    0.00    0.00    0.00    0.00   98.02
03:22:30 AM   27    0.00    0.00    1.00    0.00    0.00    0.00    0.00    0.00    0.00   99.00
03:22:30 AM   28    1.00    0.00    1.00    0.00    0.00    0.00    0.00    0.00    0.00   98.00
03:22:30 AM   29    0.99    0.00    0.99    0.00    0.00    0.00    0.00    0.00    0.00   98.02
03:22:30 AM   30    2.02    0.00    0.00    0.00    0.00    0.00    0.00    0.00    0.00   97.98
03:22:30 AM   31    0.99    0.00    0.99    0.00    0.00    0.00    0.00    0.00    0.00   98.02
03:22:30 AM   32    1.00    0.00    0.00    0.00    0.00    0.00    0.00    0.00    0.00   99.00
03:22:30 AM   33    1.00    0.00    1.00    0.00    0.00    0.00    0.00    0.00    0.00   98.00
03:22:30 AM   34    0.99    0.00    0.99    0.00    0.00    0.00    0.00    0.00    0.00   98.02
03:22:30 AM   35    1.98    0.00    0.00    0.00    0.00    0.00    0.00    0.00    0.00   98.02

03:22:30 AM  CPU    %usr   %nice    %sys %iowait    %irq   %soft  %steal  %guest  %gnice   %idle
03:22:31 AM  all    1.43    0.00    2.19    0.03    0.00    1.07    0.00    0.00    0.00   95.28
03:22:31 AM    0    0.00    0.00    1.02    0.00    0.00    1.02    0.00    0.00    0.00   97.96
03:22:31 AM    1    0.00    0.00    1.00    0.00    0.00    1.00    0.00    0.00    0.00   98.00
03:22:31 AM    2    1.01    0.00    0.00    0.00    0.00    0.00    0.00    0.00    0.00   98.99
03:22:31 AM    3    0.00    0.00    0.00    0.00    0.00    0.00    0.00    0.00    0.00  100.00
03:22:31 AM    4    1.01    0.00    7.07    0.00    0.00    0.00    0.00    0.00    0.00   91.92
03:22:31 AM    5    0.99    0.00    0.99    0.00    0.00    0.00    0.00    0.00    0.00   98.02
03:22:31 AM    6    1.01    0.00    0.00    1.01    0.00    0.00    0.00    0.00    0.00   97.98
03:22:31 AM    7    0.00    0.00    0.00    0.00    0.00    0.00    0.00    0.00    0.00  100.00
03:22:31 AM    8    1.00    0.00    1.00    0.00    0.00    0.00    0.00    0.00    0.00   98.00
03:22:31 AM    9    2.00    0.00    0.00    0.00    0.00    0.00    0.00    0.00    0.00   98.00
03:22:31 AM   10    0.00    0.00    1.00    0.00    0.00    0.00    0.00    0.00    0.00   99.00
03:22:31 AM   11    1.01    0.00    0.00    0.00    0.00    0.00    0.00    0.00    0.00   98.99
03:22:31 AM   12    1.98    0.00    0.99    0.00    0.00    0.00    0.00    0.00    0.00   97.03
03:22:31 AM   13    1.01    0.00    0.00    0.00    0.00    0.00    0.00    0.00    0.00   98.99
03:22:31 AM   14    0.00    0.00    0.00    0.00    0.00    0.00    0.00    0.00    0.00  100.00
03:22:31 AM   15    0.00    0.00    0.00    0.00    0.00    0.00    0.00    0.00    0.00  100.00
03:22:31 AM   16    0.00    0.00    0.00    0.00    0.00    0.00    0.00    0.00    0.00  100.00
03:22:31 AM   17    0.00    0.00    0.00    0.00    0.00    0.00    0.00    0.00    0.00  100.00
03:22:31 AM   18    2.00    0.00    0.00    0.00    0.00    1.00    0.00    0.00    0.00   97.00
03:22:31 AM   19    1.00    0.00    1.00    0.00    0.00    0.00    0.00    0.00    0.00   98.00
03:22:31 AM   20    0.00    0.00    1.00    0.00    0.00    0.00    0.00    0.00    0.00   99.00
03:22:31 AM   21    0.00    0.00    0.00    0.00    0.00    0.00    0.00    0.00    0.00  100.00
03:22:31 AM   22    1.01    0.00    1.01    0.00    0.00    0.00    0.00    0.00    0.00   97.98
03:22:31 AM   23    0.00    0.00    0.00    0.00    0.00    0.00    0.00    0.00    0.00  100.00
03:22:31 AM   24   17.65    0.00   35.29    0.00    0.00   20.59    0.00    0.00    0.00   26.47
03:22:31 AM   25   13.33    0.00   25.56    0.00    0.00   15.56    0.00    0.00    0.00   45.56
03:22:31 AM   26    0.00    0.00    0.00    0.00    0.00    0.00    0.00    0.00    0.00  100.00
03:22:31 AM   27    1.01    0.00    0.00    0.00    0.00    0.00    0.00    0.00    0.00   98.99
03:22:31 AM   28    1.01    0.00    0.00    0.00    0.00    0.00    0.00    0.00    0.00   98.99
03:22:31 AM   29    0.00    0.00    0.00    0.00    0.00    0.00    0.00    0.00    0.00  100.00
03:22:31 AM   30    1.01    0.00    0.00    0.00    0.00    0.00    0.00    0.00    0.00   98.99
03:22:31 AM   31    0.00    0.00    0.00    0.00    0.00    0.00    0.00    0.00    0.00  100.00
03:22:31 AM   32    1.98    0.00    0.00    0.00    0.00    0.00    0.00    0.00    0.00   98.02
03:22:31 AM   33    0.00    0.00    1.01    0.00    0.00    0.00    0.00    0.00    0.00   98.99
03:22:31 AM   34    1.00    0.00    1.00    0.00    0.00    0.00    0.00    0.00    0.00   98.00
03:22:31 AM   35    0.00    0.00    1.01    0.00    0.00    0.00    0.00    0.00    0.00   98.99

03:22:31 AM  CPU    %usr   %nice    %sys %iowait    %irq   %soft  %steal  %guest  %gnice   %idle
03:22:32 AM  all    1.26    0.03    1.65    0.11    0.00    1.26    0.00    0.00    0.00   95.69
03:22:32 AM    0    0.00    0.00    0.00    0.00    0.00    1.04    0.00    0.00    0.00   98.96
03:22:32 AM    1    1.00    1.00    0.00    0.00    0.00    0.00    0.00    0.00    0.00   98.00
03:22:32 AM    2    1.00    0.00    0.00    0.00    0.00    0.00    0.00    0.00    0.00   99.00
03:22:32 AM    3    0.00    0.00    0.00    0.00    0.00    0.00    0.00    0.00    0.00  100.00
03:22:32 AM    4    0.00    0.00    0.00    0.00    0.00    0.00    0.00    0.00    0.00  100.00
03:22:32 AM    5    1.00    0.00    0.00    0.00    0.00    0.00    0.00    0.00    0.00   99.00
03:22:32 AM    6    2.00    0.00    0.00    0.00    0.00    0.00    0.00    0.00    0.00   98.00
03:22:32 AM    7    0.00    0.00    1.00    1.00    0.00    0.00    0.00    0.00    0.00   98.00
03:22:32 AM    8    1.00    0.00    0.00    1.00    0.00    0.00    0.00    0.00    0.00   98.00
03:22:32 AM    9    0.00    0.00    1.00    1.00    0.00    0.00    0.00    0.00    0.00   98.00
03:22:32 AM   10    1.01    0.00    0.00    0.00    0.00    0.00    0.00    0.00    0.00   98.99
03:22:32 AM   11    0.00    0.00    0.00    0.00    0.00    0.00    0.00    0.00    0.00  100.00
03:22:32 AM   12    0.00    0.00    0.00    1.01    0.00    0.00    0.00    0.00    0.00   98.99
03:22:32 AM   13    0.00    0.00    0.00    0.00    0.00    0.00    0.00    0.00    0.00  100.00
03:22:32 AM   14    1.00    0.00    1.00    0.00    0.00    0.00    0.00    0.00    0.00   98.00
03:22:32 AM   15    0.00    0.00    0.00    0.00    0.00    0.00    0.00    0.00    0.00  100.00
03:22:32 AM   16    1.01    0.00    0.00    0.00    0.00    0.00    0.00    0.00    0.00   98.99
03:22:32 AM   17    1.01    0.00    0.00    0.00    0.00    0.00    0.00    0.00    0.00   98.99
03:22:32 AM   18    1.01    0.00    0.00    0.00    0.00    0.00    0.00    0.00    0.00   98.99
03:22:32 AM   19    0.00    0.00    0.00    0.00    0.00    0.00    0.00    0.00    0.00  100.00
03:22:32 AM   20    0.99    0.00    0.99    0.00    0.00    0.00    0.00    0.00    0.00   98.02
03:22:32 AM   21    0.00    0.00    0.00    0.00    0.00    0.00    0.00    0.00    0.00  100.00
03:22:32 AM   22    0.00    0.00    0.00    0.00    0.00    0.00    0.00    0.00    0.00  100.00
03:22:32 AM   23    0.99    0.00    1.98    0.00    0.00    0.00    0.00    0.00    0.00   97.03
03:22:32 AM   24   20.20    0.00   27.27    0.00    0.00   26.26    0.00    0.00    0.00   26.26
03:22:32 AM   25   11.70    0.00   25.53    0.00    0.00   19.15    0.00    0.00    0.00   43.62
03:22:32 AM   26    0.00    0.00    0.00    0.00    0.00    0.00    0.00    0.00    0.00  100.00
03:22:32 AM   27    0.00    0.00    1.00    0.00    0.00    0.00    0.00    0.00    0.00   99.00
03:22:32 AM   28    0.00    0.00    0.00    0.00    0.00    0.00    0.00    0.00    0.00  100.00
03:22:32 AM   29    0.00    0.00    0.00    0.00    0.00    0.00    0.00    0.00    0.00  100.00
03:22:32 AM   30    0.00    0.00    1.00    0.00    0.00    0.00    0.00    0.00    0.00   99.00
03:22:32 AM   31    0.00    0.00    0.00    0.00    0.00    0.00    0.00    0.00    0.00  100.00
03:22:32 AM   32    0.00    0.00    0.00    0.00    0.00    0.00    0.00    0.00    0.00  100.00
03:22:32 AM   33    0.00    0.00    0.00    0.00    0.00    0.00    0.00    0.00    0.00  100.00
03:22:32 AM   34    0.00    0.00    0.00    0.00    0.00    0.00    0.00    0.00    0.00  100.00
03:22:32 AM   35    1.00    0.00    0.00    0.00    0.00    0.00    0.00    0.00    0.00   99.00

03:22:32 AM  CPU    %usr   %nice    %sys %iowait    %irq   %soft  %steal  %guest  %gnice   %idle
03:22:33 AM  all    2.36    0.00    2.19    0.00    0.00    0.98    0.00    0.00    0.00   94.47
03:22:33 AM    0    0.00    0.00    1.02    0.00    0.00    1.02    0.00    0.00    0.00   97.96
03:22:33 AM    1    1.02    0.00    0.00    0.00    0.00    0.00    0.00    0.00    0.00   98.98
03:22:33 AM    2    2.04    0.00    1.02    0.00    0.00    0.00    0.00    0.00    0.00   96.94
03:22:33 AM    3    1.02    0.00    0.00    0.00    0.00    0.00    0.00    0.00    0.00   98.98
03:22:33 AM    4    4.04    0.00    6.06    0.00    0.00    0.00    0.00    0.00    0.00   89.90
03:22:33 AM    5    2.00    0.00    1.00    0.00    0.00    1.00    0.00    0.00    0.00   96.00
03:22:33 AM    6    2.00    0.00    1.00    0.00    0.00    0.00    0.00    0.00    0.00   97.00
03:22:33 AM    7    2.00    0.00    2.00    0.00    0.00    0.00    0.00    0.00    0.00   96.00
03:22:33 AM    8    3.00    0.00    1.00    0.00    0.00    0.00    0.00    0.00    0.00   96.00
03:22:33 AM    9    4.04    0.00    0.00    0.00    0.00    0.00    0.00    0.00    0.00   95.96
03:22:33 AM   10    3.03    0.00    0.00    0.00    0.00    0.00    0.00    0.00    0.00   96.97
03:22:33 AM   11    4.04    0.00    0.00    0.00    0.00    0.00    0.00    0.00    0.00   95.96
03:22:33 AM   12    3.06    0.00    1.02    0.00    0.00    0.00    0.00    0.00    0.00   95.92
03:22:33 AM   13    3.06    0.00    1.02    0.00    0.00    0.00    0.00    0.00    0.00   95.92
03:22:33 AM   14    2.08    0.00    0.00    0.00    0.00    0.00    0.00    0.00    0.00   97.92
03:22:33 AM   15    3.09    0.00    0.00    0.00    0.00    0.00    0.00    0.00    0.00   96.91
03:22:33 AM   16    2.02    0.00    0.00    0.00    0.00    0.00    0.00    0.00    0.00   97.98
03:22:33 AM   17    1.01    0.00    1.01    0.00    0.00    0.00    0.00    0.00    0.00   97.98
03:22:33 AM   18    0.00    0.00    0.00    0.00    0.00    0.00    0.00    0.00    0.00  100.00
03:22:33 AM   19    0.99    0.00    0.99    0.00    0.00    0.00    0.00    0.00    0.00   98.02
03:22:33 AM   20    0.00    0.00    0.00    0.00    0.00    0.00    0.00    0.00    0.00  100.00
03:22:33 AM   21    0.00    0.00    0.00    0.00    0.00    0.00    0.00    0.00    0.00  100.00
03:22:33 AM   22    0.00    0.00    1.01    0.00    0.00    0.00    0.00    0.00    0.00   98.99
03:22:33 AM   23    1.00    0.00    0.00    0.00    0.00    0.00    0.00    0.00    0.00   99.00
03:22:33 AM   24   24.00    0.00   31.00    0.00    0.00   18.00    0.00    0.00    0.00   27.00
03:22:33 AM   25   13.68    0.00   28.42    0.00    0.00   15.79    0.00    0.00    0.00   42.11
03:22:33 AM   26    1.00    0.00    0.00    0.00    0.00    0.00    0.00    0.00    0.00   99.00
03:22:33 AM   27    1.00    0.00    0.00    0.00    0.00    0.00    0.00    0.00    0.00   99.00
03:22:33 AM   28    0.00    0.00    0.00    0.00    0.00    0.00    0.00    0.00    0.00  100.00
03:22:33 AM   29    0.00    0.00    1.00    0.00    0.00    0.00    0.00    0.00    0.00   99.00
03:22:33 AM   30    0.99    0.00    0.99    0.00    0.00    0.00    0.00    0.00    0.00   98.02
03:22:33 AM   31    0.00    0.00    0.00    0.00    0.00    0.00    0.00    0.00    0.00  100.00
03:22:33 AM   32    0.00    0.00    0.00    0.00    0.00    0.00    0.00    0.00    0.00  100.00
03:22:33 AM   33    0.00    0.00    0.00    0.00    0.00    0.00    0.00    0.00    0.00  100.00
03:22:33 AM   34    0.00    0.00    0.00    0.00    0.00    0.00    0.00    0.00    0.00  100.00
03:22:33 AM   35    0.00    0.00    0.00    0.00    0.00    0.00    0.00    0.00    0.00  100.00

Average:     CPU    %usr   %nice    %sys %iowait    %irq   %soft  %steal  %guest  %gnice   %idle
Average:     all    1.61    0.01    2.07    0.05    0.00    1.05    0.00    0.00    0.00   95.21
Average:       0    0.72    0.00    0.61    0.10    0.00    0.51    0.00    0.00    0.00   98.05
Average:       1    0.60    0.10    0.60    0.00    0.00    0.30    0.00    0.00    0.00   98.39
Average:       2    0.91    0.00    0.50    0.00    0.00    0.10    0.00    0.00    0.00   98.49
Average:       3    0.91    0.00    0.50    0.10    0.00    0.00    0.00    0.00    0.00   98.49
Average:       4    1.72    0.10    2.83    0.00    0.00    0.10    0.00    0.00    0.00   95.25
Average:       5    0.81    0.00    0.50    0.00    0.00    0.20    0.00    0.00    0.00   98.49
Average:       6    1.01    0.00    0.30    0.10    0.00    0.10    0.00    0.00    0.00   98.49
Average:       7    0.80    0.00    0.60    0.30    0.00    0.10    0.00    0.00    0.00   98.19
Average:       8    1.01    0.00    0.50    0.10    0.00    0.10    0.00    0.00    0.00   98.29
Average:       9    1.30    0.00    0.60    0.20    0.00    0.20    0.00    0.00    0.00   97.70
Average:      10    0.81    0.00    0.30    0.00    0.00    0.00    0.00    0.00    0.00   98.89
Average:      11    1.00    0.10    0.20    0.10    0.00    0.00    0.00    0.00    0.00   98.59
Average:      12    1.51    0.00    0.60    0.10    0.00    0.00    0.00    0.00    0.00   97.79
Average:      13    1.31    0.00    1.52    0.00    0.00    0.00    0.00    0.00    0.00   97.17
Average:      14    0.71    0.00    0.41    0.00    0.00    0.00    0.00    0.00    0.00   98.89
Average:      15    0.71    0.00    0.30    0.00    0.00    0.00    0.00    0.00    0.00   98.99
Average:      16    1.31    0.00    0.40    0.10    0.00    0.00    0.00    0.00    0.00   98.19
Average:      17    0.60    0.00    0.40    0.20    0.00    0.10    0.00    0.00    0.00   98.69
Average:      18    0.81    0.00    0.00    0.00    0.00    0.10    0.00    0.00    0.00   99.09
Average:      19    0.60    0.00    0.40    0.00    0.00    0.00    0.00    0.00    0.00   98.99
Average:      20    0.60    0.00    0.20    0.00    0.00    0.00    0.00    0.00    0.00   99.20
Average:      21    0.20    0.00    0.20    0.00    0.00    0.00    0.00    0.00    0.00   99.60
Average:      22    0.70    0.00    0.60    0.30    0.00    0.00    0.00    0.00    0.00   98.40
Average:      23    0.40    0.00    0.60    0.00    0.00    0.10    0.00    0.00    0.00   98.90
Average:      24   18.97    0.00   31.48    0.00    0.00   21.70    0.00    0.00    0.00   27.85
Average:      25   13.05    0.00   27.70    0.00    0.00   14.97    0.00    0.00    0.00   44.28
Average:      26    0.60    0.00    0.00    0.00    0.00    0.00    0.00    0.00    0.00   99.40
Average:      27    0.50    0.00    0.50    0.00    0.00    0.00    0.00    0.00    0.00   99.00
Average:      28    0.50    0.00    0.20    0.00    0.00    0.00    0.00    0.00    0.00   99.30
Average:      29    0.70    0.00    0.50    0.00    0.00    0.00    0.00    0.00    0.00   98.80
Average:      30    0.90    0.00    0.40    0.00    0.00    0.00    0.00    0.00    0.00   98.70
Average:      31    0.70    0.00    0.30    0.00    0.00    0.00    0.00    0.00    0.00   99.00
Average:      32    0.40    0.00    0.30    0.00    0.00    0.00    0.00    0.00    0.00   99.30
Average:      33    0.40    0.00    0.30    0.10    0.00    0.00    0.00    0.00    0.00   99.20
Average:      34    0.40    0.00    0.30    0.00    0.00    0.00    0.00    0.00    0.00   99.30
Average:      35    0.60    0.00    0.50    0.00    0.00    0.00    0.00    0.00    0.00   98.90
