Linux 5.15.0-186-generic (rapids4) 	07/28/2026 	_x86_64_	(36 CPU)

03:25:20 AM  CPU    %usr   %nice    %sys %iowait    %irq   %soft  %steal  %guest  %gnice   %idle
03:25:21 AM  all    1.04    0.00    1.20    0.03    0.00    0.62    0.00    0.00    0.00   97.12
03:25:21 AM    0    1.01    0.00    1.01    0.00    0.00    0.00    0.00    0.00    0.00   97.98
03:25:21 AM    1    1.00    0.00    0.00    0.00    0.00    0.00    0.00    0.00    0.00   99.00
03:25:21 AM    2    1.00    0.00    1.00    0.00    0.00    0.00    0.00    0.00    0.00   98.00
03:25:21 AM    3    1.02    0.00    0.00    0.00    0.00    0.00    0.00    0.00    0.00   98.98
03:25:21 AM    4    0.00    0.00    1.01    0.00    0.00    0.00    0.00    0.00    0.00   98.99
03:25:21 AM    5    0.99    0.00    0.99    0.00    0.00    0.00    0.00    0.00    0.00   98.02
03:25:21 AM    6    1.00    0.00    1.00    0.00    0.00    0.00    0.00    0.00    0.00   98.00
03:25:21 AM    7    0.00    0.00    0.00    0.00    0.00    0.00    0.00    0.00    0.00  100.00
03:25:21 AM    8    1.98    0.00    0.99    0.00    0.00    0.00    0.00    0.00    0.00   97.03
03:25:21 AM    9    0.00    0.00    1.02    0.00    0.00    0.00    0.00    0.00    0.00   98.98
03:25:21 AM   10    1.00    0.00    1.00    0.00    0.00    0.00    0.00    0.00    0.00   98.00
03:25:21 AM   11    1.96    0.00    1.96    0.00    0.00    0.00    0.00    0.00    0.00   96.08
03:25:21 AM   12    0.00    0.00    1.00    0.00    0.00    0.00    0.00    0.00    0.00   99.00
03:25:21 AM   13    2.02    0.00    0.00    0.00    0.00    0.00    0.00    0.00    0.00   97.98
03:25:21 AM   14    1.01    0.00    0.00    0.00    0.00    0.00    0.00    0.00    0.00   98.99
03:25:21 AM   15    1.01    0.00    0.00    0.00    0.00    0.00    0.00    0.00    0.00   98.99
03:25:21 AM   16    4.00    0.00    1.00    0.00    0.00    0.00    0.00    0.00    0.00   95.00
03:25:21 AM   17    1.00    0.00    1.00    0.00    0.00    0.00    0.00    0.00    0.00   98.00
03:25:21 AM   18    0.00    0.00    0.00    0.00    0.00    0.00    0.00    0.00    0.00  100.00
03:25:21 AM   19    0.00    0.00    0.00    0.00    0.00    0.00    0.00    0.00    0.00  100.00
03:25:21 AM   20    0.00    0.00    0.00    0.00    0.00    0.00    0.00    0.00    0.00  100.00
03:25:21 AM   21    0.00    0.00    0.99    0.00    0.00    0.00    0.00    0.00    0.00   99.01
03:25:21 AM   22    0.00    0.00    0.00    0.00    0.00    0.00    0.00    0.00    0.00  100.00
03:25:21 AM   23    0.00    0.00    0.00    0.00    0.00    0.00    0.00    0.00    0.00  100.00
03:25:21 AM   24    9.18    0.00   11.22    0.00    0.00   14.29    0.00    0.00    0.00   65.31
03:25:21 AM   25    5.49    0.00   14.29    0.00    0.00    8.79    0.00    0.00    0.00   71.43
03:25:21 AM   26    0.00    0.00    0.00    0.00    0.00    0.00    0.00    0.00    0.00  100.00
03:25:21 AM   27    0.00    0.00    0.00    0.00    0.00    0.00    0.00    0.00    0.00  100.00
03:25:21 AM   28    0.00    0.00    0.00    0.00    0.00    0.00    0.00    0.00    0.00  100.00
03:25:21 AM   29    0.00    0.00    1.01    0.00    0.00    0.00    0.00    0.00    0.00   98.99
03:25:21 AM   30    0.00    0.00    1.98    0.00    0.00    0.00    0.00    0.00    0.00   98.02
03:25:21 AM   31    0.00    0.00    0.00    0.00    0.00    0.00    0.00    0.00    0.00  100.00
03:25:21 AM   32    1.00    0.00    1.00    0.00    0.00    0.00    0.00    0.00    0.00   98.00
03:25:21 AM   33    1.01    0.00    0.00    1.01    0.00    0.00    0.00    0.00    0.00   97.98
03:25:21 AM   34    0.00    0.00    1.00    0.00    0.00    0.00    0.00    0.00    0.00   99.00
03:25:21 AM   35    1.00    0.00    0.00    0.00    0.00    0.00    0.00    0.00    0.00   99.00

03:25:21 AM  CPU    %usr   %nice    %sys %iowait    %irq   %soft  %steal  %guest  %gnice   %idle
03:25:22 AM  all    1.40    0.03    1.43    0.06    0.00    0.51    0.00    0.00    0.00   96.58
03:25:22 AM    0    2.04    0.00    1.02    0.00    0.00    0.00    0.00    0.00    0.00   96.94
03:25:22 AM    1    0.00    0.00    0.00    0.00    0.00    0.00    0.00    0.00    0.00  100.00
03:25:22 AM    2    0.00    0.00    0.00    0.00    0.00    0.00    0.00    0.00    0.00  100.00
03:25:22 AM    3    1.00    1.00    0.00    0.00    0.00    0.00    0.00    0.00    0.00   98.00
03:25:22 AM    4    0.00    0.00    0.00    2.02    0.00    0.00    0.00    0.00    0.00   97.98
03:25:22 AM    5    1.98    0.00    0.99    0.00    0.00    0.00    0.00    0.00    0.00   97.03
03:25:22 AM    6    0.00    0.00    1.02    0.00    0.00    0.00    0.00    0.00    0.00   98.98
03:25:22 AM    7    2.02    0.00    0.00    0.00    0.00    0.00    0.00    0.00    0.00   97.98
03:25:22 AM    8    0.00    0.00    1.01    0.00    0.00    0.00    0.00    0.00    0.00   98.99
03:25:22 AM    9    1.01    0.00    0.00    0.00    0.00    0.00    0.00    0.00    0.00   98.99
03:25:22 AM   10    0.00    0.00    0.00    0.00    0.00    0.00    0.00    0.00    0.00  100.00
03:25:22 AM   11    0.00    0.00    1.01    0.00    0.00    0.00    0.00    0.00    0.00   98.99
03:25:22 AM   12    2.02    0.00    0.00    0.00    0.00    0.00    0.00    0.00    0.00   97.98
03:25:22 AM   13    2.00    0.00    8.00    0.00    0.00    0.00    0.00    0.00    0.00   90.00
03:25:22 AM   14    0.00    0.00    0.00    0.00    0.00    0.00    0.00    0.00    0.00  100.00
03:25:22 AM   15    1.02    0.00    0.00    0.00    0.00    0.00    0.00    0.00    0.00   98.98
03:25:22 AM   16    2.97    0.00    0.99    0.00    0.00    0.00    0.00    0.00    0.00   96.04
03:25:22 AM   17    1.01    0.00    0.00    0.00    0.00    0.00    0.00    0.00    0.00   98.99
03:25:22 AM   18    1.00    0.00    0.00    0.00    0.00    0.00    0.00    0.00    0.00   99.00
03:25:22 AM   19    0.00    0.00    1.01    0.00    0.00    0.00    0.00    0.00    0.00   98.99
03:25:22 AM   20    1.94    0.00    0.97    0.00    0.00    0.00    0.00    0.00    0.00   97.09
03:25:22 AM   21    0.00    0.00    0.00    0.00    0.00    0.00    0.00    0.00    0.00  100.00
03:25:22 AM   22    1.01    0.00    0.00    0.00    0.00    0.00    0.00    0.00    0.00   98.99
03:25:22 AM   23    0.00    0.00    0.00    0.00    0.00    0.00    0.00    0.00    0.00  100.00
03:25:22 AM   24   13.00    0.00   18.00    0.00    0.00   10.00    0.00    0.00    0.00   59.00
03:25:22 AM   25   11.11    0.00   14.44    0.00    0.00    8.89    0.00    0.00    0.00   65.56
03:25:22 AM   26    1.00    0.00    0.00    0.00    0.00    0.00    0.00    0.00    0.00   99.00
03:25:22 AM   27    1.00    0.00    0.00    0.00    0.00    0.00    0.00    0.00    0.00   99.00
03:25:22 AM   28    0.00    0.00    0.00    0.00    0.00    0.00    0.00    0.00    0.00  100.00
03:25:22 AM   29    0.00    0.00    0.00    0.00    0.00    0.00    0.00    0.00    0.00  100.00
03:25:22 AM   30    1.00    0.00    0.00    0.00    0.00    0.00    0.00    0.00    0.00   99.00
03:25:22 AM   31    0.99    0.00    0.99    0.00    0.00    0.00    0.00    0.00    0.00   98.02
03:25:22 AM   32    1.00    0.00    1.00    0.00    0.00    0.00    0.00    0.00    0.00   98.00
03:25:22 AM   33    0.99    0.00    0.99    0.00    0.00    0.00    0.00    0.00    0.00   98.02
03:25:22 AM   34    0.00    0.00    0.00    0.00    0.00    0.00    0.00    0.00    0.00  100.00
03:25:22 AM   35    0.00    0.00    1.01    0.00    0.00    0.00    0.00    0.00    0.00   98.99

03:25:22 AM  CPU    %usr   %nice    %sys %iowait    %irq   %soft  %steal  %guest  %gnice   %idle
03:25:23 AM  all    1.77    0.03    1.40    0.03    0.00    0.67    0.00    0.00    0.00   96.10
03:25:23 AM    0    1.03    0.00    0.00    0.00    0.00    0.00    0.00    0.00    0.00   98.97
03:25:23 AM    1    1.02    0.00    0.00    0.00    0.00    0.00    0.00    0.00    0.00   98.98
03:25:23 AM    2    1.02    0.00    0.00    0.00    0.00    0.00    0.00    0.00    0.00   98.98
03:25:23 AM    3    2.02    0.00    0.00    0.00    0.00    0.00    0.00    0.00    0.00   97.98
03:25:23 AM    4    1.01    0.00    1.01    0.00    0.00    0.00    0.00    0.00    0.00   97.98
03:25:23 AM    5    2.00    0.00    1.00    0.00    0.00    1.00    0.00    0.00    0.00   96.00
03:25:23 AM    6    2.02    0.00    0.00    1.01    0.00    0.00    0.00    0.00    0.00   96.97
03:25:23 AM    7    2.02    0.00    1.01    0.00    0.00    0.00    0.00    0.00    0.00   96.97
03:25:23 AM    8    2.02    0.00    0.00    0.00    0.00    0.00    0.00    0.00    0.00   97.98
03:25:23 AM    9    1.01    0.00    1.01    0.00    0.00    0.00    0.00    0.00    0.00   97.98
03:25:23 AM   10    1.02    0.00    1.02    0.00    0.00    0.00    0.00    0.00    0.00   97.96
03:25:23 AM   11    1.01    0.00    1.01    0.00    0.00    0.00    0.00    0.00    0.00   97.98
03:25:23 AM   12    2.00    0.00    2.00    0.00    0.00    0.00    0.00    0.00    0.00   96.00
03:25:23 AM   13    5.00    1.00    6.00    0.00    0.00    0.00    0.00    0.00    0.00   88.00
03:25:23 AM   14    3.96    0.00    0.99    0.00    0.00    0.00    0.00    0.00    0.00   95.05
03:25:23 AM   15    1.98    0.00    0.99    0.00    0.00    0.00    0.00    0.00    0.00   97.03
03:25:23 AM   16    1.02    0.00    0.00    0.00    0.00    0.00    0.00    0.00    0.00   98.98
03:25:23 AM   17    1.02    0.00    0.00    0.00    0.00    0.00    0.00    0.00    0.00   98.98
03:25:23 AM   18    0.00    0.00    0.00    0.00    0.00    0.00    0.00    0.00    0.00  100.00
03:25:23 AM   19    0.99    0.00    0.99    0.00    0.00    0.00    0.00    0.00    0.00   98.02
03:25:23 AM   20    0.00    0.00    0.00    0.00    0.00    0.00    0.00    0.00    0.00  100.00
03:25:23 AM   21    1.00    0.00    0.00    0.00    0.00    0.00    0.00    0.00    0.00   99.00
03:25:23 AM   22    0.99    0.00    0.99    0.00    0.00    0.00    0.00    0.00    0.00   98.02
03:25:23 AM   23    1.01    0.00    0.00    0.00    0.00    0.00    0.00    0.00    0.00   98.99
03:25:23 AM   24   10.10    0.00   15.15    0.00    0.00   16.16    0.00    0.00    0.00   58.59
03:25:23 AM   25   12.22    0.00   15.56    0.00    0.00    7.78    0.00    0.00    0.00   64.44
03:25:23 AM   26    0.00    0.00    0.00    0.00    0.00    0.00    0.00    0.00    0.00  100.00
03:25:23 AM   27    1.01    0.00    0.00    0.00    0.00    0.00    0.00    0.00    0.00   98.99
03:25:23 AM   28    1.96    0.00    0.98    0.00    0.00    0.00    0.00    0.00    0.00   97.06
03:25:23 AM   29    0.00    0.00    0.00    0.00    0.00    0.00    0.00    0.00    0.00  100.00
03:25:23 AM   30    0.00    0.00    0.00    0.00    0.00    0.00    0.00    0.00    0.00  100.00
03:25:23 AM   31    0.00    0.00    0.00    0.00    0.00    0.00    0.00    0.00    0.00  100.00
03:25:23 AM   32    1.00    0.00    1.00    0.00    0.00    0.00    0.00    0.00    0.00   98.00
03:25:23 AM   33    0.00    0.00    0.00    0.00    0.00    0.00    0.00    0.00    0.00  100.00
03:25:23 AM   34    0.99    0.00    0.99    0.00    0.00    0.00    0.00    0.00    0.00   98.02
03:25:23 AM   35    1.00    0.00    0.00    0.00    0.00    0.00    0.00    0.00    0.00   99.00

03:25:23 AM  CPU    %usr   %nice    %sys %iowait    %irq   %soft  %steal  %guest  %gnice   %idle
03:25:24 AM  all    0.98    0.03    1.40    0.03    0.00    0.62    0.00    0.00    0.00   96.95
03:25:24 AM    0    1.02    0.00    0.00    0.00    0.00    1.02    0.00    0.00    0.00   97.96
03:25:24 AM    1    0.99    0.00    0.99    0.00    0.00    0.00    0.00    0.00    0.00   98.02
03:25:24 AM    2    1.00    0.00    1.00    0.00    0.00    0.00    0.00    0.00    0.00   98.00
03:25:24 AM    3    0.00    0.00    0.00    0.00    0.00    0.00    0.00    0.00    0.00  100.00
03:25:24 AM    4    1.01    0.00    0.00    0.00    0.00    0.00    0.00    0.00    0.00   98.99
03:25:24 AM    5    1.96    0.98    0.00    0.00    0.00    0.00    0.00    0.00    0.00   97.06
03:25:24 AM    6    0.00    0.00    0.00    0.00    0.00    0.00    0.00    0.00    0.00  100.00
03:25:24 AM    7    1.98    0.00    0.99    0.00    0.00    0.00    0.00    0.00    0.00   97.03
03:25:24 AM    8    0.00    0.00    0.00    0.00    0.00    0.00    0.00    0.00    0.00  100.00
03:25:24 AM    9    1.00    0.00    1.00    0.00    0.00    0.00    0.00    0.00    0.00   98.00
03:25:24 AM   10    0.99    0.00    0.99    0.99    0.00    0.00    0.00    0.00    0.00   97.03
03:25:24 AM   11    0.00    0.00    0.00    0.00    0.00    0.00    0.00    0.00    0.00  100.00
03:25:24 AM   12    1.00    0.00    1.00    0.00    0.00    0.00    0.00    0.00    0.00   98.00
03:25:24 AM   13    0.00    0.00    1.02    0.00    0.00    0.00    0.00    0.00    0.00   98.98
03:25:24 AM   14    1.02    0.00    0.00    0.00    0.00    0.00    0.00    0.00    0.00   98.98
03:25:24 AM   15    0.00    0.00    0.00    0.00    0.00    0.00    0.00    0.00    0.00  100.00
03:25:24 AM   16    1.98    0.00    0.99    0.00    0.00    0.00    0.00    0.00    0.00   97.03
03:25:24 AM   17    1.00    0.00    3.00    0.00    0.00    0.00    0.00    0.00    0.00   96.00
03:25:24 AM   18    0.00    0.00    1.00    0.00    0.00    0.00    0.00    0.00    0.00   99.00
03:25:24 AM   19    0.00    0.00    0.00    0.00    0.00    0.00    0.00    0.00    0.00  100.00
03:25:24 AM   20    0.00    0.00    0.00    0.00    0.00    0.00    0.00    0.00    0.00  100.00
03:25:24 AM   21    0.00    0.00    0.00    0.00    0.00    0.00    0.00    0.00    0.00  100.00
03:25:24 AM   22    0.00    0.00    0.00    0.00    0.00    0.00    0.00    0.00    0.00  100.00
03:25:24 AM   23    0.00    0.00    1.00    0.00    0.00    0.00    0.00    0.00    0.00   99.00
03:25:24 AM   24   11.00    0.00   17.00    0.00    0.00   13.00    0.00    0.00    0.00   59.00
03:25:24 AM   25    7.78    0.00   18.89    0.00    0.00    8.89    0.00    0.00    0.00   64.44
03:25:24 AM   26    0.00    0.00    0.00    0.00    0.00    0.00    0.00    0.00    0.00  100.00
03:25:24 AM   27    0.00    0.00    0.99    0.00    0.00    0.00    0.00    0.00    0.00   99.01
03:25:24 AM   28    0.00    0.00    0.00    0.00    0.00    0.00    0.00    0.00    0.00  100.00
03:25:24 AM   29    1.00    0.00    0.00    0.00    0.00    0.00    0.00    0.00    0.00   99.00
03:25:24 AM   30    1.00    0.00    0.00    0.00    0.00    0.00    0.00    0.00    0.00   99.00
03:25:24 AM   31    0.00    0.00    0.00    0.00    0.00    0.00    0.00    0.00    0.00  100.00
03:25:24 AM   32    0.00    0.00    1.00    0.00    0.00    0.00    0.00    0.00    0.00   99.00
03:25:24 AM   33    0.00    0.00    0.00    0.00    0.00    0.00    0.00    0.00    0.00  100.00
03:25:24 AM   34    0.00    0.00    0.00    0.00    0.00    0.00    0.00    0.00    0.00  100.00
03:25:24 AM   35    0.00    0.00    1.00    0.00    0.00    0.00    0.00    0.00    0.00   99.00

03:25:24 AM  CPU    %usr   %nice    %sys %iowait    %irq   %soft  %steal  %guest  %gnice   %idle
03:25:25 AM  all    1.49    0.03    1.32    0.08    0.00    0.67    0.00    0.00    0.00   96.41
03:25:25 AM    0    1.01    0.00    0.00    0.00    0.00    1.01    0.00    0.00    0.00   97.98
03:25:25 AM    1    1.98    0.99    0.00    0.99    0.00    0.99    0.00    0.00    0.00   95.05
03:25:25 AM    2    0.00    0.00    0.00    0.00    0.00    0.00    0.00    0.00    0.00  100.00
03:25:25 AM    3    2.04    0.00    0.00    0.00    0.00    0.00    0.00    0.00    0.00   97.96
03:25:25 AM    4    2.00    0.00    0.00    0.00    0.00    0.00    0.00    0.00    0.00   98.00
03:25:25 AM    5    1.00    0.00    0.00    0.00    0.00    0.00    0.00    0.00    0.00   99.00
03:25:25 AM    6    1.00    0.00    2.00    0.00    0.00    0.00    0.00    0.00    0.00   97.00
03:25:25 AM    7    2.00    0.00    0.00    0.00    0.00    0.00    0.00    0.00    0.00   98.00
03:25:25 AM    8    2.02    0.00    0.00    0.00    0.00    0.00    0.00    0.00    0.00   97.98
03:25:25 AM    9    1.01    0.00    0.00    1.01    0.00    0.00    0.00    0.00    0.00   97.98
03:25:25 AM   10    2.02    0.00    8.08    0.00    0.00    0.00    0.00    0.00    0.00   89.90
03:25:25 AM   11    2.00    0.00    0.00    0.00    0.00    1.00    0.00    0.00    0.00   97.00
03:25:25 AM   12    1.01    0.00    0.00    0.00    0.00    0.00    0.00    0.00    0.00   98.99
03:25:25 AM   13    1.01    0.00    0.00    0.00    0.00    0.00    0.00    0.00    0.00   98.99
03:25:25 AM   14    1.98    0.00    0.99    0.00    0.00    0.00    0.00    0.00    0.00   97.03
03:25:25 AM   15    1.01    0.00    0.00    0.00    0.00    0.00    0.00    0.00    0.00   98.99
03:25:25 AM   16    1.01    0.00    0.00    0.00    0.00    0.00    0.00    0.00    0.00   98.99
03:25:25 AM   17    1.02    0.00    0.00    0.00    0.00    0.00    0.00    0.00    0.00   98.98
03:25:25 AM   18    1.01    0.00    0.00    1.01    0.00    0.00    0.00    0.00    0.00   97.98
03:25:25 AM   19    0.00    0.00    1.01    0.00    0.00    0.00    0.00    0.00    0.00   98.99
03:25:25 AM   20    1.00    0.00    0.00    0.00    0.00    0.00    0.00    0.00    0.00   99.00
03:25:25 AM   21    1.00    0.00    0.00    0.00    0.00    0.00    0.00    0.00    0.00   99.00
03:25:25 AM   22    0.00    0.00    1.01    0.00    0.00    0.00    0.00    0.00    0.00   98.99
03:25:25 AM   23    1.01    0.00    0.00    0.00    0.00    0.00    0.00    0.00    0.00   98.99
03:25:25 AM   24   10.20    0.00   14.29    0.00    0.00   16.33    0.00    0.00    0.00   59.18
03:25:25 AM   25   10.11    0.00   19.10    0.00    0.00    5.62    0.00    0.00    0.00   65.17
03:25:25 AM   26    0.99    0.00    0.99    0.00    0.00    0.00    0.00    0.00    0.00   98.02
03:25:25 AM   27    1.00    0.00    0.00    0.00    0.00    0.00    0.00    0.00    0.00   99.00
03:25:25 AM   28    0.00    0.00    0.00    0.00    0.00    0.00    0.00    0.00    0.00  100.00
03:25:25 AM   29    0.00    0.00    0.00    0.00    0.00    0.00    0.00    0.00    0.00  100.00
03:25:25 AM   30    0.00    0.00    0.00    0.00    0.00    0.00    0.00    0.00    0.00  100.00
03:25:25 AM   31    0.00    0.00    1.00    0.00    0.00    0.00    0.00    0.00    0.00   99.00
03:25:25 AM   32    1.98    0.00    0.99    0.00    0.00    0.00    0.00    0.00    0.00   97.03
03:25:25 AM   33    0.00    0.00    0.00    0.00    0.00    0.00    0.00    0.00    0.00  100.00
03:25:25 AM   34    1.00    0.00    0.00    0.00    0.00    0.00    0.00    0.00    0.00   99.00
03:25:25 AM   35    0.00    0.00    0.00    0.00    0.00    0.00    0.00    0.00    0.00  100.00

03:25:25 AM  CPU    %usr   %nice    %sys %iowait    %irq   %soft  %steal  %guest  %gnice   %idle
03:25:26 AM  all    1.23    0.03    1.17    0.00    0.00    0.67    0.00    0.00    0.00   96.90
03:25:26 AM    0    1.03    0.00    0.00    0.00    0.00    0.00    0.00    0.00    0.00   98.97
03:25:26 AM    1    0.99    0.00    0.99    0.00    0.00    0.00    0.00    0.00    0.00   98.02
03:25:26 AM    2    1.00    0.00    1.00    0.00    0.00    0.00    0.00    0.00    0.00   98.00
03:25:26 AM    3    3.92    0.00    0.00    0.00    0.00    0.00    0.00    0.00    0.00   96.08
03:25:26 AM    4    0.00    0.00    0.00    0.00    0.00    0.00    0.00    0.00    0.00  100.00
03:25:26 AM    5    0.00    1.01    0.00    0.00    0.00    1.01    0.00    0.00    0.00   97.98
03:25:26 AM    6    0.00    0.00    0.00    0.00    0.00    0.00    0.00    0.00    0.00  100.00
03:25:26 AM    7    1.01    0.00    0.00    0.00    0.00    0.00    0.00    0.00    0.00   98.99
03:25:26 AM    8    1.96    0.00    0.98    0.00    0.00    0.00    0.00    0.00    0.00   97.06
03:25:26 AM    9    0.00    0.00    0.00    0.00    0.00    0.00    0.00    0.00    0.00  100.00
03:25:26 AM   10    1.01    0.00    0.00    0.00    0.00    0.00    0.00    0.00    0.00   98.99
03:25:26 AM   11    1.00    0.00    0.00    0.00    0.00    0.00    0.00    0.00    0.00   99.00
03:25:26 AM   12    0.00    0.00    0.00    0.00    0.00    0.00    0.00    0.00    0.00  100.00
03:25:26 AM   13    0.00    0.00    0.00    0.00    0.00    0.00    0.00    0.00    0.00  100.00
03:25:26 AM   14    1.01    0.00    0.00    0.00    0.00    0.00    0.00    0.00    0.00   98.99
03:25:26 AM   15    0.00    0.00    1.01    0.00    0.00    0.00    0.00    0.00    0.00   98.99
03:25:26 AM   16    1.00    0.00    0.00    0.00    0.00    0.00    0.00    0.00    0.00   99.00
03:25:26 AM   17    1.01    0.00    0.00    0.00    0.00    0.00    0.00    0.00    0.00   98.99
03:25:26 AM   18    0.00    0.00    0.00    0.00    0.00    0.00    0.00    0.00    0.00  100.00
03:25:26 AM   19    0.99    0.00    0.99    0.00    0.00    0.00    0.00    0.00    0.00   98.02
03:25:26 AM   20    1.00    0.00    0.00    0.00    0.00    0.00    0.00    0.00    0.00   99.00
03:25:26 AM   21    2.02    0.00    4.04    0.00    0.00    0.00    0.00    0.00    0.00   93.94
03:25:26 AM   22    1.01    0.00    0.00    0.00    0.00    0.00    0.00    0.00    0.00   98.99
03:25:26 AM   23    0.00    0.00    1.00    0.00    0.00    0.00    0.00    0.00    0.00   99.00
03:25:26 AM   24   12.75    0.00   14.71    0.00    0.00   14.71    0.00    0.00    0.00   57.84
03:25:26 AM   25    7.78    0.00   17.78    0.00    0.00    8.89    0.00    0.00    0.00   65.56
03:25:26 AM   26    0.00    0.00    0.00    0.00    0.00    0.00    0.00    0.00    0.00  100.00
03:25:26 AM   27    0.00    0.00    0.00    0.00    0.00    0.00    0.00    0.00    0.00  100.00
03:25:26 AM   28    1.00    0.00    0.00    0.00    0.00    0.00    0.00    0.00    0.00   99.00
03:25:26 AM   29    1.00    0.00    0.00    0.00    0.00    0.00    0.00    0.00    0.00   99.00
03:25:26 AM   30    0.99    0.00    0.99    0.00    0.00    0.00    0.00    0.00    0.00   98.02
03:25:26 AM   31    0.00    0.00    0.00    0.00    0.00    0.00    0.00    0.00    0.00  100.00
03:25:26 AM   32    1.01    0.00    0.00    0.00    0.00    0.00    0.00    0.00    0.00   98.99
03:25:26 AM   33    0.00    0.00    0.00    0.00    0.00    0.00    0.00    0.00    0.00  100.00
03:25:26 AM   34    0.00    0.00    0.00    0.00    0.00    0.00    0.00    0.00    0.00  100.00
03:25:26 AM   35    0.00    0.00    0.00    0.00    0.00    0.00    0.00    0.00    0.00  100.00

03:25:26 AM  CPU    %usr   %nice    %sys %iowait    %irq   %soft  %steal  %guest  %gnice   %idle
03:25:27 AM  all    1.17    0.00    1.51    0.08    0.00    0.56    0.00    0.00    0.00   96.68
03:25:27 AM    0    1.01    0.00    1.01    0.00    0.00    0.00    0.00    0.00    0.00   97.98
03:25:27 AM    1    1.00    0.00    1.00    1.00    0.00    0.00    0.00    0.00    0.00   97.00
03:25:27 AM    2    1.00    0.00    1.00    0.00    0.00    0.00    0.00    0.00    0.00   98.00
03:25:27 AM    3    0.00    0.00    0.00    0.00    0.00    0.00    0.00    0.00    0.00  100.00
03:25:27 AM    4    2.97    0.00    0.00    0.00    0.00    0.00    0.00    0.00    0.00   97.03
03:25:27 AM    5    0.00    0.00    1.00    0.00    0.00    0.00    0.00    0.00    0.00   99.00
03:25:27 AM    6    1.00    0.00    0.00    0.00    0.00    0.00    0.00    0.00    0.00   99.00
03:25:27 AM    7    1.01    0.00    0.00    0.00    0.00    0.00    0.00    0.00    0.00   98.99
03:25:27 AM    8    1.01    0.00    0.00    0.00    0.00    0.00    0.00    0.00    0.00   98.99
03:25:27 AM    9    1.00    0.00    1.00    0.00    0.00    0.00    0.00    0.00    0.00   98.00
03:25:27 AM   10    2.02    0.00    7.07    0.00    0.00    0.00    0.00    0.00    0.00   90.91
03:25:27 AM   11    1.01    0.00    1.01    0.00    0.00    0.00    0.00    0.00    0.00   97.98
03:25:27 AM   12    0.00    0.00    0.00    0.00    0.00    0.00    0.00    0.00    0.00  100.00
03:25:27 AM   13    1.00    0.00    0.00    0.00    0.00    0.00    0.00    0.00    0.00   99.00
03:25:27 AM   14    1.01    0.00    0.00    0.00    0.00    0.00    0.00    0.00    0.00   98.99
03:25:27 AM   15    0.99    0.00    0.99    0.00    0.00    0.00    0.00    0.00    0.00   98.02
03:25:27 AM   16    0.00    0.00    1.00    0.00    0.00    0.00    0.00    0.00    0.00   99.00
03:25:27 AM   17    0.00    0.00    1.00    0.00    0.00    0.00    0.00    0.00    0.00   99.00
03:25:27 AM   18    0.00    0.00    0.00    0.00    0.00    0.00    0.00    0.00    0.00  100.00
03:25:27 AM   19    0.99    0.00    0.99    0.00    0.00    0.00    0.00    0.00    0.00   98.02
03:25:27 AM   20    0.00    0.00    1.00    0.00    0.00    0.00    0.00    0.00    0.00   99.00
03:25:27 AM   21    1.00    0.00    0.00    0.00    0.00    0.00    0.00    0.00    0.00   99.00
03:25:27 AM   22    0.00    0.00    1.00    0.00    0.00    0.00    0.00    0.00    0.00   99.00
03:25:27 AM   23    0.00    0.00    0.00    0.00    0.00    0.00    0.00    0.00    0.00  100.00
03:25:27 AM   24   10.10    0.00   17.17    0.00    0.00   13.13    0.00    0.00    0.00   59.60
03:25:27 AM   25    9.89    0.00   18.68    0.00    0.00    7.69    0.00    0.00    0.00   63.74
03:25:27 AM   26    0.99    0.00    0.00    0.99    0.00    0.00    0.00    0.00    0.00   98.02
03:25:27 AM   27    1.00    0.00    0.00    0.00    0.00    0.00    0.00    0.00    0.00   99.00
03:25:27 AM   28    0.00    0.00    0.00    0.00    0.00    0.00    0.00    0.00    0.00  100.00
03:25:27 AM   29    0.00    0.00    0.00    0.00    0.00    0.00    0.00    0.00    0.00  100.00
03:25:27 AM   30    0.00    0.00    0.00    0.00    0.00    0.00    0.00    0.00    0.00  100.00
03:25:27 AM   31    1.98    0.00    0.00    0.00    0.00    0.00    0.00    0.00    0.00   98.02
03:25:27 AM   32    0.00    0.00    0.00    1.01    0.00    0.00    0.00    0.00    0.00   98.99
03:25:27 AM   33    0.99    0.00    0.99    0.00    0.00    0.00    0.00    0.00    0.00   98.02
03:25:27 AM   34    0.00    0.00    0.00    0.00    0.00    0.00    0.00    0.00    0.00  100.00
03:25:27 AM   35    0.00    0.00    0.00    0.00    0.00    0.00    0.00    0.00    0.00  100.00

03:25:27 AM  CPU    %usr   %nice    %sys %iowait    %irq   %soft  %steal  %guest  %gnice   %idle
03:25:28 AM  all    0.90    0.00    1.24    0.03    0.00    0.56    0.00    0.00    0.00   97.27
03:25:28 AM    0    0.00    0.00    0.00    0.00    0.00    0.00    0.00    0.00    0.00  100.00
03:25:28 AM    1    0.00    0.00    0.00    0.00    0.00    0.00    0.00    0.00    0.00  100.00
03:25:28 AM    2    0.00    0.00    0.00    0.00    0.00    0.00    0.00    0.00    0.00  100.00
03:25:28 AM    3    2.97    0.00    0.00    0.00    0.00    0.00    0.00    0.00    0.00   97.03
03:25:28 AM    4    0.00    0.00    0.00    0.00    0.00    0.00    0.00    0.00    0.00  100.00
03:25:28 AM    5    0.00    0.00    0.00    0.00    0.00    0.00    0.00    0.00    0.00  100.00
03:25:28 AM    6    0.00    0.00    0.00    0.00    0.00    0.00    0.00    0.00    0.00  100.00
03:25:28 AM    7    0.00    0.00    0.00    0.00    0.00    0.00    0.00    0.00    0.00  100.00
03:25:28 AM    8    1.01    0.00    0.00    1.01    0.00    0.00    0.00    0.00    0.00   97.98
03:25:28 AM    9    0.00    0.00    0.00    0.00    0.00    0.00    0.00    0.00    0.00  100.00
03:25:28 AM   10    0.00    0.00    1.01    0.00    0.00    0.00    0.00    0.00    0.00   98.99
03:25:28 AM   11    0.00    0.00    0.00    0.00    0.00    0.00    0.00    0.00    0.00  100.00
03:25:28 AM   12    0.00    0.00    0.00    0.00    0.00    0.00    0.00    0.00    0.00  100.00
03:25:28 AM   13    2.02    0.00    7.07    0.00    0.00    0.00    0.00    0.00    0.00   90.91
03:25:28 AM   14    0.00    0.00    1.00    0.00    0.00    0.00    0.00    0.00    0.00   99.00
03:25:28 AM   15    1.01    0.00    0.00    0.00    0.00    0.00    0.00    0.00    0.00   98.99
03:25:28 AM   16    0.00    0.00    0.00    0.00    0.00    0.00    0.00    0.00    0.00  100.00
03:25:28 AM   17    0.00    0.00    0.00    0.00    0.00    0.00    0.00    0.00    0.00  100.00
03:25:28 AM   18    0.00    0.00    0.00    0.00    0.00    0.00    0.00    0.00    0.00  100.00
03:25:28 AM   19    0.00    0.00    0.00    0.00    0.00    0.00    0.00    0.00    0.00  100.00
03:25:28 AM   20    0.00    0.00    0.00    0.00    0.00    0.00    0.00    0.00    0.00  100.00
03:25:28 AM   21    0.00    0.00    0.00    0.00    0.00    0.00    0.00    0.00    0.00  100.00
03:25:28 AM   22    0.00    0.00    0.00    0.00    0.00    0.00    0.00    0.00    0.00  100.00
03:25:28 AM   23    1.02    0.00    0.00    0.00    0.00    0.00    0.00    0.00    0.00   98.98
03:25:28 AM   24   10.10    0.00   18.18    0.00    0.00   12.12    0.00    0.00    0.00   59.60
03:25:28 AM   25   13.04    0.00   14.13    0.00    0.00    8.70    0.00    0.00    0.00   64.13
03:25:28 AM   26    0.00    0.00    1.01    0.00    0.00    0.00    0.00    0.00    0.00   98.99
03:25:28 AM   27    0.00    0.00    0.99    0.00    0.00    0.00    0.00    0.00    0.00   99.01
03:25:28 AM   28    0.00    0.00    1.00    0.00    0.00    0.00    0.00    0.00    0.00   99.00
03:25:28 AM   29    0.00    0.00    0.00    0.00    0.00    0.00    0.00    0.00    0.00  100.00
03:25:28 AM   30    0.00    0.00    0.00    0.00    0.00    0.00    0.00    0.00    0.00  100.00
03:25:28 AM   31    0.00    0.00    0.00    0.00    0.00    0.00    0.00    0.00    0.00  100.00
03:25:28 AM   32    1.00    0.00    0.00    0.00    0.00    0.00    0.00    0.00    0.00   99.00
03:25:28 AM   33    1.01    0.00    0.00    0.00    0.00    0.00    0.00    0.00    0.00   98.99
03:25:28 AM   34    0.00    0.00    1.00    0.00    0.00    0.00    0.00    0.00    0.00   99.00
03:25:28 AM   35    0.00    0.00    0.00    0.00    0.00    0.00    0.00    0.00    0.00  100.00

03:25:28 AM  CPU    %usr   %nice    %sys %iowait    %irq   %soft  %steal  %guest  %gnice   %idle
03:25:29 AM  all    1.06    0.00    1.04    0.06    0.00    0.64    0.00    0.00    0.00   97.20
03:25:29 AM    0    1.02    0.00    0.00    0.00    0.00    0.00    0.00    0.00    0.00   98.98
03:25:29 AM    1    0.00    0.00    0.00    1.02    0.00    0.00    0.00    0.00    0.00   98.98
03:25:29 AM    2    0.00    0.00    1.01    0.00    0.00    0.00    0.00    0.00    0.00   98.99
03:25:29 AM    3    0.00    0.00    1.02    0.00    0.00    0.00    0.00    0.00    0.00   98.98
03:25:29 AM    4    0.00    0.00    0.00    0.00    0.00    0.00    0.00    0.00    0.00  100.00
03:25:29 AM    5    0.00    0.00    0.00    0.00    0.00    0.00    0.00    0.00    0.00  100.00
03:25:29 AM    6    1.01    0.00    0.00    0.00    0.00    0.00    0.00    0.00    0.00   98.99
03:25:29 AM    7    0.00    0.00    0.00    0.00    0.00    0.00    0.00    0.00    0.00  100.00
03:25:29 AM    8    1.00    0.00    1.00    0.00    0.00    0.00    0.00    0.00    0.00   98.00
03:25:29 AM    9    0.00    0.00    0.00    0.00    0.00    0.00    0.00    0.00    0.00  100.00
03:25:29 AM   10    1.96    0.00    0.98    0.00    0.00    0.00    0.00    0.00    0.00   97.06
03:25:29 AM   11    0.00    0.00    0.00    0.00    0.00    0.00    0.00    0.00    0.00  100.00
03:25:29 AM   12    1.00    0.00    0.00    1.00    0.00    1.00    0.00    0.00    0.00   97.00
03:25:29 AM   13    0.00    0.00    0.00    0.00    0.00    0.00    0.00    0.00    0.00  100.00
03:25:29 AM   14    1.02    0.00    0.00    0.00    0.00    0.00    0.00    0.00    0.00   98.98
03:25:29 AM   15    0.00    0.00    1.00    0.00    0.00    0.00    0.00    0.00    0.00   99.00
03:25:29 AM   16    0.00    0.00    0.00    0.00    0.00    0.00    0.00    0.00    0.00  100.00
03:25:29 AM   17    1.00    0.00    0.00    0.00    0.00    0.00    0.00    0.00    0.00   99.00
03:25:29 AM   18    1.00    0.00    0.00    0.00    0.00    0.00    0.00    0.00    0.00   99.00
03:25:29 AM   19    1.00    0.00    0.00    0.00    0.00    0.00    0.00    0.00    0.00   99.00
03:25:29 AM   20    0.00    0.00    1.00    0.00    0.00    0.00    0.00    0.00    0.00   99.00
03:25:29 AM   21    1.00    0.00    0.00    0.00    0.00    0.00    0.00    0.00    0.00   99.00
03:25:29 AM   22    0.00    0.00    1.00    0.00    0.00    0.00    0.00    0.00    0.00   99.00
03:25:29 AM   23    0.00    0.00    0.00    0.00    0.00    0.00    0.00    0.00    0.00  100.00
03:25:29 AM   24   13.86    0.00   13.86    0.00    0.00   13.86    0.00    0.00    0.00   58.42
03:25:29 AM   25   11.11    0.00   15.56    0.00    0.00    8.89    0.00    0.00    0.00   64.44
03:25:29 AM   26    0.00    0.00    0.00    0.00    0.00    0.00    0.00    0.00    0.00  100.00
03:25:29 AM   27    0.00    0.00    0.00    0.00    0.00    0.00    0.00    0.00    0.00  100.00
03:25:29 AM   28    0.00    0.00    0.00    0.00    0.00    0.00    0.00    0.00    0.00  100.00
03:25:29 AM   29    0.00    0.00    0.00    0.00    0.00    0.00    0.00    0.00    0.00  100.00
03:25:29 AM   30    0.99    0.00    0.99    0.00    0.00    0.00    0.00    0.00    0.00   98.02
03:25:29 AM   31    0.00    0.00    0.00    0.00    0.00    0.00    0.00    0.00    0.00  100.00
03:25:29 AM   32    0.00    0.00    1.00    0.00    0.00    0.00    0.00    0.00    0.00   99.00
03:25:29 AM   33    0.00    0.00    0.00    0.00    0.00    0.00    0.00    0.00    0.00  100.00
03:25:29 AM   34    1.01    0.00    0.00    0.00    0.00    0.00    0.00    0.00    0.00   98.99
03:25:29 AM   35    1.00    0.00    0.00    0.00    0.00    0.00    0.00    0.00    0.00   99.00

03:25:29 AM  CPU    %usr   %nice    %sys %iowait    %irq   %soft  %steal  %guest  %gnice   %idle
03:25:30 AM  all    1.35    0.00    1.21    0.00    0.00    0.70    0.00    0.00    0.00   96.74
03:25:30 AM    0    0.00    0.00    1.03    0.00    0.00    0.00    0.00    0.00    0.00   98.97
03:25:30 AM    1    2.00    0.00    0.00    0.00    0.00    0.00    0.00    0.00    0.00   98.00
03:25:30 AM    2    0.00    0.00    1.02    0.00    0.00    0.00    0.00    0.00    0.00   98.98
03:25:30 AM    3    1.01    0.00    0.00    0.00    0.00    0.00    0.00    0.00    0.00   98.99
03:25:30 AM    4    0.99    0.00    0.99    0.00    0.00    0.00    0.00    0.00    0.00   98.02
03:25:30 AM    5    3.03    0.00    0.00    0.00    0.00    0.00    0.00    0.00    0.00   96.97
03:25:30 AM    6    0.00    0.00    0.00    0.00    0.00    0.00    0.00    0.00    0.00  100.00
03:25:30 AM    7    1.00    0.00    1.00    0.00    0.00    0.00    0.00    0.00    0.00   98.00
03:25:30 AM    8    1.01    0.00    0.00    0.00    0.00    0.00    0.00    0.00    0.00   98.99
03:25:30 AM    9    2.02    0.00    0.00    0.00    0.00    0.00    0.00    0.00    0.00   97.98
03:25:30 AM   10    1.02    0.00    0.00    0.00    0.00    0.00    0.00    0.00    0.00   98.98
03:25:30 AM   11    0.99    0.00    0.99    0.00    0.00    0.00    0.00    0.00    0.00   98.02
03:25:30 AM   12    1.01    0.00    0.00    0.00    0.00    0.00    0.00    0.00    0.00   98.99
03:25:30 AM   13    4.00    0.00    5.00    0.00    0.00    1.00    0.00    0.00    0.00   90.00
03:25:30 AM   14    0.00    0.00    1.00    0.00    0.00    0.00    0.00    0.00    0.00   99.00
03:25:30 AM   15    1.01    0.00    0.00    0.00    0.00    0.00    0.00    0.00    0.00   98.99
03:25:30 AM   16    0.00    0.00    0.00    0.00    0.00    0.00    0.00    0.00    0.00  100.00
03:25:30 AM   17    0.00    0.00    1.02    0.00    0.00    0.00    0.00    0.00    0.00   98.98
03:25:30 AM   18    1.00    0.00    1.00    0.00    0.00    0.00    0.00    0.00    0.00   98.00
03:25:30 AM   19    0.00    0.00    1.01    0.00    0.00    0.00    0.00    0.00    0.00   98.99
03:25:30 AM   20    1.01    0.00    0.00    0.00    0.00    0.00    0.00    0.00    0.00   98.99
03:25:30 AM   21    1.00    0.00    0.00    0.00    0.00    0.00    0.00    0.00    0.00   99.00
03:25:30 AM   22    0.00    0.00    0.00    0.00    0.00    0.00    0.00    0.00    0.00  100.00
03:25:30 AM   23    0.00    0.00    0.00    0.00    0.00    0.00    0.00    0.00    0.00  100.00
03:25:30 AM   24   13.13    0.00   16.16    0.00    0.00   12.12    0.00    0.00    0.00   58.59
03:25:30 AM   25   11.11    0.00   13.33    0.00    0.00   12.22    0.00    0.00    0.00   63.33
03:25:30 AM   26    0.00    0.00    0.00    0.00    0.00    0.00    0.00    0.00    0.00  100.00
03:25:30 AM   27    0.00    0.00    0.00    0.00    0.00    0.00    0.00    0.00    0.00  100.00
03:25:30 AM   28    0.00    0.00    0.00    0.00    0.00    0.00    0.00    0.00    0.00  100.00
03:25:30 AM   29    0.00    0.00    0.00    0.00    0.00    1.01    0.00    0.00    0.00   98.99
03:25:30 AM   30    0.00    0.00    0.00    0.00    0.00    0.00    0.00    0.00    0.00  100.00
03:25:30 AM   31    0.00    0.00    0.00    0.00    0.00    0.00    0.00    0.00    0.00  100.00
03:25:30 AM   32    0.00    0.00    0.00    0.00    0.00    0.00    0.00    0.00    0.00  100.00
03:25:30 AM   33    2.00    0.00    0.00    0.00    0.00    0.00    0.00    0.00    0.00   98.00
03:25:30 AM   34    1.00    0.00    0.00    0.00    0.00    0.00    0.00    0.00    0.00   99.00
03:25:30 AM   35    0.00    0.00    1.00    0.00    0.00    0.00    0.00    0.00    0.00   99.00

Average:     CPU    %usr   %nice    %sys %iowait    %irq   %soft  %steal  %guest  %gnice   %idle
Average:     all    1.24    0.01    1.29    0.04    0.00    0.62    0.00    0.00    0.00   96.79
Average:       0    0.92    0.00    0.41    0.00    0.00    0.20    0.00    0.00    0.00   98.47
Average:       1    0.90    0.10    0.30    0.30    0.00    0.10    0.00    0.00    0.00   98.29
Average:       2    0.50    0.00    0.61    0.00    0.00    0.00    0.00    0.00    0.00   98.89
Average:       3    1.41    0.10    0.10    0.00    0.00    0.00    0.00    0.00    0.00   98.39
Average:       4    0.80    0.00    0.30    0.20    0.00    0.00    0.00    0.00    0.00   98.69
Average:       5    1.10    0.20    0.40    0.00    0.00    0.20    0.00    0.00    0.00   98.10
Average:       6    0.61    0.00    0.40    0.10    0.00    0.00    0.00    0.00    0.00   98.89
Average:       7    1.11    0.00    0.30    0.00    0.00    0.00    0.00    0.00    0.00   98.59
Average:       8    1.21    0.00    0.40    0.10    0.00    0.00    0.00    0.00    0.00   98.29
Average:       9    0.71    0.00    0.40    0.10    0.00    0.00    0.00    0.00    0.00   98.79
Average:      10    1.11    0.00    2.01    0.10    0.00    0.00    0.00    0.00    0.00   96.78
Average:      11    0.80    0.00    0.60    0.00    0.00    0.10    0.00    0.00    0.00   98.49
Average:      12    0.80    0.00    0.40    0.10    0.00    0.10    0.00    0.00    0.00   98.59
Average:      13    1.71    0.10    2.72    0.00    0.00    0.10    0.00    0.00    0.00   95.36
Average:      14    1.11    0.00    0.40    0.00    0.00    0.00    0.00    0.00    0.00   98.49
Average:      15    0.81    0.00    0.40    0.00    0.00    0.00    0.00    0.00    0.00   98.79
Average:      16    1.21    0.00    0.40    0.00    0.00    0.00    0.00    0.00    0.00   98.39
Average:      17    0.71    0.00    0.61    0.00    0.00    0.00    0.00    0.00    0.00   98.69
Average:      18    0.40    0.00    0.20    0.10    0.00    0.00    0.00    0.00    0.00   99.30
Average:      19    0.40    0.00    0.60    0.00    0.00    0.00    0.00    0.00    0.00   99.00
Average:      20    0.50    0.00    0.30    0.00    0.00    0.00    0.00    0.00    0.00   99.20
Average:      21    0.70    0.00    0.50    0.00    0.00    0.00    0.00    0.00    0.00   98.80
Average:      22    0.30    0.00    0.40    0.00    0.00    0.00    0.00    0.00    0.00   99.29
Average:      23    0.30    0.00    0.20    0.00    0.00    0.00    0.00    0.00    0.00   99.50
Average:      24   11.36    0.00   15.58    0.00    0.00   13.57    0.00    0.00    0.00   59.50
Average:      25    9.97    0.00   16.17    0.00    0.00    8.64    0.00    0.00    0.00   65.23
Average:      26    0.30    0.00    0.20    0.10    0.00    0.00    0.00    0.00    0.00   99.40
Average:      27    0.40    0.00    0.20    0.00    0.00    0.00    0.00    0.00    0.00   99.40
Average:      28    0.30    0.00    0.20    0.00    0.00    0.00    0.00    0.00    0.00   99.50
Average:      29    0.20    0.00    0.10    0.00    0.00    0.10    0.00    0.00    0.00   99.60
Average:      30    0.40    0.00    0.40    0.00    0.00    0.00    0.00    0.00    0.00   99.20
Average:      31    0.30    0.00    0.20    0.00    0.00    0.00    0.00    0.00    0.00   99.50
Average:      32    0.70    0.00    0.60    0.10    0.00    0.00    0.00    0.00    0.00   98.60
Average:      33    0.60    0.00    0.20    0.10    0.00    0.00    0.00    0.00    0.00   99.10
Average:      34    0.40    0.00    0.30    0.00    0.00    0.00    0.00    0.00    0.00   99.30
Average:      35    0.30    0.00    0.30    0.00    0.00    0.00    0.00    0.00    0.00   99.40
