Linux 5.15.0-186-generic (rapids4) 	07/28/2026 	_x86_64_	(36 CPU)

03:04:10 AM  CPU    %usr   %nice    %sys %iowait    %irq   %soft  %steal  %guest  %gnice   %idle
03:04:11 AM  all    1.26    0.00    1.06    0.11    0.00    0.50    0.00    0.00    0.00   97.07
03:04:11 AM    0    1.02    0.00    0.00    0.00    0.00    0.00    0.00    0.00    0.00   98.98
03:04:11 AM    1    1.96    0.00    0.98    0.00    0.00    0.00    0.00    0.00    0.00   97.06
03:04:11 AM    2    1.01    0.00    0.00    0.00    0.00    0.00    0.00    0.00    0.00   98.99
03:04:11 AM    3    0.99    0.00    0.99    0.00    0.00    0.00    0.00    0.00    0.00   98.02
03:04:11 AM    4    2.02    0.00    0.00    0.00    0.00    0.00    0.00    0.00    0.00   97.98
03:04:11 AM    5    1.00    0.00    1.00    0.00    0.00    1.00    0.00    0.00    0.00   97.00
03:04:11 AM    6    0.00    0.00    0.00    0.00    0.00    0.00    0.00    0.00    0.00  100.00
03:04:11 AM    7    1.01    0.00    0.00    0.00    0.00    0.00    0.00    0.00    0.00   98.99
03:04:11 AM    8    1.01    0.00    0.00    0.00    0.00    0.00    0.00    0.00    0.00   98.99
03:04:11 AM    9    1.00    0.00    0.00    1.00    0.00    0.00    0.00    0.00    0.00   98.00
03:04:11 AM   10    2.04    0.00    3.06    0.00    0.00    0.00    0.00    0.00    0.00   94.90
03:04:11 AM   11    1.98    0.00    0.00    1.98    0.00    0.00    0.00    0.00    0.00   96.04
03:04:11 AM   12    4.00    0.00    0.00    0.00    0.00    0.00    0.00    0.00    0.00   96.00
03:04:11 AM   13    2.00    0.00    1.00    0.00    0.00    0.00    0.00    0.00    0.00   97.00
03:04:11 AM   14    2.00    0.00    0.00    0.00    0.00    0.00    0.00    0.00    0.00   98.00
03:04:11 AM   15    2.00    0.00    0.00    0.00    0.00    0.00    0.00    0.00    0.00   98.00
03:04:11 AM   16    0.00    0.00    0.00    0.00    0.00    0.00    0.00    0.00    0.00  100.00
03:04:11 AM   17    0.00    0.00    0.00    0.00    0.00    0.00    0.00    0.00    0.00  100.00
03:04:11 AM   18    0.00    0.00    1.00    0.00    0.00    0.00    0.00    0.00    0.00   99.00
03:04:11 AM   19    1.00    0.00    0.00    0.00    0.00    0.00    0.00    0.00    0.00   99.00
03:04:11 AM   20    0.99    0.00    0.99    0.99    0.00    0.00    0.00    0.00    0.00   97.03
03:04:11 AM   21    0.00    0.00    0.00    0.00    0.00    0.00    0.00    0.00    0.00  100.00
03:04:11 AM   22    6.12    0.00   14.29    0.00    0.00    9.18    0.00    0.00    0.00   70.41
03:04:11 AM   23    8.16    0.00   11.22    0.00    0.00    8.16    0.00    0.00    0.00   72.45
03:04:11 AM   24    1.96    0.00    0.98    0.00    0.00    0.00    0.00    0.00    0.00   97.06
03:04:11 AM   25    0.00    0.00    0.00    0.00    0.00    0.00    0.00    0.00    0.00  100.00
03:04:11 AM   26    0.99    0.00    0.99    0.00    0.00    0.00    0.00    0.00    0.00   98.02
03:04:11 AM   27    0.00    0.00    0.99    0.00    0.00    0.00    0.00    0.00    0.00   99.01
03:04:11 AM   28    0.00    0.00    0.00    0.00    0.00    0.00    0.00    0.00    0.00  100.00
03:04:11 AM   29    0.00    0.00    0.00    0.00    0.00    0.00    0.00    0.00    0.00  100.00
03:04:11 AM   30    1.01    0.00    0.00    0.00    0.00    0.00    0.00    0.00    0.00   98.99
03:04:11 AM   31    0.00    0.00    0.00    0.00    0.00    0.00    0.00    0.00    0.00  100.00
03:04:11 AM   32    0.00    0.00    0.00    0.00    0.00    0.00    0.00    0.00    0.00  100.00
03:04:11 AM   33    0.00    0.00    0.00    0.00    0.00    0.00    0.00    0.00    0.00  100.00
03:04:11 AM   34    0.00    0.00    0.00    0.00    0.00    0.00    0.00    0.00    0.00  100.00
03:04:11 AM   35    0.00    0.00    1.00    0.00    0.00    0.00    0.00    0.00    0.00   99.00

03:04:11 AM  CPU    %usr   %nice    %sys %iowait    %irq   %soft  %steal  %guest  %gnice   %idle
03:04:12 AM  all    0.87    0.00    1.32    0.03    0.00    0.50    0.00    0.00    0.00   97.28
03:04:12 AM    0    1.02    0.00    0.00    0.00    0.00    0.00    0.00    0.00    0.00   98.98
03:04:12 AM    1    1.01    0.00    0.00    0.00    0.00    0.00    0.00    0.00    0.00   98.99
03:04:12 AM    2    0.00    0.00    0.00    0.00    0.00    0.00    0.00    0.00    0.00  100.00
03:04:12 AM    3    2.02    0.00    0.00    0.00    0.00    0.00    0.00    0.00    0.00   97.98
03:04:12 AM    4    0.00    0.00    1.01    0.00    0.00    0.00    0.00    0.00    0.00   98.99
03:04:12 AM    5    1.00    0.00    0.00    0.00    0.00    0.00    0.00    0.00    0.00   99.00
03:04:12 AM    6    1.00    0.00    0.00    0.00    0.00    0.00    0.00    0.00    0.00   99.00
03:04:12 AM    7    1.01    0.00    0.00    0.00    0.00    0.00    0.00    0.00    0.00   98.99
03:04:12 AM    8    0.00    0.00    1.00    1.00    0.00    0.00    0.00    0.00    0.00   98.00
03:04:12 AM    9    1.02    0.00    0.00    0.00    0.00    0.00    0.00    0.00    0.00   98.98
03:04:12 AM   10    1.96    0.00    3.92    0.00    0.00    0.00    0.00    0.00    0.00   94.12
03:04:12 AM   11    0.00    0.00    1.00    0.00    0.00    0.00    0.00    0.00    0.00   99.00
03:04:12 AM   12    1.01    0.00    0.00    0.00    0.00    0.00    0.00    0.00    0.00   98.99
03:04:12 AM   13    2.00    0.00    1.00    0.00    0.00    0.00    0.00    0.00    0.00   97.00
03:04:12 AM   14    0.00    0.00    1.00    0.00    0.00    0.00    0.00    0.00    0.00   99.00
03:04:12 AM   15    0.00    0.00    0.00    0.00    0.00    0.00    0.00    0.00    0.00  100.00
03:04:12 AM   16    0.00    0.00    1.01    0.00    0.00    0.00    0.00    0.00    0.00   98.99
03:04:12 AM   17    0.00    0.00    1.01    0.00    0.00    0.00    0.00    0.00    0.00   98.99
03:04:12 AM   18    0.00    0.00    0.00    0.00    0.00    0.00    0.00    0.00    0.00  100.00
03:04:12 AM   19    0.00    0.00    0.00    0.00    0.00    0.00    0.00    0.00    0.00  100.00
03:04:12 AM   20    0.00    0.00    0.00    0.00    0.00    0.00    0.00    0.00    0.00  100.00
03:04:12 AM   21    0.00    0.00    0.00    0.00    0.00    0.00    0.00    0.00    0.00  100.00
03:04:12 AM   22    6.06    0.00   18.18    0.00    0.00   10.10    0.00    0.00    0.00   65.66
03:04:12 AM   23    7.61    0.00   15.22    0.00    0.00    8.70    0.00    0.00    0.00   68.48
03:04:12 AM   24    0.00    0.00    0.00    0.00    0.00    0.00    0.00    0.00    0.00  100.00
03:04:12 AM   25    0.00    0.00    0.00    0.00    0.00    0.00    0.00    0.00    0.00  100.00
03:04:12 AM   26    0.00    0.00    0.00    0.00    0.00    0.00    0.00    0.00    0.00  100.00
03:04:12 AM   27    0.00    0.00    0.00    0.00    0.00    0.00    0.00    0.00    0.00  100.00
03:04:12 AM   28    1.00    0.00    0.00    0.00    0.00    0.00    0.00    0.00    0.00   99.00
03:04:12 AM   29    0.00    0.00    0.00    0.00    0.00    0.00    0.00    0.00    0.00  100.00
03:04:12 AM   30    0.00    0.00    0.00    0.00    0.00    0.00    0.00    0.00    0.00  100.00
03:04:12 AM   31    0.00    0.00    1.00    0.00    0.00    0.00    0.00    0.00    0.00   99.00
03:04:12 AM   32    1.98    0.00    0.00    0.00    0.00    0.00    0.00    0.00    0.00   98.02
03:04:12 AM   33    0.00    0.00    0.00    0.00    0.00    0.00    0.00    0.00    0.00  100.00
03:04:12 AM   34    0.00    0.00    2.00    0.00    0.00    0.00    0.00    0.00    0.00   98.00
03:04:12 AM   35    1.96    0.00    0.98    0.00    0.00    0.00    0.00    0.00    0.00   97.06

03:04:12 AM  CPU    %usr   %nice    %sys %iowait    %irq   %soft  %steal  %guest  %gnice   %idle
03:04:13 AM  all    1.51    0.00    1.37    0.06    0.00    0.67    0.00    0.00    0.00   96.39
03:04:13 AM    0    1.03    0.00    0.00    0.00    0.00    0.00    0.00    0.00    0.00   98.97
03:04:13 AM    1    1.01    0.00    2.02    0.00    0.00    0.00    0.00    0.00    0.00   96.97
03:04:13 AM    2    4.00    0.00    0.00    0.00    0.00    0.00    0.00    0.00    0.00   96.00
03:04:13 AM    3    3.03    0.00    0.00    0.00    0.00    0.00    0.00    0.00    0.00   96.97
03:04:13 AM    4    3.03    0.00    0.00    0.00    0.00    0.00    0.00    0.00    0.00   96.97
03:04:13 AM    5    3.00    0.00    1.00    0.00    0.00    0.00    0.00    0.00    0.00   96.00
03:04:13 AM    6    4.85    0.00    1.94    0.00    0.00    0.00    0.00    0.00    0.00   93.20
03:04:13 AM    7    1.02    0.00    0.00    1.02    0.00    0.00    0.00    0.00    0.00   97.96
03:04:13 AM    8    1.00    0.00    0.00    0.00    0.00    1.00    0.00    0.00    0.00   98.00
03:04:13 AM    9    1.01    0.00    0.00    0.00    0.00    0.00    0.00    0.00    0.00   98.99
03:04:13 AM   10    4.04    0.00    6.06    1.01    0.00    0.00    0.00    0.00    0.00   88.89
03:04:13 AM   11    0.00    0.00    0.00    0.00    0.00    0.00    0.00    0.00    0.00  100.00
03:04:13 AM   12    1.01    0.00    0.00    0.00    0.00    0.00    0.00    0.00    0.00   98.99
03:04:13 AM   13    0.00    0.00    1.01    0.00    0.00    0.00    0.00    0.00    0.00   98.99
03:04:13 AM   14    1.00    0.00    0.00    0.00    0.00    1.00    0.00    0.00    0.00   98.00
03:04:13 AM   15    1.01    0.00    0.00    0.00    0.00    0.00    0.00    0.00    0.00   98.99
03:04:13 AM   16    2.00    0.00    1.00    0.00    0.00    0.00    0.00    0.00    0.00   97.00
03:04:13 AM   17    1.02    0.00    0.00    0.00    0.00    0.00    0.00    0.00    0.00   98.98
03:04:13 AM   18    0.99    0.00    0.99    0.00    0.00    0.00    0.00    0.00    0.00   98.02
03:04:13 AM   19    1.00    0.00    0.00    0.00    0.00    0.00    0.00    0.00    0.00   99.00
03:04:13 AM   20    0.00    0.00    0.00    0.00    0.00    0.00    0.00    0.00    0.00  100.00
03:04:13 AM   21    0.99    0.00    0.99    0.00    0.00    0.00    0.00    0.00    0.00   98.02
03:04:13 AM   22    8.08    0.00   16.16    0.00    0.00   11.11    0.00    0.00    0.00   64.65
03:04:13 AM   23    4.30    0.00   17.20    0.00    0.00   11.83    0.00    0.00    0.00   66.67
03:04:13 AM   24    0.00    0.00    0.00    0.00    0.00    0.00    0.00    0.00    0.00  100.00
03:04:13 AM   25    1.00    0.00    1.00    0.00    0.00    0.00    0.00    0.00    0.00   98.00
03:04:13 AM   26    0.00    0.00    1.00    0.00    0.00    0.00    0.00    0.00    0.00   99.00
03:04:13 AM   27    0.00    0.00    0.00    0.00    0.00    0.00    0.00    0.00    0.00  100.00
03:04:13 AM   28    0.00    0.00    0.00    0.00    0.00    0.00    0.00    0.00    0.00  100.00
03:04:13 AM   29    1.00    0.00    0.00    0.00    0.00    0.00    0.00    0.00    0.00   99.00
03:04:13 AM   30    1.01    0.00    0.00    0.00    0.00    0.00    0.00    0.00    0.00   98.99
03:04:13 AM   31    1.00    0.00    0.00    0.00    0.00    0.00    0.00    0.00    0.00   99.00
03:04:13 AM   32    1.00    0.00    0.00    0.00    0.00    0.00    0.00    0.00    0.00   99.00
03:04:13 AM   33    0.00    0.00    0.00    0.00    0.00    0.00    0.00    0.00    0.00  100.00
03:04:13 AM   34    1.00    0.00    0.00    0.00    0.00    0.00    0.00    0.00    0.00   99.00
03:04:13 AM   35    0.00    0.00    0.00    0.00    0.00    0.00    0.00    0.00    0.00  100.00

03:04:13 AM  CPU    %usr   %nice    %sys %iowait    %irq   %soft  %steal  %guest  %gnice   %idle
03:04:14 AM  all    0.79    0.00    1.12    0.06    0.00    0.70    0.00    0.00    0.00   97.34
03:04:14 AM    0    1.03    0.00    0.00    0.00    0.00    0.00    0.00    0.00    0.00   98.97
03:04:14 AM    1    0.99    0.00    0.00    0.00    0.00    0.99    0.00    0.00    0.00   98.02
03:04:14 AM    2    0.00    0.00    0.00    0.00    0.00    0.00    0.00    0.00    0.00  100.00
03:04:14 AM    3    1.01    0.00    1.01    0.00    0.00    0.00    0.00    0.00    0.00   97.98
03:04:14 AM    4    1.00    0.00    0.00    0.00    0.00    0.00    0.00    0.00    0.00   99.00
03:04:14 AM    5    0.00    0.00    0.00    0.00    0.00    0.00    0.00    0.00    0.00  100.00
03:04:14 AM    6    1.01    0.00    0.00    0.00    0.00    0.00    0.00    0.00    0.00   98.99
03:04:14 AM    7    2.02    0.00    0.00    0.00    0.00    0.00    0.00    0.00    0.00   97.98
03:04:14 AM    8    1.01    0.00    0.00    0.00    0.00    0.00    0.00    0.00    0.00   98.99
03:04:14 AM    9    1.02    0.00    0.00    1.02    0.00    0.00    0.00    0.00    0.00   97.96
03:04:14 AM   10    1.98    0.00    0.00    0.00    0.00    0.00    0.00    0.00    0.00   98.02
03:04:14 AM   11    0.00    0.00    0.00    0.00    0.00    0.00    0.00    0.00    0.00  100.00
03:04:14 AM   12    0.00    0.00    0.00    0.00    0.00    0.00    0.00    0.00    0.00  100.00
03:04:14 AM   13    1.00    0.00    1.00    0.00    0.00    0.00    0.00    0.00    0.00   98.00
03:04:14 AM   14    2.00    0.00    0.00    0.00    0.00    0.00    0.00    0.00    0.00   98.00
03:04:14 AM   15    1.01    0.00    0.00    0.00    0.00    0.00    0.00    0.00    0.00   98.99
03:04:14 AM   16    0.00    0.00    0.00    0.00    0.00    0.00    0.00    0.00    0.00  100.00
03:04:14 AM   17    1.01    0.00    0.00    0.00    0.00    0.00    0.00    0.00    0.00   98.99
03:04:14 AM   18    0.00    0.00    0.00    0.00    0.00    1.01    0.00    0.00    0.00   98.99
03:04:14 AM   19    0.00    0.00    0.00    0.00    0.00    0.00    0.00    0.00    0.00  100.00
03:04:14 AM   20    0.00    0.00    0.00    0.00    0.00    0.00    0.00    0.00    0.00  100.00
03:04:14 AM   21    0.00    0.00    1.01    0.00    0.00    0.00    0.00    0.00    0.00   98.99
03:04:14 AM   22    6.19    0.00   15.46    0.00    0.00   12.37    0.00    0.00    0.00   65.98
03:04:14 AM   23    4.21    0.00   17.89    0.00    0.00   11.58    0.00    0.00    0.00   66.32
03:04:14 AM   24    0.00    0.00    1.00    0.00    0.00    0.00    0.00    0.00    0.00   99.00
03:04:14 AM   25    0.99    0.00    0.99    0.99    0.00    0.00    0.00    0.00    0.00   97.03
03:04:14 AM   26    0.00    0.00    0.00    0.00    0.00    0.00    0.00    0.00    0.00  100.00
03:04:14 AM   27    0.00    0.00    0.00    0.00    0.00    0.00    0.00    0.00    0.00  100.00
03:04:14 AM   28    0.00    0.00    0.00    0.00    0.00    0.00    0.00    0.00    0.00  100.00
03:04:14 AM   29    0.00    0.00    0.00    0.00    0.00    0.00    0.00    0.00    0.00  100.00
03:04:14 AM   30    0.00    0.00    0.99    0.00    0.00    0.00    0.00    0.00    0.00   99.01
03:04:14 AM   31    1.00    0.00    0.00    0.00    0.00    0.00    0.00    0.00    0.00   99.00
03:04:14 AM   32    0.00    0.00    1.00    0.00    0.00    0.00    0.00    0.00    0.00   99.00
03:04:14 AM   33    0.00    0.00    0.00    0.00    0.00    0.00    0.00    0.00    0.00  100.00
03:04:14 AM   34    0.00    0.00    0.00    0.00    0.00    0.00    0.00    0.00    0.00  100.00
03:04:14 AM   35    0.00    0.00    1.00    0.00    0.00    0.00    0.00    0.00    0.00   99.00

03:04:14 AM  CPU    %usr   %nice    %sys %iowait    %irq   %soft  %steal  %guest  %gnice   %idle
03:04:15 AM  all    0.90    0.00    1.35    0.08    0.00    0.56    0.00    0.00    0.00   97.11
03:04:15 AM    0    1.02    0.00    0.00    0.00    0.00    0.00    0.00    0.00    0.00   98.98
03:04:15 AM    1    1.01    0.00    0.00    0.00    0.00    0.00    0.00    0.00    0.00   98.99
03:04:15 AM    2    1.00    0.00    0.00    0.00    0.00    0.00    0.00    0.00    0.00   99.00
03:04:15 AM    3    0.00    0.00    0.00    0.00    0.00    0.00    0.00    0.00    0.00  100.00
03:04:15 AM    4    1.98    0.00    0.99    0.00    0.00    0.00    0.00    0.00    0.00   97.03
03:04:15 AM    5    0.00    0.00    0.00    0.00    0.00    0.00    0.00    0.00    0.00  100.00
03:04:15 AM    6    0.00    0.00    0.00    0.00    0.00    0.00    0.00    0.00    0.00  100.00
03:04:15 AM    7    0.00    0.00    0.00    0.00    0.00    0.00    0.00    0.00    0.00  100.00
03:04:15 AM    8    0.00    0.00    0.00    0.00    0.00    0.00    0.00    0.00    0.00  100.00
03:04:15 AM    9    1.01    0.00    0.00    0.00    0.00    0.00    0.00    0.00    0.00   98.99
03:04:15 AM   10    1.01    0.00    7.07    0.00    0.00    0.00    0.00    0.00    0.00   91.92
03:04:15 AM   11    2.00    0.00    0.00    0.00    0.00    0.00    0.00    0.00    0.00   98.00
03:04:15 AM   12    0.99    0.00    0.99    0.99    0.00    0.00    0.00    0.00    0.00   97.03
03:04:15 AM   13    2.00    0.00    0.00    0.00    0.00    0.00    0.00    0.00    0.00   98.00
03:04:15 AM   14    1.02    0.00    1.02    1.02    0.00    0.00    0.00    0.00    0.00   96.94
03:04:15 AM   15    0.00    0.00    1.01    0.00    0.00    0.00    0.00    0.00    0.00   98.99
03:04:15 AM   16    0.00    0.00    1.00    0.00    0.00    0.00    0.00    0.00    0.00   99.00
03:04:15 AM   17    1.01    0.00    0.00    0.00    0.00    0.00    0.00    0.00    0.00   98.99
03:04:15 AM   18    1.00    0.00    0.00    1.00    0.00    0.00    0.00    0.00    0.00   98.00
03:04:15 AM   19    0.00    0.00    0.00    0.00    0.00    0.00    0.00    0.00    0.00  100.00
03:04:15 AM   20    0.00    0.00    0.00    0.00    0.00    0.00    0.00    0.00    0.00  100.00
03:04:15 AM   21    0.00    0.00    0.00    0.00    0.00    0.00    0.00    0.00    0.00  100.00
03:04:15 AM   22    7.07    0.00   16.16    0.00    0.00   11.11    0.00    0.00    0.00   65.66
03:04:15 AM   23    5.38    0.00   16.13    0.00    0.00    9.68    0.00    0.00    0.00   68.82
03:04:15 AM   24    0.00    0.00    0.00    0.00    0.00    0.00    0.00    0.00    0.00  100.00
03:04:15 AM   25    0.00    0.00    0.00    0.00    0.00    0.00    0.00    0.00    0.00  100.00
03:04:15 AM   26    0.00    0.00    0.00    0.00    0.00    0.00    0.00    0.00    0.00  100.00
03:04:15 AM   27    1.00    0.00    1.00    0.00    0.00    0.00    0.00    0.00    0.00   98.00
03:04:15 AM   28    0.00    0.00    1.00    0.00    0.00    0.00    0.00    0.00    0.00   99.00
03:04:15 AM   29    1.01    0.00    3.03    0.00    0.00    0.00    0.00    0.00    0.00   95.96
03:04:15 AM   30    0.00    0.00    0.00    0.00    0.00    0.00    0.00    0.00    0.00  100.00
03:04:15 AM   31    0.99    0.00    0.00    0.00    0.00    0.00    0.00    0.00    0.00   99.01
03:04:15 AM   32    0.00    0.00    0.00    0.00    0.00    0.00    0.00    0.00    0.00  100.00
03:04:15 AM   33    0.00    0.00    0.00    0.00    0.00    0.00    0.00    0.00    0.00  100.00
03:04:15 AM   34    1.00    0.00    0.00    0.00    0.00    0.00    0.00    0.00    0.00   99.00
03:04:15 AM   35    1.01    0.00    0.00    0.00    0.00    0.00    0.00    0.00    0.00   98.99

03:04:15 AM  CPU    %usr   %nice    %sys %iowait    %irq   %soft  %steal  %guest  %gnice   %idle
03:04:16 AM  all    1.37    0.03    1.59    0.03    0.00    0.56    0.00    0.00    0.00   96.43
03:04:16 AM    0    1.01    0.00    0.00    0.00    0.00    1.01    0.00    0.00    0.00   97.98
03:04:16 AM    1    0.00    0.00    0.00    0.00    0.00    0.00    0.00    0.00    0.00  100.00
03:04:16 AM    2    1.01    0.00    0.00    0.00    0.00    0.00    0.00    0.00    0.00   98.99
03:04:16 AM    3    2.00    0.00    0.00    0.00    0.00    0.00    0.00    0.00    0.00   98.00
03:04:16 AM    4    0.00    1.01    0.00    0.00    0.00    0.00    0.00    0.00    0.00   98.99
03:04:16 AM    5    1.00    0.00    0.00    0.00    0.00    0.00    0.00    0.00    0.00   99.00
03:04:16 AM    6    1.98    0.00    0.00    0.00    0.00    0.00    0.00    0.00    0.00   98.02
03:04:16 AM    7    1.00    0.00    1.00    0.00    0.00    0.00    0.00    0.00    0.00   98.00
03:04:16 AM    8    1.98    0.00    0.99    0.00    0.00    0.00    0.00    0.00    0.00   97.03
03:04:16 AM    9    1.96    0.00    1.96    0.00    0.00    0.98    0.00    0.00    0.00   95.10
03:04:16 AM   10    1.00    0.00    8.00    0.00    0.00    0.00    0.00    0.00    0.00   91.00
03:04:16 AM   11    1.00    0.00    1.00    0.00    0.00    0.00    0.00    0.00    0.00   98.00
03:04:16 AM   12    1.01    0.00    0.00    0.00    0.00    0.00    0.00    0.00    0.00   98.99
03:04:16 AM   13    1.00    0.00    0.00    0.00    0.00    0.00    0.00    0.00    0.00   99.00
03:04:16 AM   14    1.00    0.00    1.00    0.00    0.00    0.00    0.00    0.00    0.00   98.00
03:04:16 AM   15    1.01    0.00    0.00    0.00    0.00    0.00    0.00    0.00    0.00   98.99
03:04:16 AM   16    1.01    0.00    0.00    0.00    0.00    0.00    0.00    0.00    0.00   98.99
03:04:16 AM   17    0.99    0.00    1.98    0.00    0.00    0.00    0.00    0.00    0.00   97.03
03:04:16 AM   18    1.00    0.00    1.00    0.00    0.00    0.00    0.00    0.00    0.00   98.00
03:04:16 AM   19    0.00    0.00    0.00    0.00    0.00    0.00    0.00    0.00    0.00  100.00
03:04:16 AM   20    1.00    0.00    1.00    0.00    0.00    0.00    0.00    0.00    0.00   98.00
03:04:16 AM   21    1.00    0.00    0.00    0.00    0.00    0.00    0.00    0.00    0.00   99.00
03:04:16 AM   22   10.10    0.00   15.15    0.00    0.00   10.10    0.00    0.00    0.00   64.65
03:04:16 AM   23    9.28    0.00   17.53    0.00    0.00    8.25    0.00    0.00    0.00   64.95
03:04:16 AM   24    1.00    0.00    1.00    0.00    0.00    0.00    0.00    0.00    0.00   98.00
03:04:16 AM   25    1.01    0.00    0.00    0.00    0.00    0.00    0.00    0.00    0.00   98.99
03:04:16 AM   26    1.00    0.00    0.00    0.00    0.00    0.00    0.00    0.00    0.00   99.00
03:04:16 AM   27    0.00    0.00    0.00    0.00    0.00    0.00    0.00    0.00    0.00  100.00
03:04:16 AM   28    0.00    0.00    0.00    1.01    0.00    0.00    0.00    0.00    0.00   98.99
03:04:16 AM   29    1.98    0.00    1.98    0.00    0.00    0.00    0.00    0.00    0.00   96.04
03:04:16 AM   30    0.00    0.00    1.01    0.00    0.00    0.00    0.00    0.00    0.00   98.99
03:04:16 AM   31    0.00    0.00    1.01    0.00    0.00    0.00    0.00    0.00    0.00   98.99
03:04:16 AM   32    0.00    0.00    0.00    0.00    0.00    0.00    0.00    0.00    0.00  100.00
03:04:16 AM   33    0.99    0.00    0.99    0.00    0.00    0.00    0.00    0.00    0.00   98.02
03:04:16 AM   34    0.00    0.00    0.00    0.00    0.00    0.00    0.00    0.00    0.00  100.00
03:04:16 AM   35    0.99    0.00    0.99    0.00    0.00    0.00    0.00    0.00    0.00   98.02

03:04:16 AM  CPU    %usr   %nice    %sys %iowait    %irq   %soft  %steal  %guest  %gnice   %idle
03:04:17 AM  all    0.81    0.03    1.12    0.08    0.00    0.56    0.00    0.00    0.00   97.39
03:04:17 AM    0    1.03    0.00    0.00    0.00    0.00    0.00    0.00    0.00    0.00   98.97
03:04:17 AM    1    0.00    0.00    1.01    0.00    0.00    0.00    0.00    0.00    0.00   98.99
03:04:17 AM    2    1.01    0.00    0.00    0.00    0.00    0.00    0.00    0.00    0.00   98.99
03:04:17 AM    3    2.00    0.00    1.00    0.00    0.00    0.00    0.00    0.00    0.00   97.00
03:04:17 AM    4    0.00    0.00    0.00    0.00    0.00    0.00    0.00    0.00    0.00  100.00
03:04:17 AM    5    0.00    0.00    0.00    0.00    0.00    0.00    0.00    0.00    0.00  100.00
03:04:17 AM    6    1.01    0.00    1.01    1.01    0.00    0.00    0.00    0.00    0.00   96.97
03:04:17 AM    7    1.00    1.00    1.00    0.00    0.00    0.00    0.00    0.00    0.00   97.00
03:04:17 AM    8    1.01    0.00    0.00    1.01    0.00    0.00    0.00    0.00    0.00   97.98
03:04:17 AM    9    1.01    0.00    0.00    0.00    0.00    0.00    0.00    0.00    0.00   98.99
03:04:17 AM   10    1.00    0.00    0.00    0.00    0.00    0.00    0.00    0.00    0.00   99.00
03:04:17 AM   11    0.99    0.00    0.99    0.00    0.00    0.00    0.00    0.00    0.00   98.02
03:04:17 AM   12    0.00    0.00    0.00    0.00    0.00    0.00    0.00    0.00    0.00  100.00
03:04:17 AM   13    1.01    0.00    2.02    0.00    0.00    0.00    0.00    0.00    0.00   96.97
03:04:17 AM   14    1.01    0.00    0.00    0.00    0.00    0.00    0.00    0.00    0.00   98.99
03:04:17 AM   15    0.00    0.00    0.00    0.00    0.00    0.00    0.00    0.00    0.00  100.00
03:04:17 AM   16    0.00    0.00    1.01    0.00    0.00    0.00    0.00    0.00    0.00   98.99
03:04:17 AM   17    0.00    0.00    0.00    0.00    0.00    0.00    0.00    0.00    0.00  100.00
03:04:17 AM   18    0.00    0.00    0.00    0.00    0.00    0.00    0.00    0.00    0.00  100.00
03:04:17 AM   19    1.00    0.00    0.00    0.00    0.00    0.00    0.00    0.00    0.00   99.00
03:04:17 AM   20    0.00    0.00    0.00    0.00    0.00    0.00    0.00    0.00    0.00  100.00
03:04:17 AM   21    0.00    0.00    0.00    0.00    0.00    0.00    0.00    0.00    0.00  100.00
03:04:17 AM   22    8.08    0.00   17.17    0.00    0.00   10.10    0.00    0.00    0.00   64.65
03:04:17 AM   23    5.26    0.00   15.79    0.00    0.00   10.53    0.00    0.00    0.00   68.42
03:04:17 AM   24    0.00    0.00    0.00    0.00    0.00    0.00    0.00    0.00    0.00  100.00
03:04:17 AM   25    1.00    0.00    0.00    0.00    0.00    0.00    0.00    0.00    0.00   99.00
03:04:17 AM   26    0.00    0.00    0.00    0.00    0.00    0.00    0.00    0.00    0.00  100.00
03:04:17 AM   27    0.00    0.00    0.00    0.00    0.00    0.00    0.00    0.00    0.00  100.00
03:04:17 AM   28    0.00    0.00    0.00    0.00    0.00    0.00    0.00    0.00    0.00  100.00
03:04:17 AM   29    0.00    0.00    0.00    0.00    0.00    0.00    0.00    0.00    0.00  100.00
03:04:17 AM   30    0.00    0.00    0.00    0.00    0.00    0.00    0.00    0.00    0.00  100.00
03:04:17 AM   31    0.00    0.00    0.00    0.00    0.00    0.00    0.00    0.00    0.00  100.00
03:04:17 AM   32    0.00    0.00    0.00    0.00    0.00    0.00    0.00    0.00    0.00  100.00
03:04:17 AM   33    1.01    0.00    0.00    0.00    0.00    0.00    0.00    0.00    0.00   98.99
03:04:17 AM   34    1.01    0.00    0.00    0.00    0.00    0.00    0.00    0.00    0.00   98.99
03:04:17 AM   35    0.00    0.00    0.00    1.01    0.00    0.00    0.00    0.00    0.00   98.99

03:04:17 AM  CPU    %usr   %nice    %sys %iowait    %irq   %soft  %steal  %guest  %gnice   %idle
03:04:18 AM  all    0.78    0.03    1.40    0.00    0.00    0.67    0.00    0.00    0.00   97.12
03:04:18 AM    0    1.01    0.00    1.01    0.00    0.00    1.01    0.00    0.00    0.00   96.97
03:04:18 AM    1    1.01    0.00    0.00    0.00    0.00    0.00    0.00    0.00    0.00   98.99
03:04:18 AM    2    0.00    0.00    1.01    0.00    0.00    0.00    0.00    0.00    0.00   98.99
03:04:18 AM    3    1.02    0.00    0.00    0.00    0.00    0.00    0.00    0.00    0.00   98.98
03:04:18 AM    4    1.00    0.00    1.00    0.00    0.00    0.00    0.00    0.00    0.00   98.00
03:04:18 AM    5    0.00    0.00    0.99    0.00    0.00    0.99    0.00    0.00    0.00   98.02
03:04:18 AM    6    0.00    0.99    0.99    0.00    0.00    0.00    0.00    0.00    0.00   98.02
03:04:18 AM    7    0.00    0.00    0.00    0.00    0.00    0.00    0.00    0.00    0.00  100.00
03:04:18 AM    8    0.00    0.00    1.01    0.00    0.00    0.00    0.00    0.00    0.00   98.99
03:04:18 AM    9    0.00    0.00    1.01    0.00    0.00    0.00    0.00    0.00    0.00   98.99
03:04:18 AM   10    1.01    0.00    7.07    0.00    0.00    0.00    0.00    0.00    0.00   91.92
03:04:18 AM   11    0.00    0.00    0.00    0.00    0.00    0.00    0.00    0.00    0.00  100.00
03:04:18 AM   12    1.98    0.00    0.00    0.00    0.00    0.00    0.00    0.00    0.00   98.02
03:04:18 AM   13    1.01    0.00    0.00    0.00    0.00    0.00    0.00    0.00    0.00   98.99
03:04:18 AM   14    1.00    0.00    1.00    0.00    0.00    0.00    0.00    0.00    0.00   98.00
03:04:18 AM   15    1.00    0.00    1.00    0.00    0.00    0.00    0.00    0.00    0.00   98.00
03:04:18 AM   16    1.00    0.00    0.00    0.00    0.00    0.00    0.00    0.00    0.00   99.00
03:04:18 AM   17    2.00    0.00    0.00    0.00    0.00    0.00    0.00    0.00    0.00   98.00
03:04:18 AM   18    0.00    0.00    0.00    0.00    0.00    0.00    0.00    0.00    0.00  100.00
03:04:18 AM   19    1.00    0.00    0.00    0.00    0.00    0.00    0.00    0.00    0.00   99.00
03:04:18 AM   20    0.00    0.00    0.00    0.00    0.00    0.00    0.00    0.00    0.00  100.00
03:04:18 AM   21    0.00    0.00    0.00    0.00    0.00    0.00    0.00    0.00    0.00  100.00
03:04:18 AM   22    7.00    0.00   17.00    0.00    0.00   11.00    0.00    0.00    0.00   65.00
03:04:18 AM   23    5.43    0.00   15.22    0.00    0.00   11.96    0.00    0.00    0.00   67.39
03:04:18 AM   24    1.01    0.00    0.00    0.00    0.00    0.00    0.00    0.00    0.00   98.99
03:04:18 AM   25    0.00    0.00    1.00    0.00    0.00    0.00    0.00    0.00    0.00   99.00
03:04:18 AM   26    0.00    0.00    0.99    0.00    0.00    0.00    0.00    0.00    0.00   99.01
03:04:18 AM   27    0.00    0.00    0.99    0.00    0.00    0.00    0.00    0.00    0.00   99.01
03:04:18 AM   28    0.00    0.00    0.00    0.00    0.00    0.00    0.00    0.00    0.00  100.00
03:04:18 AM   29    0.00    0.00    0.00    0.00    0.00    0.00    0.00    0.00    0.00  100.00
03:04:18 AM   30    0.00    0.00    0.00    0.00    0.00    0.00    0.00    0.00    0.00  100.00
03:04:18 AM   31    1.00    0.00    0.00    0.00    0.00    0.00    0.00    0.00    0.00   99.00
03:04:18 AM   32    0.00    0.00    0.00    0.00    0.00    0.00    0.00    0.00    0.00  100.00
03:04:18 AM   33    0.00    0.00    0.00    0.00    0.00    0.00    0.00    0.00    0.00  100.00
03:04:18 AM   34    0.00    0.00    0.00    0.00    0.00    0.00    0.00    0.00    0.00  100.00
03:04:18 AM   35    0.00    0.00    0.00    0.00    0.00    0.00    0.00    0.00    0.00  100.00

03:04:18 AM  CPU    %usr   %nice    %sys %iowait    %irq   %soft  %steal  %guest  %gnice   %idle
03:04:19 AM  all    1.40    0.06    1.31    0.08    0.00    0.73    0.00    0.00    0.00   96.43
03:04:19 AM    0    2.02    0.00    0.00    1.01    0.00    0.00    0.00    0.00    0.00   96.97
03:04:19 AM    1    1.01    0.00    0.00    1.01    0.00    0.00    0.00    0.00    0.00   97.98
03:04:19 AM    2    1.02    0.00    0.00    0.00    0.00    0.00    0.00    0.00    0.00   98.98
03:04:19 AM    3    2.97    0.00    0.00    0.00    0.00    0.00    0.00    0.00    0.00   97.03
03:04:19 AM    4    1.98    0.00    0.99    0.00    0.00    0.99    0.00    0.00    0.00   96.04
03:04:19 AM    5    1.00    0.00    1.00    0.00    0.00    0.00    0.00    0.00    0.00   98.00
03:04:19 AM    6    1.01    0.00    0.00    0.00    0.00    0.00    0.00    0.00    0.00   98.99
03:04:19 AM    7    2.02    0.00    0.00    0.00    0.00    0.00    0.00    0.00    0.00   97.98
03:04:19 AM    8    1.01    0.00    0.00    1.01    0.00    0.00    0.00    0.00    0.00   97.98
03:04:19 AM    9    0.00    0.00    1.01    0.00    0.00    0.00    0.00    0.00    0.00   98.99
03:04:19 AM   10    3.96    0.00    5.94    0.00    0.00    0.00    0.00    0.00    0.00   90.10
03:04:19 AM   11    1.96    0.98    0.00    0.00    0.00    0.00    0.00    0.00    0.00   97.06
03:04:19 AM   12    1.96    0.00    0.98    0.00    0.00    0.00    0.00    0.00    0.00   97.06
03:04:19 AM   13    0.00    0.00    0.00    0.00    0.00    0.00    0.00    0.00    0.00  100.00
03:04:19 AM   14    0.00    0.00    1.01    0.00    0.00    0.00    0.00    0.00    0.00   98.99
03:04:19 AM   15    2.02    0.00    0.00    0.00    0.00    0.00    0.00    0.00    0.00   97.98
03:04:19 AM   16    2.00    0.00    1.00    0.00    0.00    0.00    0.00    0.00    0.00   97.00
03:04:19 AM   17    1.00    1.00    0.00    0.00    0.00    0.00    0.00    0.00    0.00   98.00
03:04:19 AM   18    1.00    0.00    0.00    0.00    0.00    0.00    0.00    0.00    0.00   99.00
03:04:19 AM   19    1.00    0.00    0.00    0.00    0.00    0.00    0.00    0.00    0.00   99.00
03:04:19 AM   20    0.00    0.00    0.00    0.00    0.00    0.00    0.00    0.00    0.00  100.00
03:04:19 AM   21    1.00    0.00    1.00    0.00    0.00    0.00    0.00    0.00    0.00   98.00
03:04:19 AM   22    6.00    0.00   18.00    0.00    0.00   12.00    0.00    0.00    0.00   64.00
03:04:19 AM   23    4.35    0.00   15.22    0.00    0.00   13.04    0.00    0.00    0.00   67.39
03:04:19 AM   24    1.01    0.00    0.00    0.00    0.00    0.00    0.00    0.00    0.00   98.99
03:04:19 AM   25    0.00    0.00    0.00    0.00    0.00    0.00    0.00    0.00    0.00  100.00
03:04:19 AM   26    3.03    0.00    0.00    0.00    0.00    0.00    0.00    0.00    0.00   96.97
03:04:19 AM   27    0.00    0.00    0.00    0.00    0.00    0.00    0.00    0.00    0.00  100.00
03:04:19 AM   28    0.00    0.00    0.00    0.00    0.00    0.00    0.00    0.00    0.00  100.00
03:04:19 AM   29    0.99    0.00    0.00    0.00    0.00    0.00    0.00    0.00    0.00   99.01
03:04:19 AM   30    1.00    0.00    0.00    0.00    0.00    0.00    0.00    0.00    0.00   99.00
03:04:19 AM   31    0.00    0.00    0.00    0.00    0.00    0.00    0.00    0.00    0.00  100.00
03:04:19 AM   32    1.00    0.00    0.00    0.00    0.00    0.00    0.00    0.00    0.00   99.00
03:04:19 AM   33    0.99    0.00    0.99    0.00    0.00    0.00    0.00    0.00    0.00   98.02
03:04:19 AM   34    0.99    0.00    0.99    0.00    0.00    0.99    0.00    0.00    0.00   97.03
03:04:19 AM   35    1.00    0.00    0.00    0.00    0.00    0.00    0.00    0.00    0.00   99.00

03:04:19 AM  CPU    %usr   %nice    %sys %iowait    %irq   %soft  %steal  %guest  %gnice   %idle
03:04:20 AM  all    0.84    0.00    1.32    0.00    0.00    0.62    0.00    0.00    0.00   97.23
03:04:20 AM    0    0.00    0.00    0.00    0.00    0.00    1.03    0.00    0.00    0.00   98.97
03:04:20 AM    1    1.01    0.00    0.00    0.00    0.00    0.00    0.00    0.00    0.00   98.99
03:04:20 AM    2    1.00    0.00    0.00    0.00    0.00    0.00    0.00    0.00    0.00   99.00
03:04:20 AM    3    1.01    0.00    1.01    0.00    0.00    0.00    0.00    0.00    0.00   97.98
03:04:20 AM    4    0.00    0.00    1.01    0.00    0.00    0.00    0.00    0.00    0.00   98.99
03:04:20 AM    5    1.00    0.00    0.00    0.00    0.00    0.00    0.00    0.00    0.00   99.00
03:04:20 AM    6    0.00    0.00    0.00    0.00    0.00    0.00    0.00    0.00    0.00  100.00
03:04:20 AM    7    1.00    0.00    0.00    0.00    0.00    0.00    0.00    0.00    0.00   99.00
03:04:20 AM    8    1.00    0.00    0.00    0.00    0.00    0.00    0.00    0.00    0.00   99.00
03:04:20 AM    9    0.99    0.00    0.00    0.00    0.00    0.99    0.00    0.00    0.00   98.02
03:04:20 AM   10    0.00    0.00    0.00    0.00    0.00    0.00    0.00    0.00    0.00  100.00
03:04:20 AM   11    0.00    0.00    0.00    0.00    0.00    0.00    0.00    0.00    0.00  100.00
03:04:20 AM   12    0.00    0.00    0.00    0.00    0.00    0.00    0.00    0.00    0.00  100.00
03:04:20 AM   13    0.99    0.00    1.98    0.00    0.00    0.00    0.00    0.00    0.00   97.03
03:04:20 AM   14    2.00    0.00    0.00    0.00    0.00    0.00    0.00    0.00    0.00   98.00
03:04:20 AM   15    0.99    0.00    0.99    0.00    0.00    0.00    0.00    0.00    0.00   98.02
03:04:20 AM   16    0.00    0.00    1.00    0.00    0.00    0.00    0.00    0.00    0.00   99.00
03:04:20 AM   17    1.00    0.00    0.00    0.00    0.00    1.00    0.00    0.00    0.00   98.00
03:04:20 AM   18    1.00    0.00    1.00    0.00    0.00    0.00    0.00    0.00    0.00   98.00
03:04:20 AM   19    1.98    0.00    0.99    0.00    0.00    0.00    0.00    0.00    0.00   97.03
03:04:20 AM   20    0.00    0.00    0.99    0.00    0.00    0.00    0.00    0.00    0.00   99.01
03:04:20 AM   21    0.00    0.00    0.00    0.00    0.00    0.00    0.00    0.00    0.00  100.00
03:04:20 AM   22    6.12    0.00   18.37    0.00    0.00    9.18    0.00    0.00    0.00   66.33
03:04:20 AM   23    5.21    0.00   18.75    0.00    0.00   10.42    0.00    0.00    0.00   65.62
03:04:20 AM   24    0.00    0.00    0.00    0.00    0.00    0.00    0.00    0.00    0.00  100.00
03:04:20 AM   25    0.00    0.00    0.00    0.00    0.00    0.00    0.00    0.00    0.00  100.00
03:04:20 AM   26    0.00    0.00    0.00    0.00    0.00    0.00    0.00    0.00    0.00  100.00
03:04:20 AM   27    0.00    0.00    0.00    0.00    0.00    0.00    0.00    0.00    0.00  100.00
03:04:20 AM   28    0.00    0.00    1.01    0.00    0.00    0.00    0.00    0.00    0.00   98.99
03:04:20 AM   29    0.00    0.00    0.00    0.00    0.00    0.00    0.00    0.00    0.00  100.00
03:04:20 AM   30    0.00    0.00    0.00    0.00    0.00    0.00    0.00    0.00    0.00  100.00
03:04:20 AM   31    1.01    0.00    0.00    0.00    0.00    0.00    0.00    0.00    0.00   98.99
03:04:20 AM   32    0.00    0.00    1.01    0.00    0.00    0.00    0.00    0.00    0.00   98.99
03:04:20 AM   33    0.00    0.00    0.00    0.00    0.00    0.00    0.00    0.00    0.00  100.00
03:04:20 AM   34    2.02    0.00    0.00    0.00    0.00    0.00    0.00    0.00    0.00   97.98
03:04:20 AM   35    1.01    0.00    0.00    0.00    0.00    0.00    0.00    0.00    0.00   98.99

Average:     CPU    %usr   %nice    %sys %iowait    %irq   %soft  %steal  %guest  %gnice   %idle
Average:     all    1.05    0.01    1.30    0.05    0.00    0.61    0.00    0.00    0.00   96.98
Average:       0    1.02    0.00    0.10    0.10    0.00    0.31    0.00    0.00    0.00   98.47
Average:       1    0.91    0.00    0.40    0.10    0.00    0.10    0.00    0.00    0.00   98.49
Average:       2    1.01    0.00    0.10    0.00    0.00    0.00    0.00    0.00    0.00   98.89
Average:       3    1.61    0.00    0.40    0.00    0.00    0.00    0.00    0.00    0.00   97.99
Average:       4    1.10    0.10    0.50    0.00    0.00    0.10    0.00    0.00    0.00   98.19
Average:       5    0.80    0.00    0.40    0.00    0.00    0.20    0.00    0.00    0.00   98.59
Average:       6    1.10    0.10    0.40    0.10    0.00    0.00    0.00    0.00    0.00   98.30
Average:       7    1.01    0.10    0.20    0.10    0.00    0.00    0.00    0.00    0.00   98.59
Average:       8    0.80    0.00    0.30    0.30    0.00    0.10    0.00    0.00    0.00   98.49
Average:       9    0.91    0.00    0.40    0.20    0.00    0.20    0.00    0.00    0.00   98.29
Average:      10    1.81    0.00    4.11    0.10    0.00    0.00    0.00    0.00    0.00   93.98
Average:      11    0.80    0.10    0.30    0.20    0.00    0.00    0.00    0.00    0.00   98.60
Average:      12    1.21    0.00    0.20    0.10    0.00    0.00    0.00    0.00    0.00   98.49
Average:      13    1.10    0.00    0.80    0.00    0.00    0.00    0.00    0.00    0.00   98.09
Average:      14    1.10    0.00    0.50    0.10    0.00    0.10    0.00    0.00    0.00   98.19
Average:      15    0.91    0.00    0.30    0.00    0.00    0.00    0.00    0.00    0.00   98.79
Average:      16    0.60    0.00    0.60    0.00    0.00    0.00    0.00    0.00    0.00   98.79
Average:      17    0.81    0.10    0.30    0.00    0.00    0.10    0.00    0.00    0.00   98.69
Average:      18    0.50    0.00    0.40    0.10    0.00    0.10    0.00    0.00    0.00   98.90
Average:      19    0.70    0.00    0.10    0.00    0.00    0.00    0.00    0.00    0.00   99.20
Average:      20    0.20    0.00    0.30    0.10    0.00    0.00    0.00    0.00    0.00   99.40
Average:      21    0.30    0.00    0.30    0.00    0.00    0.00    0.00    0.00    0.00   99.40
Average:      22    7.09    0.00   16.60    0.00    0.00   10.63    0.00    0.00    0.00   65.69
Average:      23    5.94    0.00   16.01    0.00    0.00   10.39    0.00    0.00    0.00   67.66
Average:      24    0.50    0.00    0.30    0.00    0.00    0.00    0.00    0.00    0.00   99.19
Average:      25    0.40    0.00    0.30    0.10    0.00    0.00    0.00    0.00    0.00   99.19
Average:      26    0.50    0.00    0.30    0.00    0.00    0.00    0.00    0.00    0.00   99.20
Average:      27    0.10    0.00    0.30    0.00    0.00    0.00    0.00    0.00    0.00   99.60
Average:      28    0.10    0.00    0.20    0.10    0.00    0.00    0.00    0.00    0.00   99.60
Average:      29    0.50    0.00    0.50    0.00    0.00    0.00    0.00    0.00    0.00   98.99
Average:      30    0.30    0.00    0.20    0.00    0.00    0.00    0.00    0.00    0.00   99.50
Average:      31    0.50    0.00    0.20    0.00    0.00    0.00    0.00    0.00    0.00   99.30
Average:      32    0.40    0.00    0.20    0.00    0.00    0.00    0.00    0.00    0.00   99.40
Average:      33    0.30    0.00    0.20    0.00    0.00    0.00    0.00    0.00    0.00   99.50
Average:      34    0.60    0.00    0.30    0.00    0.00    0.10    0.00    0.00    0.00   98.99
Average:      35    0.60    0.00    0.40    0.10    0.00    0.00    0.00    0.00    0.00   98.90
