Linux 5.15.0-186-generic (rapids4) 	07/28/2026 	_x86_64_	(36 CPU)

02:47:36 AM  CPU    %usr   %nice    %sys %iowait    %irq   %soft  %steal  %guest  %gnice   %idle
02:47:37 AM  all    0.95    0.00    2.71    0.06    0.00    2.37    0.00    0.00    0.00   93.91
02:47:37 AM    0    0.92    0.00    0.00    0.00    0.00   11.93    0.00    0.00    0.00   87.16
02:47:37 AM    1    2.02    0.00    1.01    0.00    0.00    1.01    0.00    0.00    0.00   95.96
02:47:37 AM    2    1.00    0.00    1.00    0.00    0.00    0.00    0.00    0.00    0.00   98.00
02:47:37 AM    3    1.01    0.00    0.00    0.00    0.00    0.00    0.00    0.00    0.00   98.99
02:47:37 AM    4    0.00    0.00    1.01    0.00    0.00    0.00    0.00    0.00    0.00   98.99
02:47:37 AM    5    0.00    0.00    1.02    0.00    0.00    0.00    0.00    0.00    0.00   98.98
02:47:37 AM    6    1.00    0.00    1.00    1.00    0.00    0.00    0.00    0.00    0.00   97.00
02:47:37 AM    7    1.01    0.00    0.00    0.00    0.00    0.00    0.00    0.00    0.00   98.99
02:47:37 AM    8    1.00    0.00    1.00    0.00    0.00    0.00    0.00    0.00    0.00   98.00
02:47:37 AM    9    1.01    0.00    0.00    0.00    0.00    0.00    0.00    0.00    0.00   98.99
02:47:37 AM   10    2.00    0.00    0.00    0.00    0.00    0.00    0.00    0.00    0.00   98.00
02:47:37 AM   11    2.02    0.00    0.00    0.00    0.00    0.00    0.00    0.00    0.00   97.98
02:47:37 AM   12    2.02    0.00    7.07    0.00    0.00    0.00    0.00    0.00    0.00   90.91
02:47:37 AM   13    1.01    0.00    0.00    0.00    0.00    0.00    0.00    0.00    0.00   98.99
02:47:37 AM   14    0.99    0.00    1.98    0.00    0.00    0.00    0.00    0.00    0.00   97.03
02:47:37 AM   15    1.02    0.00    0.00    0.00    0.00    0.00    0.00    0.00    0.00   98.98
02:47:37 AM   16    3.00    0.00    0.00    0.00    0.00    0.00    0.00    0.00    0.00   97.00
02:47:37 AM   17    1.00    0.00    1.00    0.00    0.00    0.00    0.00    0.00    0.00   98.00
02:47:37 AM   18    0.00    0.00    0.00    0.00    0.00    0.00    0.00    0.00    0.00  100.00
02:47:37 AM   19    1.01    0.00    0.00    0.00    0.00    0.00    0.00    0.00    0.00   98.99
02:47:37 AM   20    5.00    0.00   42.00    0.00    0.00   38.00    0.00    0.00    0.00   15.00
02:47:37 AM   21    1.09    0.00   35.87    0.00    0.00   35.87    0.00    0.00    0.00   27.17
02:47:37 AM   22    0.99    0.00    0.99    0.99    0.00    0.00    0.00    0.00    0.00   97.03
02:47:37 AM   23    0.00    0.00    1.00    0.00    0.00    0.00    0.00    0.00    0.00   99.00
02:47:37 AM   24    1.01    0.00    0.00    0.00    0.00    0.00    0.00    0.00    0.00   98.99
02:47:37 AM   25    0.00    0.00    0.00    0.00    0.00    0.00    0.00    0.00    0.00  100.00
02:47:37 AM   26    0.00    0.00    0.00    0.00    0.00    0.00    0.00    0.00    0.00  100.00
02:47:37 AM   27    1.01    0.00    0.00    0.00    0.00    0.00    0.00    0.00    0.00   98.99
02:47:37 AM   28    0.00    0.00    1.00    0.00    0.00    0.00    0.00    0.00    0.00   99.00
02:47:37 AM   29    0.00    0.00    1.01    0.00    0.00    0.00    0.00    0.00    0.00   98.99
02:47:37 AM   30    0.00    0.00    1.00    0.00    0.00    0.00    0.00    0.00    0.00   99.00
02:47:37 AM   31    1.00    0.00    0.00    0.00    0.00    0.00    0.00    0.00    0.00   99.00
02:47:37 AM   32    1.02    0.00    0.00    0.00    0.00    0.00    0.00    0.00    0.00   98.98
02:47:37 AM   33    0.00    0.00    0.00    0.00    0.00    0.00    0.00    0.00    0.00  100.00
02:47:37 AM   34    0.00    0.00    1.00    0.00    0.00    0.00    0.00    0.00    0.00   99.00
02:47:37 AM   35    0.00    0.00    0.00    0.00    0.00    0.00    0.00    0.00    0.00  100.00

02:47:37 AM  CPU    %usr   %nice    %sys %iowait    %irq   %soft  %steal  %guest  %gnice   %idle
02:47:38 AM  all    2.27    0.03    2.80    0.00    0.00    2.74    0.00    0.00    0.00   92.17
02:47:38 AM    0    2.73    0.00    0.00    0.00    0.00   10.91    0.00    0.00    0.00   86.36
02:47:38 AM    1    0.98    0.98    0.00    0.00    0.00    1.96    0.00    0.00    0.00   96.08
02:47:38 AM    2    4.00    0.00    0.00    0.00    0.00    0.00    0.00    0.00    0.00   96.00
02:47:38 AM    3    1.00    0.00    1.00    0.00    0.00    0.00    0.00    0.00    0.00   98.00
02:47:38 AM    4    2.02    0.00    0.00    0.00    0.00    0.00    0.00    0.00    0.00   97.98
02:47:38 AM    5    3.00    0.00    0.00    0.00    0.00    0.00    0.00    0.00    0.00   97.00
02:47:38 AM    6    0.00    0.00    0.00    0.00    0.00    0.00    0.00    0.00    0.00  100.00
02:47:38 AM    7   14.14    0.00    0.00    0.00    0.00    0.00    0.00    0.00    0.00   85.86
02:47:38 AM    8    1.02    0.00    0.00    0.00    0.00    0.00    0.00    0.00    0.00   98.98
02:47:38 AM    9    1.02    0.00    0.00    0.00    0.00    0.00    0.00    0.00    0.00   98.98
02:47:38 AM   10    6.06    0.00    0.00    0.00    0.00    0.00    0.00    0.00    0.00   93.94
02:47:38 AM   11    3.00    0.00    0.00    0.00    0.00    0.00    0.00    0.00    0.00   97.00
02:47:38 AM   12    1.00    0.00    1.00    0.00    0.00    0.00    0.00    0.00    0.00   98.00
02:47:38 AM   13    2.04    0.00    0.00    0.00    0.00    0.00    0.00    0.00    0.00   97.96
02:47:38 AM   14    3.03    0.00    0.00    0.00    0.00    0.00    0.00    0.00    0.00   96.97
02:47:38 AM   15    3.00    0.00    0.00    0.00    0.00    0.00    0.00    0.00    0.00   97.00
02:47:38 AM   16    2.02    0.00    0.00    0.00    0.00    0.00    0.00    0.00    0.00   97.98
02:47:38 AM   17    2.02    0.00    0.00    0.00    0.00    0.00    0.00    0.00    0.00   97.98
02:47:38 AM   18    1.01    0.00    1.01    0.00    0.00    0.00    0.00    0.00    0.00   97.98
02:47:38 AM   19    1.01    0.00    0.00    0.00    0.00    0.00    0.00    0.00    0.00   98.99
02:47:38 AM   20    6.93    0.00   53.47    0.00    0.00   39.60    0.00    0.00    0.00    0.00
02:47:38 AM   21    4.26    0.00   42.55    0.00    0.00   46.81    0.00    0.00    0.00    6.38
02:47:38 AM   22    1.02    0.00    0.00    0.00    0.00    0.00    0.00    0.00    0.00   98.98
02:47:38 AM   23    2.02    0.00    0.00    0.00    0.00    0.00    0.00    0.00    0.00   97.98
02:47:38 AM   24    1.00    0.00    1.00    0.00    0.00    0.00    0.00    0.00    0.00   98.00
02:47:38 AM   25    1.01    0.00    0.00    0.00    0.00    0.00    0.00    0.00    0.00   98.99
02:47:38 AM   26    1.01    0.00    0.00    0.00    0.00    0.00    0.00    0.00    0.00   98.99
02:47:38 AM   27    0.00    0.00    0.00    0.00    0.00    0.00    0.00    0.00    0.00  100.00
02:47:38 AM   28    1.02    0.00    0.00    0.00    0.00    0.00    0.00    0.00    0.00   98.98
02:47:38 AM   29    2.00    0.00    0.00    0.00    0.00    0.00    0.00    0.00    0.00   98.00
02:47:38 AM   30    2.00    0.00    1.00    0.00    0.00    0.00    0.00    0.00    0.00   97.00
02:47:38 AM   31    1.02    0.00    0.00    0.00    0.00    0.00    0.00    0.00    0.00   98.98
02:47:38 AM   32    1.01    0.00    0.00    0.00    0.00    0.00    0.00    0.00    0.00   98.99
02:47:38 AM   33    1.02    0.00    0.00    0.00    0.00    0.00    0.00    0.00    0.00   98.98
02:47:38 AM   34    0.00    0.00    0.00    0.00    0.00    0.00    0.00    0.00    0.00  100.00
02:47:38 AM   35    1.98    0.00    0.99    0.00    0.00    0.00    0.00    0.00    0.00   97.03

02:47:38 AM  CPU    %usr   %nice    %sys %iowait    %irq   %soft  %steal  %guest  %gnice   %idle
02:47:39 AM  all    1.14    0.00    3.01    0.11    0.00    2.95    0.00    0.00    0.00   92.78
02:47:39 AM    0    5.36    0.00    0.00    0.00    0.00   14.29    0.00    0.00    0.00   80.36
02:47:39 AM    1    0.00    0.00    0.00    0.00    0.00    1.01    0.00    0.00    0.00   98.99
02:47:39 AM    2    0.00    0.00    0.00    0.00    0.00    0.00    0.00    0.00    0.00  100.00
02:47:39 AM    3    1.01    0.00    0.00    0.00    0.00    0.00    0.00    0.00    0.00   98.99
02:47:39 AM    4    0.00    0.00    0.00    0.00    0.00    0.00    0.00    0.00    0.00  100.00
02:47:39 AM    5    1.02    0.00    0.00    0.00    0.00    0.00    0.00    0.00    0.00   98.98
02:47:39 AM    6    1.02    0.00    0.00    0.00    0.00    0.00    0.00    0.00    0.00   98.98
02:47:39 AM    7    1.01    0.00    0.00    1.01    0.00    0.00    0.00    0.00    0.00   97.98
02:47:39 AM    8    1.01    0.00    0.00    0.00    0.00    0.00    0.00    0.00    0.00   98.99
02:47:39 AM    9    1.01    0.00    0.00    0.00    0.00    0.00    0.00    0.00    0.00   98.99
02:47:39 AM   10    1.00    0.00    0.00    0.00    0.00    0.00    0.00    0.00    0.00   99.00
02:47:39 AM   11    1.00    0.00    1.00    0.00    0.00    0.00    0.00    0.00    0.00   98.00
02:47:39 AM   12    3.00    0.00    7.00    0.00    0.00    0.00    0.00    0.00    0.00   90.00
02:47:39 AM   13    1.01    0.00    0.00    0.00    0.00    0.00    0.00    0.00    0.00   98.99
02:47:39 AM   14    2.00    0.00    0.00    0.00    0.00    0.00    0.00    0.00    0.00   98.00
02:47:39 AM   15    1.01    0.00    0.00    1.01    0.00    0.00    0.00    0.00    0.00   97.98
02:47:39 AM   16    1.00    0.00    1.00    0.00    0.00    0.00    0.00    0.00    0.00   98.00
02:47:39 AM   17    1.00    0.00    1.00    1.00    0.00    0.00    0.00    0.00    0.00   97.00
02:47:39 AM   18    1.00    0.00    1.00    0.00    0.00    0.00    0.00    0.00    0.00   98.00
02:47:39 AM   19    1.01    0.00    0.00    0.00    0.00    0.00    0.00    0.00    0.00   98.99
02:47:39 AM   20    6.00    0.00   48.00    0.00    0.00   46.00    0.00    0.00    0.00    0.00
02:47:39 AM   21    5.00    0.00   44.00    0.00    0.00   43.00    0.00    0.00    0.00    8.00
02:47:39 AM   22    0.00    0.00    0.00    0.00    0.00    0.00    0.00    0.00    0.00  100.00
02:47:39 AM   23    0.00    0.00    1.00    0.00    0.00    0.00    0.00    0.00    0.00   99.00
02:47:39 AM   24    1.00    0.00    1.00    0.00    0.00    0.00    0.00    0.00    0.00   98.00
02:47:39 AM   25    0.99    0.00    0.99    0.00    0.00    0.00    0.00    0.00    0.00   98.02
02:47:39 AM   26    0.00    0.00    0.00    0.00    0.00    0.00    0.00    0.00    0.00  100.00
02:47:39 AM   27    1.00    0.00    0.00    1.00    0.00    0.00    0.00    0.00    0.00   98.00
02:47:39 AM   28    0.00    0.00    0.99    0.00    0.00    0.00    0.00    0.00    0.00   99.01
02:47:39 AM   29    0.00    0.00    0.00    0.00    0.00    0.00    0.00    0.00    0.00  100.00
02:47:39 AM   30    0.00    0.00    1.00    0.00    0.00    0.00    0.00    0.00    0.00   99.00
02:47:39 AM   31    0.00    0.00    0.00    0.00    0.00    0.00    0.00    0.00    0.00  100.00
02:47:39 AM   32    0.00    0.00    0.00    0.00    0.00    0.00    0.00    0.00    0.00  100.00
02:47:39 AM   33    0.00    0.00    0.00    0.00    0.00    0.00    0.00    0.00    0.00  100.00
02:47:39 AM   34    2.02    0.00    0.00    0.00    0.00    0.00    0.00    0.00    0.00   97.98
02:47:39 AM   35    0.00    0.00    0.00    0.00    0.00    0.00    0.00    0.00    0.00  100.00

02:47:39 AM  CPU    %usr   %nice    %sys %iowait    %irq   %soft  %steal  %guest  %gnice   %idle
02:47:40 AM  all    1.23    0.00    3.26    0.00    0.00    3.18    0.00    0.00    0.00   92.34
02:47:40 AM    0    2.73    0.00    0.91    0.00    0.00   10.91    0.00    0.00    0.00   85.45
02:47:40 AM    1    5.94    0.00    0.99    0.00    0.00    1.98    0.00    0.00    0.00   91.09
02:47:40 AM    2    0.96    0.00    0.96    0.00    0.00    3.85    0.00    0.00    0.00   94.23
02:47:40 AM    3    0.00    0.00    1.00    0.00    0.00    0.00    0.00    0.00    0.00   99.00
02:47:40 AM    4    2.00    0.00    2.00    0.00    0.00    0.00    0.00    0.00    0.00   96.00
02:47:40 AM    5    1.01    0.00    0.00    0.00    0.00    0.00    0.00    0.00    0.00   98.99
02:47:40 AM    6    0.99    0.00    0.99    0.00    0.00    0.00    0.00    0.00    0.00   98.02
02:47:40 AM    7    1.01    0.00    0.00    0.00    0.00    0.00    0.00    0.00    0.00   98.99
02:47:40 AM    8    1.02    0.00    0.00    0.00    0.00    0.00    0.00    0.00    0.00   98.98
02:47:40 AM    9    1.01    0.00    1.01    0.00    0.00    0.00    0.00    0.00    0.00   97.98
02:47:40 AM   10    1.01    0.00    1.01    0.00    0.00    0.00    0.00    0.00    0.00   97.98
02:47:40 AM   11    0.00    0.00    1.00    0.00    0.00    0.00    0.00    0.00    0.00   99.00
02:47:40 AM   12    2.04    0.00    6.12    0.00    0.00    0.00    0.00    0.00    0.00   91.84
02:47:40 AM   13    2.00    0.00    0.00    0.00    0.00    0.00    0.00    0.00    0.00   98.00
02:47:40 AM   14    1.02    0.00    0.00    0.00    0.00    0.00    0.00    0.00    0.00   98.98
02:47:40 AM   15    0.00    0.00    1.01    0.00    0.00    0.00    0.00    0.00    0.00   98.99
02:47:40 AM   16    0.99    0.00    0.99    0.00    0.00    0.00    0.00    0.00    0.00   98.02
02:47:40 AM   17    2.02    0.00    0.00    0.00    0.00    0.00    0.00    0.00    0.00   97.98
02:47:40 AM   18    2.00    0.00    1.00    0.00    0.00    0.00    0.00    0.00    0.00   97.00
02:47:40 AM   19    0.99    0.00    1.98    0.00    0.00    0.00    0.00    0.00    0.00   97.03
02:47:40 AM   20    7.07    0.00   48.48    0.00    0.00   44.44    0.00    0.00    0.00    0.00
02:47:40 AM   21    3.03    0.00   35.35    0.00    0.00   52.53    0.00    0.00    0.00    9.09
02:47:40 AM   22    0.00    0.00    2.00    0.00    0.00    0.00    0.00    0.00    0.00   98.00
02:47:40 AM   23    0.00    0.00    1.01    0.00    0.00    0.00    0.00    0.00    0.00   98.99
02:47:40 AM   24    0.00    0.00    1.01    0.00    0.00    0.00    0.00    0.00    0.00   98.99
02:47:40 AM   25    1.01    0.00    1.01    0.00    0.00    0.00    0.00    0.00    0.00   97.98
02:47:40 AM   26    1.00    0.00    0.00    0.00    0.00    0.00    0.00    0.00    0.00   99.00
02:47:40 AM   27    0.00    0.00    2.02    0.00    0.00    0.00    0.00    0.00    0.00   97.98
02:47:40 AM   28    0.00    0.00    1.02    0.00    0.00    0.00    0.00    0.00    0.00   98.98
02:47:40 AM   29    1.01    0.00    0.00    0.00    0.00    0.00    0.00    0.00    0.00   98.99
02:47:40 AM   30    1.01    0.00    1.01    0.00    0.00    0.00    0.00    0.00    0.00   97.98
02:47:40 AM   31    0.00    0.00    0.00    0.00    0.00    0.00    0.00    0.00    0.00  100.00
02:47:40 AM   32    1.00    0.00    3.00    0.00    0.00    0.00    0.00    0.00    0.00   96.00
02:47:40 AM   33    0.00    0.00    1.01    0.00    0.00    0.00    0.00    0.00    0.00   98.99
02:47:40 AM   34    0.00    0.00    0.00    0.00    0.00    0.00    0.00    0.00    0.00  100.00
02:47:40 AM   35    0.00    0.00    0.00    0.00    0.00    0.00    0.00    0.00    0.00  100.00

02:47:40 AM  CPU    %usr   %nice    %sys %iowait    %irq   %soft  %steal  %guest  %gnice   %idle
02:47:41 AM  all    1.81    0.00    2.50    0.08    0.00    3.20    0.00    0.00    0.00   92.41
02:47:41 AM    0    2.63    0.00    0.00    0.00    0.00   14.91    0.00    0.00    0.00   82.46
02:47:41 AM    1    0.99    0.00    0.00    0.00    0.00    1.98    0.00    0.00    0.00   97.03
02:47:41 AM    2    1.01    0.00    0.00    0.00    0.00    0.00    0.00    0.00    0.00   98.99
02:47:41 AM    3    2.04    0.00    0.00    0.00    0.00    0.00    0.00    0.00    0.00   97.96
02:47:41 AM    4    2.02    0.00    0.00    0.00    0.00    0.00    0.00    0.00    0.00   97.98
02:47:41 AM    5    1.98    0.00    0.99    0.00    0.00    0.00    0.00    0.00    0.00   97.03
02:47:41 AM    6    1.00    0.00    1.00    1.00    0.00    0.00    0.00    0.00    0.00   97.00
02:47:41 AM    7    1.01    0.00    0.00    0.00    0.00    0.00    0.00    0.00    0.00   98.99
02:47:41 AM    8    0.00    0.00    1.01    1.01    0.00    0.00    0.00    0.00    0.00   97.98
02:47:41 AM    9    2.00    0.00    0.00    0.00    0.00    0.00    0.00    0.00    0.00   98.00
02:47:41 AM   10    0.00    0.00    0.00    0.00    0.00    0.00    0.00    0.00    0.00  100.00
02:47:41 AM   11    2.00    0.00    1.00    0.00    0.00    0.00    0.00    0.00    0.00   97.00
02:47:41 AM   12    1.01    0.00    0.00    1.01    0.00    0.00    0.00    0.00    0.00   97.98
02:47:41 AM   13    2.97    0.00    0.00    0.00    0.00    0.00    0.00    0.00    0.00   97.03
02:47:41 AM   14    2.00    0.00    0.00    0.00    0.00    0.00    0.00    0.00    0.00   98.00
02:47:41 AM   15    1.01    0.00    0.00    0.00    0.00    0.00    0.00    0.00    0.00   98.99
02:47:41 AM   16    1.01    0.00    0.00    0.00    0.00    0.00    0.00    0.00    0.00   98.99
02:47:41 AM   17    1.00    0.00    1.00    0.00    0.00    0.00    0.00    0.00    0.00   98.00
02:47:41 AM   18    1.02    0.00    0.00    0.00    0.00    0.00    0.00    0.00    0.00   98.98
02:47:41 AM   19    1.01    0.00    0.00    0.00    0.00    0.00    0.00    0.00    0.00   98.99
02:47:41 AM   20    6.00    0.00   44.00    0.00    0.00   50.00    0.00    0.00    0.00    0.00
02:47:41 AM   21    4.21    0.00   38.95    0.00    0.00   48.42    0.00    0.00    0.00    8.42
02:47:41 AM   22    2.97    0.00    0.00    0.00    0.00    0.00    0.00    0.00    0.00   97.03
02:47:41 AM   23    1.01    0.00    0.00    0.00    0.00    0.00    0.00    0.00    0.00   98.99
02:47:41 AM   24    3.00    0.00    1.00    0.00    0.00    0.00    0.00    0.00    0.00   96.00
02:47:41 AM   25    1.01    0.00    0.00    0.00    0.00    0.00    0.00    0.00    0.00   98.99
02:47:41 AM   26    1.01    0.00    0.00    0.00    0.00    0.00    0.00    0.00    0.00   98.99
02:47:41 AM   27    1.00    0.00    0.00    0.00    0.00    0.00    0.00    0.00    0.00   99.00
02:47:41 AM   28    1.00    0.00    0.00    0.00    0.00    0.00    0.00    0.00    0.00   99.00
02:47:41 AM   29    2.00    0.00    0.00    0.00    0.00    0.00    0.00    0.00    0.00   98.00
02:47:41 AM   30    3.00    0.00    1.00    0.00    0.00    0.00    0.00    0.00    0.00   96.00
02:47:41 AM   31    2.00    0.00    0.00    0.00    0.00    0.00    0.00    0.00    0.00   98.00
02:47:41 AM   32    0.00    0.00    1.01    0.00    0.00    0.00    0.00    0.00    0.00   98.99
02:47:41 AM   33    3.96    0.00    0.00    0.00    0.00    0.00    0.00    0.00    0.00   96.04
02:47:41 AM   34    2.00    0.00    1.00    0.00    0.00    0.00    0.00    0.00    0.00   97.00
02:47:41 AM   35    3.00    0.00    0.00    0.00    0.00    0.00    0.00    0.00    0.00   97.00

02:47:41 AM  CPU    %usr   %nice    %sys %iowait    %irq   %soft  %steal  %guest  %gnice   %idle
02:47:42 AM  all    0.81    0.00    2.95    0.03    0.00    2.95    0.00    0.00    0.00   93.26
02:47:42 AM    0    0.90    0.00    0.00    0.00    0.00   12.61    0.00    0.00    0.00   86.49
02:47:42 AM    1    1.00    0.00    0.00    0.00    0.00    1.00    0.00    0.00    0.00   98.00
02:47:42 AM    2    0.00    0.00    0.00    0.00    0.00    1.00    0.00    0.00    0.00   99.00
02:47:42 AM    3    0.00    0.00    1.01    0.00    0.00    0.00    0.00    0.00    0.00   98.99
02:47:42 AM    4    0.00    0.00    0.00    0.00    0.00    0.00    0.00    0.00    0.00  100.00
02:47:42 AM    5    1.01    0.00    0.00    0.00    0.00    0.00    0.00    0.00    0.00   98.99
02:47:42 AM    6    0.00    0.00    1.00    0.00    0.00    0.00    0.00    0.00    0.00   99.00
02:47:42 AM    7    0.00    0.00    1.00    0.00    0.00    0.00    0.00    0.00    0.00   99.00
02:47:42 AM    8    1.00    0.00    0.00    0.00    0.00    0.00    0.00    0.00    0.00   99.00
02:47:42 AM    9    0.99    0.00    0.00    0.00    0.00    0.99    0.00    0.00    0.00   98.02
02:47:42 AM   10    1.00    0.00    0.00    0.00    0.00    0.00    0.00    0.00    0.00   99.00
02:47:42 AM   11    1.01    0.00    0.00    0.00    0.00    0.00    0.00    0.00    0.00   98.99
02:47:42 AM   12    2.00    0.00    7.00    0.00    0.00    0.00    0.00    0.00    0.00   91.00
02:47:42 AM   13    0.00    0.00    1.00    0.00    0.00    0.00    0.00    0.00    0.00   99.00
02:47:42 AM   14    0.00    0.00    1.00    0.00    0.00    0.00    0.00    0.00    0.00   99.00
02:47:42 AM   15    1.98    0.00    0.00    0.00    0.00    0.00    0.00    0.00    0.00   98.02
02:47:42 AM   16    0.00    0.00    0.00    0.00    0.00    0.00    0.00    0.00    0.00  100.00
02:47:42 AM   17    1.00    0.00    0.00    0.00    0.00    0.00    0.00    0.00    0.00   99.00
02:47:42 AM   18    1.00    0.00    0.00    0.00    0.00    0.00    0.00    0.00    0.00   99.00
02:47:42 AM   19    0.00    0.00    1.00    0.00    0.00    0.00    0.00    0.00    0.00   99.00
02:47:42 AM   20    4.04    0.00   48.48    0.00    0.00   47.47    0.00    0.00    0.00    0.00
02:47:42 AM   21    4.26    0.00   42.55    0.00    0.00   44.68    0.00    0.00    0.00    8.51
02:47:42 AM   22    1.00    0.00    2.00    0.00    0.00    0.00    0.00    0.00    0.00   97.00
02:47:42 AM   23    0.00    0.00    1.01    0.00    0.00    0.00    0.00    0.00    0.00   98.99
02:47:42 AM   24    0.00    0.00    0.00    1.01    0.00    0.00    0.00    0.00    0.00   98.99
02:47:42 AM   25    1.00    0.00    1.00    0.00    0.00    0.00    0.00    0.00    0.00   98.00
02:47:42 AM   26    0.00    0.00    0.00    0.00    0.00    0.00    0.00    0.00    0.00  100.00
02:47:42 AM   27    1.01    0.00    0.00    0.00    0.00    0.00    0.00    0.00    0.00   98.99
02:47:42 AM   28    0.00    0.00    0.00    0.00    0.00    0.00    0.00    0.00    0.00  100.00
02:47:42 AM   29    1.00    0.00    0.00    0.00    0.00    0.00    0.00    0.00    0.00   99.00
02:47:42 AM   30    0.00    0.00    0.00    0.00    0.00    0.00    0.00    0.00    0.00  100.00
02:47:42 AM   31    1.01    0.00    0.00    0.00    0.00    0.00    0.00    0.00    0.00   98.99
02:47:42 AM   32    1.00    0.00    0.00    0.00    0.00    0.00    0.00    0.00    0.00   99.00
02:47:42 AM   33    2.00    0.00    0.00    0.00    0.00    0.00    0.00    0.00    0.00   98.00
02:47:42 AM   34    0.00    0.00    0.00    0.00    0.00    0.00    0.00    0.00    0.00  100.00
02:47:42 AM   35    0.00    0.00    1.00    0.00    0.00    0.00    0.00    0.00    0.00   99.00

02:47:42 AM  CPU    %usr   %nice    %sys %iowait    %irq   %soft  %steal  %guest  %gnice   %idle
02:47:43 AM  all    1.17    0.00    3.01    0.08    0.00    3.20    0.00    0.00    0.00   92.54
02:47:43 AM    0    0.00    0.00    0.83    0.00    0.00   19.17    0.00    0.00    0.00   80.00
02:47:43 AM    1    1.01    0.00    0.00    0.00    0.00    0.00    0.00    0.00    0.00   98.99
02:47:43 AM    2    2.00    0.00    1.00    0.00    0.00    0.00    0.00    0.00    0.00   97.00
02:47:43 AM    3    1.98    0.00    0.00    0.00    0.00    0.99    0.00    0.00    0.00   97.03
02:47:43 AM    4    3.03    0.00    1.01    0.00    0.00    0.00    0.00    0.00    0.00   95.96
02:47:43 AM    5    2.00    0.00    1.00    0.00    0.00    0.00    0.00    0.00    0.00   97.00
02:47:43 AM    6    1.01    0.00    0.00    1.01    0.00    0.00    0.00    0.00    0.00   97.98
02:47:43 AM    7    2.02    0.00    0.00    0.00    0.00    0.00    0.00    0.00    0.00   97.98
02:47:43 AM    8    3.00    0.00    1.00    0.00    0.00    0.00    0.00    0.00    0.00   96.00
02:47:43 AM    9    1.03    0.00    0.00    0.00    0.00    1.03    0.00    0.00    0.00   97.94
02:47:43 AM   10    1.00    0.00    1.00    0.00    0.00    0.00    0.00    0.00    0.00   98.00
02:47:43 AM   11    2.97    0.00    0.00    0.99    0.00    0.00    0.00    0.00    0.00   96.04
02:47:43 AM   12    2.02    0.00    7.07    0.00    0.00    0.00    0.00    0.00    0.00   90.91
02:47:43 AM   13    1.98    0.00    0.99    0.00    0.00    0.00    0.00    0.00    0.00   97.03
02:47:43 AM   14    1.00    0.00    0.00    0.00    0.00    0.00    0.00    0.00    0.00   99.00
02:47:43 AM   15    1.02    0.00    0.00    0.00    0.00    0.00    0.00    0.00    0.00   98.98
02:47:43 AM   16    2.00    0.00    0.00    0.00    0.00    0.00    0.00    0.00    0.00   98.00
02:47:43 AM   17    1.01    0.00    0.00    0.00    0.00    0.00    0.00    0.00    0.00   98.99
02:47:43 AM   18    0.00    0.00    0.00    0.00    0.00    0.00    0.00    0.00    0.00  100.00
02:47:43 AM   19    0.00    0.00    1.01    0.00    0.00    0.00    0.00    0.00    0.00   98.99
02:47:43 AM   20    3.96    0.00   52.48    0.00    0.00   43.56    0.00    0.00    0.00    0.00
02:47:43 AM   21    3.19    0.00   40.43    0.00    0.00   47.87    0.00    0.00    0.00    8.51
02:47:43 AM   22    1.01    0.00    0.00    0.00    0.00    0.00    0.00    0.00    0.00   98.99
02:47:43 AM   23    1.01    0.00    0.00    0.00    0.00    0.00    0.00    0.00    0.00   98.99
02:47:43 AM   24    0.00    0.00    0.00    0.00    0.00    0.00    0.00    0.00    0.00  100.00
02:47:43 AM   25    0.00    0.00    0.00    1.01    0.00    0.00    0.00    0.00    0.00   98.99
02:47:43 AM   26    0.00    0.00    0.00    0.00    0.00    0.00    0.00    0.00    0.00  100.00
02:47:43 AM   27    1.01    0.00    0.00    0.00    0.00    0.00    0.00    0.00    0.00   98.99
02:47:43 AM   28    1.01    0.00    0.00    0.00    0.00    0.00    0.00    0.00    0.00   98.99
02:47:43 AM   29    0.00    0.00    0.00    0.00    0.00    0.00    0.00    0.00    0.00  100.00
02:47:43 AM   30    0.00    0.00    0.00    0.00    0.00    1.00    0.00    0.00    0.00   99.00
02:47:43 AM   31    0.99    0.00    0.99    0.00    0.00    0.00    0.00    0.00    0.00   98.02
02:47:43 AM   32    0.00    0.00    1.01    0.00    0.00    0.00    0.00    0.00    0.00   98.99
02:47:43 AM   33    0.00    0.00    0.00    0.00    0.00    0.00    0.00    0.00    0.00  100.00
02:47:43 AM   34    0.00    0.00    0.00    0.00    0.00    0.00    0.00    0.00    0.00  100.00
02:47:43 AM   35    0.00    0.00    0.00    0.00    0.00    0.00    0.00    0.00    0.00  100.00

02:47:43 AM  CPU    %usr   %nice    %sys %iowait    %irq   %soft  %steal  %guest  %gnice   %idle
02:47:44 AM  all    1.00    0.00    3.13    0.03    0.00    2.93    0.00    0.00    0.00   92.91
02:47:44 AM    0    0.88    0.00    0.00    0.00    0.00   15.93    0.00    0.00    0.00   83.19
02:47:44 AM    1    0.00    0.00    0.00    0.00    0.00    3.00    0.00    0.00    0.00   97.00
02:47:44 AM    2    1.01    0.00    0.00    0.00    0.00    0.00    0.00    0.00    0.00   98.99
02:47:44 AM    3    0.00    0.00    2.02    0.00    0.00    0.00    0.00    0.00    0.00   97.98
02:47:44 AM    4    1.01    0.00    1.01    0.00    0.00    0.00    0.00    0.00    0.00   97.98
02:47:44 AM    5    1.00    0.00    1.00    0.00    0.00    0.00    0.00    0.00    0.00   98.00
02:47:44 AM    6    1.01    0.00    0.00    0.00    0.00    0.00    0.00    0.00    0.00   98.99
02:47:44 AM    7    0.00    0.00    1.00    0.00    0.00    0.00    0.00    0.00    0.00   99.00
02:47:44 AM    8    2.00    0.00    0.00    0.00    0.00    0.00    0.00    0.00    0.00   98.00
02:47:44 AM    9    1.00    0.00    1.00    0.00    0.00    0.00    0.00    0.00    0.00   98.00
02:47:44 AM   10    0.00    0.00    0.00    0.00    0.00    0.00    0.00    0.00    0.00  100.00
02:47:44 AM   11    1.98    0.00    0.99    0.00    0.00    0.99    0.00    0.00    0.00   96.04
02:47:44 AM   12    1.00    0.00    0.00    0.00    0.00    0.00    0.00    0.00    0.00   99.00
02:47:44 AM   13    0.00    0.00    0.00    0.00    0.00    0.00    0.00    0.00    0.00  100.00
02:47:44 AM   14    1.01    0.00    0.00    0.00    0.00    0.00    0.00    0.00    0.00   98.99
02:47:44 AM   15    9.09    0.00    0.00    0.00    0.00    0.00    0.00    0.00    0.00   90.91
02:47:44 AM   16    1.01    0.00    0.00    0.00    0.00    0.00    0.00    0.00    0.00   98.99
02:47:44 AM   17    1.01    0.00    1.01    0.00    0.00    0.00    0.00    0.00    0.00   97.98
02:47:44 AM   18    1.00    0.00    1.00    0.00    0.00    0.00    0.00    0.00    0.00   98.00
02:47:44 AM   19    0.00    0.00    0.00    0.00    0.00    0.00    0.00    0.00    0.00  100.00
02:47:44 AM   20    4.00    0.00   56.00    0.00    0.00   40.00    0.00    0.00    0.00    0.00
02:47:44 AM   21    5.10    0.00   43.88    0.00    0.00   43.88    0.00    0.00    0.00    7.14
02:47:44 AM   22    0.00    0.00    1.01    0.00    0.00    0.00    0.00    0.00    0.00   98.99
02:47:44 AM   23    1.01    0.00    0.00    0.00    0.00    0.00    0.00    0.00    0.00   98.99
02:47:44 AM   24    0.00    0.00    1.01    0.00    0.00    0.00    0.00    0.00    0.00   98.99
02:47:44 AM   25    0.00    0.00    0.00    0.00    0.00    0.00    0.00    0.00    0.00  100.00
02:47:44 AM   26    1.01    0.00    1.01    0.00    0.00    0.00    0.00    0.00    0.00   97.98
02:47:44 AM   27    0.00    0.00    0.00    0.00    0.00    0.00    0.00    0.00    0.00  100.00
02:47:44 AM   28    0.00    0.00    0.00    0.00    0.00    0.00    0.00    0.00    0.00  100.00
02:47:44 AM   29    0.00    0.00    0.00    0.00    0.00    0.00    0.00    0.00    0.00  100.00
02:47:44 AM   30    0.00    0.00    0.00    0.00    0.00    0.00    0.00    0.00    0.00  100.00
02:47:44 AM   31    0.00    0.00    0.00    0.00    0.00    0.00    0.00    0.00    0.00  100.00
02:47:44 AM   32    0.00    0.00    0.00    0.00    0.00    0.00    0.00    0.00    0.00  100.00
02:47:44 AM   33    1.00    0.00    0.00    0.00    0.00    0.00    0.00    0.00    0.00   99.00
02:47:44 AM   34    0.00    0.00    0.00    0.00    0.00    0.00    0.00    0.00    0.00  100.00
02:47:44 AM   35    0.00    0.00    0.99    0.99    0.00    0.00    0.00    0.00    0.00   98.02

02:47:44 AM  CPU    %usr   %nice    %sys %iowait    %irq   %soft  %steal  %guest  %gnice   %idle
02:47:45 AM  all    1.00    0.03    3.29    0.00    0.00    2.78    0.00    0.00    0.00   92.90
02:47:45 AM    0    1.79    0.00    0.89    0.00    0.00   12.50    0.00    0.00    0.00   84.82
02:47:45 AM    1    1.01    0.00    0.00    0.00    0.00    0.00    0.00    0.00    0.00   98.99
02:47:45 AM    2    1.00    0.00    1.00    0.00    0.00    0.00    0.00    0.00    0.00   98.00
02:47:45 AM    3    0.00    0.00    1.01    0.00    0.00    0.00    0.00    0.00    0.00   98.99
02:47:45 AM    4    2.00    0.00    1.00    0.00    0.00    0.00    0.00    0.00    0.00   97.00
02:47:45 AM    5    0.99    0.00    0.99    0.00    0.00    1.98    0.00    0.00    0.00   96.04
02:47:45 AM    6    0.00    0.00    0.00    0.00    0.00    0.00    0.00    0.00    0.00  100.00
02:47:45 AM    7    2.00    0.00    0.00    0.00    0.00    0.00    0.00    0.00    0.00   98.00
02:47:45 AM    8    0.00    0.00    0.00    0.00    0.00    0.00    0.00    0.00    0.00  100.00
02:47:45 AM    9    0.00    0.00    0.00    0.00    0.00    0.00    0.00    0.00    0.00  100.00
02:47:45 AM   10    1.00    0.00    1.00    0.00    0.00    0.00    0.00    0.00    0.00   98.00
02:47:45 AM   11    0.00    0.00    0.00    0.00    0.00    0.00    0.00    0.00    0.00  100.00
02:47:45 AM   12    3.03    0.00    4.04    0.00    0.00    0.00    0.00    0.00    0.00   92.93
02:47:45 AM   13    4.04    0.00    3.03    0.00    0.00    0.00    0.00    0.00    0.00   92.93
02:47:45 AM   14    0.00    0.00    0.00    0.00    0.00    0.00    0.00    0.00    0.00  100.00
02:47:45 AM   15    0.99    0.00    0.99    0.00    0.00    0.00    0.00    0.00    0.00   98.02
02:47:45 AM   16    0.00    0.00    0.00    0.00    0.00    0.00    0.00    0.00    0.00  100.00
02:47:45 AM   17    1.00    1.00    0.00    0.00    0.00    0.00    0.00    0.00    0.00   98.00
02:47:45 AM   18    0.00    0.00    0.00    0.00    0.00    0.00    0.00    0.00    0.00  100.00
02:47:45 AM   19    0.00    0.00    0.00    0.00    0.00    0.00    0.00    0.00    0.00  100.00
02:47:45 AM   20    5.00    0.00   53.00    0.00    0.00   42.00    0.00    0.00    0.00    0.00
02:47:45 AM   21    5.10    0.00   45.92    0.00    0.00   42.86    0.00    0.00    0.00    6.12
02:47:45 AM   22    0.00    0.00    1.01    0.00    0.00    0.00    0.00    0.00    0.00   98.99
02:47:45 AM   23    0.99    0.00    1.98    0.00    0.00    0.00    0.00    0.00    0.00   97.03
02:47:45 AM   24    1.00    0.00    1.00    0.00    0.00    0.00    0.00    0.00    0.00   98.00
02:47:45 AM   25    0.00    0.00    1.00    0.00    0.00    0.00    0.00    0.00    0.00   99.00
02:47:45 AM   26    0.00    0.00    0.00    0.00    0.00    0.00    0.00    0.00    0.00  100.00
02:47:45 AM   27    0.00    0.00    0.00    0.00    0.00    0.00    0.00    0.00    0.00  100.00
02:47:45 AM   28    0.00    0.00    0.00    0.00    0.00    0.00    0.00    0.00    0.00  100.00
02:47:45 AM   29    0.99    0.00    0.00    0.00    0.00    0.00    0.00    0.00    0.00   99.01
02:47:45 AM   30    1.01    0.00    0.00    0.00    0.00    0.00    0.00    0.00    0.00   98.99
02:47:45 AM   31    1.00    0.00    0.00    0.00    0.00    0.00    0.00    0.00    0.00   99.00
02:47:45 AM   32    0.00    0.00    1.00    0.00    0.00    0.00    0.00    0.00    0.00   99.00
02:47:45 AM   33    1.00    0.00    0.00    0.00    0.00    0.00    0.00    0.00    0.00   99.00
02:47:45 AM   34    1.00    0.00    0.00    0.00    0.00    0.00    0.00    0.00    0.00   99.00
02:47:45 AM   35    0.00    0.00    0.00    0.00    0.00    0.00    0.00    0.00    0.00  100.00

02:47:45 AM  CPU    %usr   %nice    %sys %iowait    %irq   %soft  %steal  %guest  %gnice   %idle
02:47:46 AM  all    1.28    0.03    3.12    0.11    0.00    2.70    0.00    0.00    0.00   92.75
02:47:46 AM    0    0.93    0.00    0.93    0.00    0.00    9.26    0.00    0.00    0.00   88.89
02:47:46 AM    1    1.01    0.00    1.01    0.00    0.00    1.01    0.00    0.00    0.00   96.97
02:47:46 AM    2    0.00    0.00    1.02    0.00    0.00    0.00    0.00    0.00    0.00   98.98
02:47:46 AM    3    1.02    0.00    0.00    0.00    0.00    0.00    0.00    0.00    0.00   98.98
02:47:46 AM    4    0.00    0.00    1.01    0.00    0.00    0.00    0.00    0.00    0.00   98.99
02:47:46 AM    5    1.01    0.00    1.01    0.00    0.00    0.00    0.00    0.00    0.00   97.98
02:47:46 AM    6    1.00    0.00    1.00    0.00    0.00    0.00    0.00    0.00    0.00   98.00
02:47:46 AM    7    1.00    0.00    2.00    1.00    0.00    0.00    0.00    0.00    0.00   96.00
02:47:46 AM    8    1.02    0.00    0.00    1.02    0.00    0.00    0.00    0.00    0.00   97.96
02:47:46 AM    9    1.00    0.00    1.00    0.00    0.00    1.00    0.00    0.00    0.00   97.00
02:47:46 AM   10    2.02    0.00    0.00    0.00    0.00    0.00    0.00    0.00    0.00   97.98
02:47:46 AM   11    1.98    0.00    0.99    0.00    0.00    0.00    0.00    0.00    0.00   97.03
02:47:46 AM   12    2.00    0.00    0.00    0.00    0.00    0.00    0.00    0.00    0.00   98.00
02:47:46 AM   13    1.00    0.00    0.00    1.00    0.00    0.00    0.00    0.00    0.00   98.00
02:47:46 AM   14    0.99    0.99    0.00    0.00    0.00    0.00    0.00    0.00    0.00   98.02
02:47:46 AM   15    0.00    0.00    1.01    0.00    0.00    0.00    0.00    0.00    0.00   98.99
02:47:46 AM   16    1.98    0.00    0.00    0.00    0.00    0.00    0.00    0.00    0.00   98.02
02:47:46 AM   17    0.00    0.00    0.00    0.00    0.00    0.00    0.00    0.00    0.00  100.00
02:47:46 AM   18    0.00    0.00    1.01    0.00    0.00    0.00    0.00    0.00    0.00   98.99
02:47:46 AM   19    1.98    0.00    0.00    0.00    0.00    0.00    0.00    0.00    0.00   98.02
02:47:46 AM   20    9.00    0.00   50.00    0.00    0.00   41.00    0.00    0.00    0.00    0.00
02:47:46 AM   21    4.12    0.00   44.33    0.00    0.00   45.36    0.00    0.00    0.00    6.19
02:47:46 AM   22    0.00    0.00    0.00    0.00    0.00    0.00    0.00    0.00    0.00  100.00
02:47:46 AM   23    0.00    0.00    0.00    0.00    0.00    0.00    0.00    0.00    0.00  100.00
02:47:46 AM   24    1.00    0.00    1.00    0.00    0.00    0.00    0.00    0.00    0.00   98.00
02:47:46 AM   25    0.00    0.00    0.99    0.00    0.00    0.00    0.00    0.00    0.00   99.01
02:47:46 AM   26    0.00    0.00    0.00    0.00    0.00    0.00    0.00    0.00    0.00  100.00
02:47:46 AM   27    2.00    0.00    0.00    0.00    0.00    0.00    0.00    0.00    0.00   98.00
02:47:46 AM   28    0.00    0.00    0.00    0.00    0.00    0.00    0.00    0.00    0.00  100.00
02:47:46 AM   29    2.00    0.00    1.00    0.00    0.00    0.00    0.00    0.00    0.00   97.00
02:47:46 AM   30    2.00    0.00    1.00    0.00    0.00    0.00    0.00    0.00    0.00   97.00
02:47:46 AM   31    2.02    0.00    1.01    1.01    0.00    0.00    0.00    0.00    0.00   95.96
02:47:46 AM   32    0.00    0.00    0.00    0.00    0.00    0.00    0.00    0.00    0.00  100.00
02:47:46 AM   33    2.02    0.00    1.01    0.00    0.00    0.00    0.00    0.00    0.00   96.97
02:47:46 AM   34    1.00    0.00    1.00    0.00    0.00    0.00    0.00    0.00    0.00   98.00
02:47:46 AM   35    1.01    0.00    0.00    0.00    0.00    0.00    0.00    0.00    0.00   98.99

Average:     CPU    %usr   %nice    %sys %iowait    %irq   %soft  %steal  %guest  %gnice   %idle
Average:     all    1.27    0.01    2.98    0.05    0.00    2.90    0.00    0.00    0.00   92.80
Average:       0    1.88    0.00    0.36    0.00    0.00   13.32    0.00    0.00    0.00   84.45
Average:       1    1.40    0.10    0.30    0.00    0.00    1.30    0.00    0.00    0.00   96.90
Average:       2    1.10    0.00    0.50    0.00    0.00    0.50    0.00    0.00    0.00   97.90
Average:       3    0.81    0.00    0.60    0.00    0.00    0.10    0.00    0.00    0.00   98.49
Average:       4    1.21    0.00    0.71    0.00    0.00    0.00    0.00    0.00    0.00   98.08
Average:       5    1.31    0.00    0.60    0.00    0.00    0.20    0.00    0.00    0.00   97.89
Average:       6    0.70    0.00    0.50    0.30    0.00    0.00    0.00    0.00    0.00   98.49
Average:       7    2.31    0.00    0.40    0.20    0.00    0.00    0.00    0.00    0.00   97.08
Average:       8    1.11    0.00    0.30    0.20    0.00    0.00    0.00    0.00    0.00   98.39
Average:       9    1.01    0.00    0.30    0.00    0.00    0.30    0.00    0.00    0.00   98.39
Average:      10    1.51    0.00    0.30    0.00    0.00    0.00    0.00    0.00    0.00   98.19
Average:      11    1.60    0.00    0.50    0.10    0.00    0.10    0.00    0.00    0.00   97.70
Average:      12    1.91    0.00    3.92    0.10    0.00    0.00    0.00    0.00    0.00   94.06
Average:      13    1.61    0.00    0.50    0.10    0.00    0.00    0.00    0.00    0.00   97.79
Average:      14    1.20    0.10    0.30    0.00    0.00    0.00    0.00    0.00    0.00   98.39
Average:      15    1.91    0.00    0.30    0.10    0.00    0.00    0.00    0.00    0.00   97.68
Average:      16    1.30    0.00    0.20    0.00    0.00    0.00    0.00    0.00    0.00   98.50
Average:      17    1.11    0.10    0.40    0.10    0.00    0.00    0.00    0.00    0.00   98.29
Average:      18    0.70    0.00    0.50    0.00    0.00    0.00    0.00    0.00    0.00   98.79
Average:      19    0.70    0.00    0.40    0.00    0.00    0.00    0.00    0.00    0.00   98.89
Average:      20    5.70    0.00   49.60    0.00    0.00   43.20    0.00    0.00    0.00    1.50
Average:      21    3.95    0.00   41.42    0.00    0.00   45.16    0.00    0.00    0.00    9.47
Average:      22    0.70    0.00    0.70    0.10    0.00    0.00    0.00    0.00    0.00   98.49
Average:      23    0.60    0.00    0.60    0.00    0.00    0.00    0.00    0.00    0.00   98.79
Average:      24    0.80    0.00    0.70    0.10    0.00    0.00    0.00    0.00    0.00   98.39
Average:      25    0.50    0.00    0.50    0.10    0.00    0.00    0.00    0.00    0.00   98.89
Average:      26    0.40    0.00    0.10    0.00    0.00    0.00    0.00    0.00    0.00   99.50
Average:      27    0.71    0.00    0.20    0.10    0.00    0.00    0.00    0.00    0.00   98.99
Average:      28    0.30    0.00    0.30    0.00    0.00    0.00    0.00    0.00    0.00   99.39
Average:      29    0.90    0.00    0.20    0.00    0.00    0.00    0.00    0.00    0.00   98.89
Average:      30    0.90    0.00    0.60    0.00    0.00    0.10    0.00    0.00    0.00   98.39
Average:      31    0.91    0.00    0.20    0.10    0.00    0.00    0.00    0.00    0.00   98.79
Average:      32    0.40    0.00    0.61    0.00    0.00    0.00    0.00    0.00    0.00   98.99
Average:      33    1.11    0.00    0.20    0.00    0.00    0.00    0.00    0.00    0.00   98.69
Average:      34    0.61    0.00    0.30    0.00    0.00    0.00    0.00    0.00    0.00   99.09
Average:      35    0.60    0.00    0.30    0.10    0.00    0.00    0.00    0.00    0.00   98.99
