Linux 5.15.0-186-generic (rapids4) 	07/28/2026 	_x86_64_	(36 CPU)

03:10:57 AM  CPU    %usr   %nice    %sys %iowait    %irq   %soft  %steal  %guest  %gnice   %idle
03:10:58 AM  all    0.61    0.00    0.50    0.00    0.00    0.00    0.00    0.00    0.00   98.89
03:10:58 AM    0    1.96    0.00    0.98    0.00    0.00    0.00    0.00    0.00    0.00   97.06
03:10:58 AM    1    0.00    0.00    0.00    0.00    0.00    0.00    0.00    0.00    0.00  100.00
03:10:58 AM    2    0.00    0.00    1.00    0.00    0.00    0.00    0.00    0.00    0.00   99.00
03:10:58 AM    3    0.00    0.00    1.00    0.00    0.00    0.00    0.00    0.00    0.00   99.00
03:10:58 AM    4    3.00    0.00    1.00    0.00    0.00    0.00    0.00    0.00    0.00   96.00
03:10:58 AM    5    0.99    0.00    0.99    0.00    0.00    0.00    0.00    0.00    0.00   98.02
03:10:58 AM    6    1.00    0.00    0.00    0.00    0.00    0.00    0.00    0.00    0.00   99.00
03:10:58 AM    7    0.00    0.00    0.00    0.00    0.00    0.00    0.00    0.00    0.00  100.00
03:10:58 AM    8    0.00    0.00    1.00    0.00    0.00    0.00    0.00    0.00    0.00   99.00
03:10:58 AM    9    0.00    0.00    1.00    0.00    0.00    0.00    0.00    0.00    0.00   99.00
03:10:58 AM   10    1.00    0.00    0.00    0.00    0.00    0.00    0.00    0.00    0.00   99.00
03:10:58 AM   11    1.00    0.00    0.00    0.00    0.00    0.00    0.00    0.00    0.00   99.00
03:10:58 AM   12    0.00    0.00    0.00    0.00    0.00    0.00    0.00    0.00    0.00  100.00
03:10:58 AM   13    0.00    0.00    0.00    0.00    0.00    0.00    0.00    0.00    0.00  100.00
03:10:58 AM   14    1.00    0.00    0.00    0.00    0.00    0.00    0.00    0.00    0.00   99.00
03:10:58 AM   15    0.00    0.00    0.00    0.00    0.00    0.00    0.00    0.00    0.00  100.00
03:10:58 AM   16    1.00    0.00    0.00    0.00    0.00    0.00    0.00    0.00    0.00   99.00
03:10:58 AM   17    0.00    0.00    0.00    0.00    0.00    0.00    0.00    0.00    0.00  100.00
03:10:58 AM   18    0.00    0.00    0.00    0.00    0.00    0.00    0.00    0.00    0.00  100.00
03:10:58 AM   19    0.00    0.00    0.00    0.00    0.00    0.00    0.00    0.00    0.00  100.00
03:10:58 AM   20    0.00    0.00    0.00    0.00    0.00    0.00    0.00    0.00    0.00  100.00
03:10:58 AM   21    0.00    0.00    1.00    0.00    0.00    0.00    0.00    0.00    0.00   99.00
03:10:58 AM   22    0.00    0.00    1.00    0.00    0.00    0.00    0.00    0.00    0.00   99.00
03:10:58 AM   23    1.01    0.00    1.01    0.00    0.00    0.00    0.00    0.00    0.00   97.98
03:10:58 AM   24    1.96    0.00    0.98    0.00    0.00    0.00    0.00    0.00    0.00   97.06
03:10:58 AM   25    0.99    0.00    0.99    0.00    0.00    0.00    0.00    0.00    0.00   98.02
03:10:58 AM   26    0.00    0.00    1.01    0.00    0.00    0.00    0.00    0.00    0.00   98.99
03:10:58 AM   27    0.99    0.00    0.99    0.00    0.00    0.00    0.00    0.00    0.00   98.02
03:10:58 AM   28    1.00    0.00    1.00    0.00    0.00    0.00    0.00    0.00    0.00   98.00
03:10:58 AM   29    0.00    0.00    0.00    0.00    0.00    0.00    0.00    0.00    0.00  100.00
03:10:58 AM   30    0.99    0.00    0.99    0.00    0.00    0.00    0.00    0.00    0.00   98.02
03:10:58 AM   31    0.00    0.00    0.00    0.00    0.00    0.00    0.00    0.00    0.00  100.00
03:10:58 AM   32    2.00    0.00    0.00    0.00    0.00    0.00    0.00    0.00    0.00   98.00
03:10:58 AM   33    0.00    0.00    0.00    0.00    0.00    0.00    0.00    0.00    0.00  100.00
03:10:58 AM   34    1.01    0.00    0.00    0.00    0.00    0.00    0.00    0.00    0.00   98.99
03:10:58 AM   35    0.99    0.00    1.98    0.00    0.00    0.00    0.00    0.00    0.00   97.03

03:10:58 AM  CPU    %usr   %nice    %sys %iowait    %irq   %soft  %steal  %guest  %gnice   %idle
03:10:59 AM  all    1.85    0.08    2.99    0.08    0.00    0.03    0.00    0.00    0.00   94.96
03:10:59 AM    0    1.04    0.00    0.00    0.00    0.00    0.00    0.00    0.00    0.00   98.96
03:10:59 AM    1    2.00    0.00    1.00    0.00    0.00    0.00    0.00    0.00    0.00   97.00
03:10:59 AM    2    2.02    0.00    0.00    0.00    0.00    0.00    0.00    0.00    0.00   97.98
03:10:59 AM    3    1.98    0.99    0.99    0.99    0.00    0.00    0.00    0.00    0.00   95.05
03:10:59 AM    4    0.00    0.00    1.02    0.00    0.00    0.00    0.00    0.00    0.00   98.98
03:10:59 AM    5    3.00    1.00    7.00    0.00    0.00    0.00    0.00    0.00    0.00   89.00
03:10:59 AM    6    0.00    0.00    0.00    0.00    0.00    0.00    0.00    0.00    0.00  100.00
03:10:59 AM    7    1.00    0.00    0.00    0.00    0.00    0.00    0.00    0.00    0.00   99.00
03:10:59 AM    8    2.00    0.00    0.00    0.00    0.00    0.00    0.00    0.00    0.00   98.00
03:10:59 AM    9    1.01    0.00    0.00    0.00    0.00    0.00    0.00    0.00    0.00   98.99
03:10:59 AM   10    1.01    0.00    2.02    0.00    0.00    0.00    0.00    0.00    0.00   96.97
03:10:59 AM   11    0.00    0.00    1.02    0.00    0.00    0.00    0.00    0.00    0.00   98.98
03:10:59 AM   12    1.00    1.00    0.00    0.00    0.00    1.00    0.00    0.00    0.00   97.00
03:10:59 AM   13    1.00    0.00    0.00    0.00    0.00    0.00    0.00    0.00    0.00   99.00
03:10:59 AM   14    0.00    0.00    0.00    1.02    0.00    0.00    0.00    0.00    0.00   98.98
03:10:59 AM   15    0.00    0.00    2.00    0.00    0.00    0.00    0.00    0.00    0.00   98.00
03:10:59 AM   16    1.02    0.00    0.00    0.00    0.00    0.00    0.00    0.00    0.00   98.98
03:10:59 AM   17    0.00    0.00    1.00    0.00    0.00    0.00    0.00    0.00    0.00   99.00
03:10:59 AM   18   23.71    0.00   38.14    0.00    0.00    0.00    0.00    0.00    0.00   38.14
03:10:59 AM   19   17.65    0.00   46.08    0.00    0.00    0.00    0.00    0.00    0.00   36.27
03:10:59 AM   20    0.00    0.00    1.00    0.00    0.00    0.00    0.00    0.00    0.00   99.00
03:10:59 AM   21    0.00    0.00    0.00    0.00    0.00    0.00    0.00    0.00    0.00  100.00
03:10:59 AM   22    0.00    0.00    1.00    0.00    0.00    0.00    0.00    0.00    0.00   99.00
03:10:59 AM   23    0.00    0.00    1.01    0.00    0.00    0.00    0.00    0.00    0.00   98.99
03:10:59 AM   24    0.00    0.00    0.00    0.00    0.00    0.00    0.00    0.00    0.00  100.00
03:10:59 AM   25    1.01    0.00    0.00    0.00    0.00    0.00    0.00    0.00    0.00   98.99
03:10:59 AM   26    0.00    0.00    1.00    0.00    0.00    0.00    0.00    0.00    0.00   99.00
03:10:59 AM   27    0.00    0.00    0.00    0.00    0.00    0.00    0.00    0.00    0.00  100.00
03:10:59 AM   28    0.00    0.00    0.00    0.00    0.00    0.00    0.00    0.00    0.00  100.00
03:10:59 AM   29    1.00    0.00    0.00    0.00    0.00    0.00    0.00    0.00    0.00   99.00
03:10:59 AM   30    0.00    0.00    0.00    0.00    0.00    0.00    0.00    0.00    0.00  100.00
03:10:59 AM   31    0.00    0.00    0.00    0.00    0.00    0.00    0.00    0.00    0.00  100.00
03:10:59 AM   32    0.00    0.00    0.00    0.00    0.00    0.00    0.00    0.00    0.00  100.00
03:10:59 AM   33    1.00    0.00    0.00    1.00    0.00    0.00    0.00    0.00    0.00   98.00
03:10:59 AM   34    3.92    0.00    1.96    0.00    0.00    0.00    0.00    0.00    0.00   94.12
03:10:59 AM   35    0.00    0.00    1.00    0.00    0.00    0.00    0.00    0.00    0.00   99.00

03:10:59 AM  CPU    %usr   %nice    %sys %iowait    %irq   %soft  %steal  %guest  %gnice   %idle
03:11:00 AM  all    2.38    0.00    4.36    0.06    0.00    0.03    0.00    0.00    0.00   93.17
03:11:00 AM    0    1.02    0.00    0.00    0.00    0.00    1.02    0.00    0.00    0.00   97.96
03:11:00 AM    1    0.00    0.00    0.00    0.00    0.00    0.00    0.00    0.00    0.00  100.00
03:11:00 AM    2    0.00    0.00    0.00    0.00    0.00    0.00    0.00    0.00    0.00  100.00
03:11:00 AM    3    0.00    0.00    0.00    0.00    0.00    0.00    0.00    0.00    0.00  100.00
03:11:00 AM    4    1.98    0.00    0.99    0.00    0.00    0.00    0.00    0.00    0.00   97.03
03:11:00 AM    5    4.00    0.00    6.00    0.00    0.00    0.00    0.00    0.00    0.00   90.00
03:11:00 AM    6    0.00    0.00    0.00    0.00    0.00    0.00    0.00    0.00    0.00  100.00
03:11:00 AM    7    0.00    0.00    0.00    0.00    0.00    0.00    0.00    0.00    0.00  100.00
03:11:00 AM    8    0.00    0.00    1.00    1.00    0.00    0.00    0.00    0.00    0.00   98.00
03:11:00 AM    9    1.01    0.00    0.00    0.00    0.00    0.00    0.00    0.00    0.00   98.99
03:11:00 AM   10    3.00    0.00    0.00    0.00    0.00    0.00    0.00    0.00    0.00   97.00
03:11:00 AM   11    2.02    0.00    0.00    0.00    0.00    0.00    0.00    0.00    0.00   97.98
03:11:00 AM   12    0.00    0.00    0.00    0.00    0.00    0.00    0.00    0.00    0.00  100.00
03:11:00 AM   13    0.00    0.00    1.02    0.00    0.00    0.00    0.00    0.00    0.00   98.98
03:11:00 AM   14    1.01    0.00    0.00    0.00    0.00    0.00    0.00    0.00    0.00   98.99
03:11:00 AM   15    1.00    0.00    0.00    0.00    0.00    0.00    0.00    0.00    0.00   99.00
03:11:00 AM   16    0.00    0.00    0.00    0.00    0.00    0.00    0.00    0.00    0.00  100.00
03:11:00 AM   17    2.00    0.00    0.00    0.00    0.00    0.00    0.00    0.00    0.00   98.00
03:11:00 AM   18   33.00    0.00   67.00    0.00    0.00    0.00    0.00    0.00    0.00    0.00
03:11:00 AM   19   25.00    0.00   75.00    0.00    0.00    0.00    0.00    0.00    0.00    0.00
03:11:00 AM   20    2.04    0.00    0.00    0.00    0.00    0.00    0.00    0.00    0.00   97.96
03:11:00 AM   21    1.96    0.00    0.98    0.00    0.00    0.00    0.00    0.00    0.00   97.06
03:11:00 AM   22    1.00    0.00    0.00    0.00    0.00    0.00    0.00    0.00    0.00   99.00
03:11:00 AM   23    0.00    0.00    1.01    0.00    0.00    0.00    0.00    0.00    0.00   98.99
03:11:00 AM   24    0.00    0.00    0.00    0.00    0.00    0.00    0.00    0.00    0.00  100.00
03:11:00 AM   25    1.00    0.00    1.00    0.00    0.00    0.00    0.00    0.00    0.00   98.00
03:11:00 AM   26    0.00    0.00    0.00    0.00    0.00    0.00    0.00    0.00    0.00  100.00
03:11:00 AM   27    1.00    0.00    0.00    0.00    0.00    0.00    0.00    0.00    0.00   99.00
03:11:00 AM   28    0.00    0.00    0.00    0.00    0.00    0.00    0.00    0.00    0.00  100.00
03:11:00 AM   29    0.00    0.00    0.00    0.00    0.00    0.00    0.00    0.00    0.00  100.00
03:11:00 AM   30    0.00    0.00    0.00    0.00    0.00    0.00    0.00    0.00    0.00  100.00
03:11:00 AM   31    0.98    0.00    0.98    0.98    0.00    0.00    0.00    0.00    0.00   97.06
03:11:00 AM   32    0.99    0.00    0.00    0.00    0.00    0.00    0.00    0.00    0.00   99.01
03:11:00 AM   33    0.99    0.00    0.99    0.00    0.00    0.00    0.00    0.00    0.00   98.02
03:11:00 AM   34    0.00    0.00    0.00    0.00    0.00    0.00    0.00    0.00    0.00  100.00
03:11:00 AM   35    0.00    0.00    0.00    0.00    0.00    0.00    0.00    0.00    0.00  100.00

03:11:00 AM  CPU    %usr   %nice    %sys %iowait    %irq   %soft  %steal  %guest  %gnice   %idle
03:11:01 AM  all    2.70    0.03    4.37    0.11    0.00    0.11    0.00    0.00    0.00   92.68
03:11:01 AM    0    1.98    0.00    0.99    0.00    0.00    2.97    0.00    0.00    0.00   94.06
03:11:01 AM    1    2.94    0.00    0.98    0.98    0.00    0.00    0.00    0.00    0.00   95.10
03:11:01 AM    2    2.00    0.00    0.00    0.00    0.00    0.00    0.00    0.00    0.00   98.00
03:11:01 AM    3    0.99    0.00    1.98    0.00    0.00    0.00    0.00    0.00    0.00   97.03
03:11:01 AM    4    0.00    0.00    0.00    0.00    0.00    0.00    0.00    0.00    0.00  100.00
03:11:01 AM    5    1.01    0.00    0.00    1.01    0.00    0.00    0.00    0.00    0.00   97.98
03:11:01 AM    6    1.00    0.00    1.00    0.00    0.00    0.00    0.00    0.00    0.00   98.00
03:11:01 AM    7    1.98    0.00    0.00    0.00    0.00    0.00    0.00    0.00    0.00   98.02
03:11:01 AM    8    1.01    0.00    0.00    1.01    0.00    0.00    0.00    0.00    0.00   97.98
03:11:01 AM    9    1.01    0.00    0.00    0.00    0.00    0.00    0.00    0.00    0.00   98.99
03:11:01 AM   10    2.04    0.00    0.00    0.00    0.00    0.00    0.00    0.00    0.00   97.96
03:11:01 AM   11    1.00    0.00    1.00    0.00    0.00    0.00    0.00    0.00    0.00   98.00
03:11:01 AM   12    2.04    0.00    0.00    0.00    0.00    0.00    0.00    0.00    0.00   97.96
03:11:01 AM   13    2.00    0.00    0.00    0.00    0.00    0.00    0.00    0.00    0.00   98.00
03:11:01 AM   14    1.02    0.00    0.00    1.02    0.00    0.00    0.00    0.00    0.00   97.96
03:11:01 AM   15    2.00    1.00    0.00    0.00    0.00    0.00    0.00    0.00    0.00   97.00
03:11:01 AM   16    0.99    0.00    0.99    0.00    0.00    0.00    0.00    0.00    0.00   98.02
03:11:01 AM   17    2.02    0.00    0.00    0.00    0.00    0.00    0.00    0.00    0.00   97.98
03:11:01 AM   18   35.00    0.00   65.00    0.00    0.00    0.00    0.00    0.00    0.00    0.00
03:11:01 AM   19   22.00    0.00   78.00    0.00    0.00    0.00    0.00    0.00    0.00    0.00
03:11:01 AM   20    0.99    0.00    0.99    0.00    0.00    0.00    0.00    0.00    0.00   98.02
03:11:01 AM   21    0.00    0.00    0.00    0.00    0.00    0.00    0.00    0.00    0.00  100.00
03:11:01 AM   22    0.00    0.00    1.00    0.00    0.00    0.00    0.00    0.00    0.00   99.00
03:11:01 AM   23    1.00    0.00    0.00    0.00    0.00    0.00    0.00    0.00    0.00   99.00
03:11:01 AM   24    0.00    0.00    1.00    0.00    0.00    0.00    0.00    0.00    0.00   99.00
03:11:01 AM   25    1.00    0.00    0.00    0.00    0.00    0.00    0.00    0.00    0.00   99.00
03:11:01 AM   26    0.99    0.00    0.00    0.00    0.00    0.99    0.00    0.00    0.00   98.02
03:11:01 AM   27    0.99    0.00    0.99    0.00    0.00    0.00    0.00    0.00    0.00   98.02
03:11:01 AM   28    1.01    0.00    0.00    0.00    0.00    0.00    0.00    0.00    0.00   98.99
03:11:01 AM   29    1.01    0.00    0.00    0.00    0.00    0.00    0.00    0.00    0.00   98.99
03:11:01 AM   30    1.00    0.00    0.00    0.00    0.00    0.00    0.00    0.00    0.00   99.00
03:11:01 AM   31    0.00    0.00    0.00    0.00    0.00    0.00    0.00    0.00    0.00  100.00
03:11:01 AM   32    1.00    0.00    1.00    0.00    0.00    0.00    0.00    0.00    0.00   98.00
03:11:01 AM   33    1.01    0.00    1.01    0.00    0.00    0.00    0.00    0.00    0.00   97.98
03:11:01 AM   34    1.98    0.00    0.99    0.00    0.00    0.00    0.00    0.00    0.00   97.03
03:11:01 AM   35    1.01    0.00    0.00    0.00    0.00    0.00    0.00    0.00    0.00   98.99

03:11:01 AM  CPU    %usr   %nice    %sys %iowait    %irq   %soft  %steal  %guest  %gnice   %idle
03:11:02 AM  all    2.52    0.00    4.70    0.00    0.00    0.00    0.00    0.00    0.00   92.79
03:11:02 AM    0    0.00    0.00    0.00    0.00    0.00    0.00    0.00    0.00    0.00  100.00
03:11:02 AM    1    0.00    0.00    0.00    0.00    0.00    0.00    0.00    0.00    0.00  100.00
03:11:02 AM    2    0.00    0.00    0.00    0.00    0.00    0.00    0.00    0.00    0.00  100.00
03:11:02 AM    3    3.00    0.00    0.00    0.00    0.00    0.00    0.00    0.00    0.00   97.00
03:11:02 AM    4    2.02    0.00    0.00    0.00    0.00    0.00    0.00    0.00    0.00   97.98
03:11:02 AM    5    3.00    0.00    8.00    0.00    0.00    0.00    0.00    0.00    0.00   89.00
03:11:02 AM    6    1.01    0.00    0.00    0.00    0.00    0.00    0.00    0.00    0.00   98.99
03:11:02 AM    7    1.01    0.00    0.00    0.00    0.00    0.00    0.00    0.00    0.00   98.99
03:11:02 AM    8    2.00    0.00    1.00    0.00    0.00    0.00    0.00    0.00    0.00   97.00
03:11:02 AM    9    0.00    0.00    0.00    0.00    0.00    0.00    0.00    0.00    0.00  100.00
03:11:02 AM   10    2.02    0.00    0.00    0.00    0.00    0.00    0.00    0.00    0.00   97.98
03:11:02 AM   11    9.00    0.00    1.00    0.00    0.00    0.00    0.00    0.00    0.00   90.00
03:11:02 AM   12    1.00    0.00    1.00    0.00    0.00    0.00    0.00    0.00    0.00   98.00
03:11:02 AM   13    1.02    0.00    0.00    0.00    0.00    0.00    0.00    0.00    0.00   98.98
03:11:02 AM   14    0.99    0.00    0.99    0.00    0.00    0.00    0.00    0.00    0.00   98.02
03:11:02 AM   15    0.00    0.00    0.00    0.00    0.00    0.00    0.00    0.00    0.00  100.00
03:11:02 AM   16    0.00    0.00    0.00    0.00    0.00    0.00    0.00    0.00    0.00  100.00
03:11:02 AM   17    1.00    0.00    1.00    0.00    0.00    0.00    0.00    0.00    0.00   98.00
03:11:02 AM   18   25.00    0.00   75.00    0.00    0.00    0.00    0.00    0.00    0.00    0.00
03:11:02 AM   19   24.00    0.00   76.00    0.00    0.00    0.00    0.00    0.00    0.00    0.00
03:11:02 AM   20    1.00    0.00    0.00    0.00    0.00    0.00    0.00    0.00    0.00   99.00
03:11:02 AM   21    1.01    0.00    0.00    0.00    0.00    0.00    0.00    0.00    0.00   98.99
03:11:02 AM   22    1.98    0.00    0.99    0.00    0.00    0.00    0.00    0.00    0.00   97.03
03:11:02 AM   23    0.00    0.00    0.00    0.00    0.00    0.00    0.00    0.00    0.00  100.00
03:11:02 AM   24    1.00    0.00    1.00    0.00    0.00    0.00    0.00    0.00    0.00   98.00
03:11:02 AM   25    0.00    0.00    0.00    0.00    0.00    0.00    0.00    0.00    0.00  100.00
03:11:02 AM   26    0.00    0.00    1.01    0.00    0.00    0.00    0.00    0.00    0.00   98.99
03:11:02 AM   27    0.00    0.00    0.00    0.00    0.00    0.00    0.00    0.00    0.00  100.00
03:11:02 AM   28    1.98    0.00    0.00    0.00    0.00    0.00    0.00    0.00    0.00   98.02
03:11:02 AM   29    0.99    0.00    0.99    0.00    0.00    0.00    0.00    0.00    0.00   98.02
03:11:02 AM   30    1.01    0.00    0.00    0.00    0.00    0.00    0.00    0.00    0.00   98.99
03:11:02 AM   31    2.00    0.00    0.00    0.00    0.00    0.00    0.00    0.00    0.00   98.00
03:11:02 AM   32    1.00    0.00    0.00    0.00    0.00    0.00    0.00    0.00    0.00   99.00
03:11:02 AM   33    0.99    0.00    0.00    0.00    0.00    0.00    0.00    0.00    0.00   99.01
03:11:02 AM   34    0.00    0.00    0.00    0.00    0.00    0.00    0.00    0.00    0.00  100.00
03:11:02 AM   35    1.00    0.00    0.00    0.00    0.00    0.00    0.00    0.00    0.00   99.00

03:11:02 AM  CPU    %usr   %nice    %sys %iowait    %irq   %soft  %steal  %guest  %gnice   %idle
03:11:03 AM  all    2.41    0.00    4.54    0.03    0.00    0.08    0.00    0.00    0.00   92.94
03:11:03 AM    0    0.00    0.00    0.00    0.00    0.00    3.06    0.00    0.00    0.00   96.94
03:11:03 AM    1    1.02    0.00    0.00    0.00    0.00    0.00    0.00    0.00    0.00   98.98
03:11:03 AM    2    0.00    0.00    1.01    0.00    0.00    0.00    0.00    0.00    0.00   98.99
03:11:03 AM    3    3.00    0.00    2.00    0.00    0.00    0.00    0.00    0.00    0.00   95.00
03:11:03 AM    4    1.02    0.00    0.00    0.00    0.00    0.00    0.00    0.00    0.00   98.98
03:11:03 AM    5    1.01    0.00    8.08    0.00    0.00    0.00    0.00    0.00    0.00   90.91
03:11:03 AM    6    0.00    0.00    0.00    0.00    0.00    0.00    0.00    0.00    0.00  100.00
03:11:03 AM    7    1.00    0.00    1.00    0.00    0.00    0.00    0.00    0.00    0.00   98.00
03:11:03 AM    8    1.02    0.00    0.00    0.00    0.00    0.00    0.00    0.00    0.00   98.98
03:11:03 AM    9    2.02    0.00    1.01    0.00    0.00    0.00    0.00    0.00    0.00   96.97
03:11:03 AM   10    2.02    0.00    0.00    0.00    0.00    0.00    0.00    0.00    0.00   97.98
03:11:03 AM   11    1.00    0.00    0.00    0.00    0.00    0.00    0.00    0.00    0.00   99.00
03:11:03 AM   12    0.00    0.00    0.00    0.00    0.00    0.00    0.00    0.00    0.00  100.00
03:11:03 AM   13    1.02    0.00    0.00    0.00    0.00    0.00    0.00    0.00    0.00   98.98
03:11:03 AM   14    0.00    0.00    1.01    0.00    0.00    0.00    0.00    0.00    0.00   98.99
03:11:03 AM   15    2.00    0.00    1.00    0.00    0.00    0.00    0.00    0.00    0.00   97.00
03:11:03 AM   16    4.04    0.00    1.01    0.00    0.00    0.00    0.00    0.00    0.00   94.95
03:11:03 AM   17    1.01    0.00    0.00    0.00    0.00    0.00    0.00    0.00    0.00   98.99
03:11:03 AM   18   32.00    0.00   68.00    0.00    0.00    0.00    0.00    0.00    0.00    0.00
03:11:03 AM   19   26.00    0.00   74.00    0.00    0.00    0.00    0.00    0.00    0.00    0.00
03:11:03 AM   20    0.00    0.00    0.00    0.00    0.00    0.00    0.00    0.00    0.00  100.00
03:11:03 AM   21    1.98    0.00    0.99    0.00    0.00    0.00    0.00    0.00    0.00   97.03
03:11:03 AM   22    0.00    0.00    0.00    0.00    0.00    0.00    0.00    0.00    0.00  100.00
03:11:03 AM   23    0.00    0.00    0.00    0.00    0.00    0.00    0.00    0.00    0.00  100.00
03:11:03 AM   24    0.00    0.00    1.00    1.00    0.00    0.00    0.00    0.00    0.00   98.00
03:11:03 AM   25    0.00    0.00    0.00    0.00    0.00    0.00    0.00    0.00    0.00  100.00
03:11:03 AM   26    1.01    0.00    0.00    0.00    0.00    0.00    0.00    0.00    0.00   98.99
03:11:03 AM   27    1.00    0.00    0.00    0.00    0.00    0.00    0.00    0.00    0.00   99.00
03:11:03 AM   28    0.00    0.00    0.00    0.00    0.00    0.00    0.00    0.00    0.00  100.00
03:11:03 AM   29    1.01    0.00    0.00    0.00    0.00    0.00    0.00    0.00    0.00   98.99
03:11:03 AM   30    1.00    0.00    0.00    0.00    0.00    0.00    0.00    0.00    0.00   99.00
03:11:03 AM   31    1.00    0.00    0.00    0.00    0.00    0.00    0.00    0.00    0.00   99.00
03:11:03 AM   32    0.00    0.00    0.00    0.00    0.00    0.00    0.00    0.00    0.00  100.00
03:11:03 AM   33    0.00    0.00    0.00    0.00    0.00    0.00    0.00    0.00    0.00  100.00
03:11:03 AM   34    0.00    0.00    1.00    0.00    0.00    0.00    0.00    0.00    0.00   99.00
03:11:03 AM   35    0.00    0.00    1.01    0.00    0.00    0.00    0.00    0.00    0.00   98.99

03:11:03 AM  CPU    %usr   %nice    %sys %iowait    %irq   %soft  %steal  %guest  %gnice   %idle
03:11:04 AM  all    2.09    0.03    4.47    0.08    0.00    0.08    0.00    0.00    0.00   93.24
03:11:04 AM    0    2.00    0.00    0.00    1.00    0.00    3.00    0.00    0.00    0.00   94.00
03:11:04 AM    1    0.00    0.00    0.00    0.00    0.00    0.00    0.00    0.00    0.00  100.00
03:11:04 AM    2    2.00    0.00    0.00    0.00    0.00    0.00    0.00    0.00    0.00   98.00
03:11:04 AM    3    1.02    0.00    0.00    0.00    0.00    0.00    0.00    0.00    0.00   98.98
03:11:04 AM    4    1.00    0.00    1.00    0.00    0.00    0.00    0.00    0.00    0.00   98.00
03:11:04 AM    5    1.01    0.00    0.00    0.00    0.00    0.00    0.00    0.00    0.00   98.99
03:11:04 AM    6    1.01    0.00    0.00    0.00    0.00    0.00    0.00    0.00    0.00   98.99
03:11:04 AM    7    2.00    0.00    0.00    0.00    0.00    0.00    0.00    0.00    0.00   98.00
03:11:04 AM    8    0.00    0.00    0.00    0.00    0.00    0.00    0.00    0.00    0.00  100.00
03:11:04 AM    9    0.00    0.00    0.00    0.00    0.00    0.00    0.00    0.00    0.00  100.00
03:11:04 AM   10    1.98    0.00    0.99    0.00    0.00    0.00    0.00    0.00    0.00   97.03
03:11:04 AM   11    1.00    0.00    1.00    0.00    0.00    0.00    0.00    0.00    0.00   98.00
03:11:04 AM   12    1.00    1.00    1.00    0.00    0.00    0.00    0.00    0.00    0.00   97.00
03:11:04 AM   13    0.00    0.00    0.00    0.00    0.00    0.00    0.00    0.00    0.00  100.00
03:11:04 AM   14    1.01    0.00    0.00    0.00    0.00    0.00    0.00    0.00    0.00   98.99
03:11:04 AM   15    0.00    0.00    1.01    0.00    0.00    0.00    0.00    0.00    0.00   98.99
03:11:04 AM   16    0.00    0.00    2.00    0.00    0.00    0.00    0.00    0.00    0.00   98.00
03:11:04 AM   17    0.00    0.00    1.03    1.03    0.00    0.00    0.00    0.00    0.00   97.94
03:11:04 AM   18   30.00    0.00   70.00    0.00    0.00    0.00    0.00    0.00    0.00    0.00
03:11:04 AM   19   24.00    0.00   76.00    0.00    0.00    0.00    0.00    0.00    0.00    0.00
03:11:04 AM   20    0.00    0.00    1.00    0.00    0.00    0.00    0.00    0.00    0.00   99.00
03:11:04 AM   21    0.00    0.00    0.00    0.00    0.00    0.00    0.00    0.00    0.00  100.00
03:11:04 AM   22    0.00    0.00    0.00    0.00    0.00    0.00    0.00    0.00    0.00  100.00
03:11:04 AM   23    0.00    0.00    1.00    0.00    0.00    0.00    0.00    0.00    0.00   99.00
03:11:04 AM   24    0.00    0.00    0.00    0.00    0.00    0.00    0.00    0.00    0.00  100.00
03:11:04 AM   25    0.99    0.00    0.99    0.00    0.00    0.00    0.00    0.00    0.00   98.02
03:11:04 AM   26    1.00    0.00    0.00    0.00    0.00    0.00    0.00    0.00    0.00   99.00
03:11:04 AM   27    0.99    0.00    0.99    0.00    0.00    0.00    0.00    0.00    0.00   98.02
03:11:04 AM   28    0.99    0.00    0.99    0.00    0.00    0.00    0.00    0.00    0.00   98.02
03:11:04 AM   29    1.00    0.00    0.00    0.00    0.00    0.00    0.00    0.00    0.00   99.00
03:11:04 AM   30    0.00    0.00    1.01    0.00    0.00    0.00    0.00    0.00    0.00   98.99
03:11:04 AM   31    1.00    0.00    0.00    0.00    0.00    0.00    0.00    0.00    0.00   99.00
03:11:04 AM   32    0.00    0.00    0.00    0.00    0.00    0.00    0.00    0.00    0.00  100.00
03:11:04 AM   33    0.00    0.00    0.00    0.00    0.00    0.00    0.00    0.00    0.00  100.00
03:11:04 AM   34    0.00    0.00    0.00    0.00    0.00    0.00    0.00    0.00    0.00  100.00
03:11:04 AM   35    0.00    0.00    0.00    1.00    0.00    0.00    0.00    0.00    0.00   99.00

03:11:04 AM  CPU    %usr   %nice    %sys %iowait    %irq   %soft  %steal  %guest  %gnice   %idle
03:11:05 AM  all    2.04    0.00    4.67    0.03    0.00    0.22    0.00    0.00    0.00   93.04
03:11:05 AM    0    0.98    0.00    1.96    0.00    0.00    3.92    0.00    0.00    0.00   93.14
03:11:05 AM    1    1.02    0.00    1.02    0.00    0.00    1.02    0.00    0.00    0.00   96.94
03:11:05 AM    2    1.00    0.00    1.00    0.00    0.00    0.00    0.00    0.00    0.00   98.00
03:11:05 AM    3    0.00    0.00    1.01    0.00    0.00    0.00    0.00    0.00    0.00   98.99
03:11:05 AM    4    0.00    0.00    0.00    0.00    0.00    0.00    0.00    0.00    0.00  100.00
03:11:05 AM    5    1.01    0.00    7.07    0.00    0.00    1.01    0.00    0.00    0.00   90.91
03:11:05 AM    6    1.00    0.00    0.00    1.00    0.00    0.00    0.00    0.00    0.00   98.00
03:11:05 AM    7    1.00    0.00    1.00    0.00    0.00    0.00    0.00    0.00    0.00   98.00
03:11:05 AM    8    1.00    0.00    0.00    0.00    0.00    0.00    0.00    0.00    0.00   99.00
03:11:05 AM    9    2.02    0.00    0.00    0.00    0.00    0.00    0.00    0.00    0.00   97.98
03:11:05 AM   10    1.02    0.00    1.02    0.00    0.00    0.00    0.00    0.00    0.00   97.96
03:11:05 AM   11    1.01    0.00    0.00    0.00    0.00    0.00    0.00    0.00    0.00   98.99
03:11:05 AM   12    1.00    0.00    1.00    0.00    0.00    0.00    0.00    0.00    0.00   98.00
03:11:05 AM   13    1.98    0.00    0.99    0.00    0.00    0.00    0.00    0.00    0.00   97.03
03:11:05 AM   14    0.00    0.00    0.00    0.00    0.00    0.00    0.00    0.00    0.00  100.00
03:11:05 AM   15    1.01    0.00    0.00    0.00    0.00    1.01    0.00    0.00    0.00   97.98
03:11:05 AM   16    0.00    0.00    0.00    0.00    0.00    0.00    0.00    0.00    0.00  100.00
03:11:05 AM   17    1.00    0.00    0.00    0.00    0.00    1.00    0.00    0.00    0.00   98.00
03:11:05 AM   18   30.00    0.00   70.00    0.00    0.00    0.00    0.00    0.00    0.00    0.00
03:11:05 AM   19   23.00    0.00   77.00    0.00    0.00    0.00    0.00    0.00    0.00    0.00
03:11:05 AM   20    0.00    0.00    0.00    0.00    0.00    0.00    0.00    0.00    0.00  100.00
03:11:05 AM   21    0.00    0.00    0.00    0.00    0.00    0.00    0.00    0.00    0.00  100.00
03:11:05 AM   22    0.99    0.00    0.00    0.00    0.00    0.00    0.00    0.00    0.00   99.01
03:11:05 AM   23    0.00    0.00    0.00    0.00    0.00    0.00    0.00    0.00    0.00  100.00
03:11:05 AM   24    1.00    0.00    0.00    0.00    0.00    0.00    0.00    0.00    0.00   99.00
03:11:05 AM   25    0.00    0.00    0.00    0.00    0.00    0.00    0.00    0.00    0.00  100.00
03:11:05 AM   26    0.00    0.00    1.00    0.00    0.00    0.00    0.00    0.00    0.00   99.00
03:11:05 AM   27    0.00    0.00    0.00    0.00    0.00    0.00    0.00    0.00    0.00  100.00
03:11:05 AM   28    0.00    0.00    0.00    0.00    0.00    0.00    0.00    0.00    0.00  100.00
03:11:05 AM   29    0.00    0.00    0.00    0.00    0.00    0.00    0.00    0.00    0.00  100.00
03:11:05 AM   30    0.00    0.00    0.00    0.00    0.00    0.00    0.00    0.00    0.00  100.00
03:11:05 AM   31    1.01    0.00    3.03    0.00    0.00    0.00    0.00    0.00    0.00   95.96
03:11:05 AM   32    0.00    0.00    0.00    0.00    0.00    0.00    0.00    0.00    0.00  100.00
03:11:05 AM   33    0.00    0.00    0.00    0.00    0.00    0.00    0.00    0.00    0.00  100.00
03:11:05 AM   34    0.00    0.00    0.00    0.00    0.00    0.00    0.00    0.00    0.00  100.00
03:11:05 AM   35    1.01    0.00    0.00    0.00    0.00    0.00    0.00    0.00    0.00   98.99

03:11:05 AM  CPU    %usr   %nice    %sys %iowait    %irq   %soft  %steal  %guest  %gnice   %idle
03:11:06 AM  all    2.18    0.00    4.31    0.00    0.00    0.08    0.00    0.00    0.00   93.43
03:11:06 AM    0    1.01    0.00    0.00    0.00    0.00    3.03    0.00    0.00    0.00   95.96
03:11:06 AM    1    0.00    0.00    1.01    0.00    0.00    0.00    0.00    0.00    0.00   98.99
03:11:06 AM    2    1.00    0.00    0.00    0.00    0.00    0.00    0.00    0.00    0.00   99.00
03:11:06 AM    3    0.00    0.00    0.00    0.00    0.00    0.00    0.00    0.00    0.00  100.00
03:11:06 AM    4    0.00    0.00    0.00    0.00    0.00    0.00    0.00    0.00    0.00  100.00
03:11:06 AM    5    1.01    0.00    0.00    0.00    0.00    0.00    0.00    0.00    0.00   98.99
03:11:06 AM    6    0.00    0.00    0.00    0.00    0.00    0.00    0.00    0.00    0.00  100.00
03:11:06 AM    7    1.01    0.00    0.00    0.00    0.00    0.00    0.00    0.00    0.00   98.99
03:11:06 AM    8    0.00    0.00    0.00    0.00    0.00    0.00    0.00    0.00    0.00  100.00
03:11:06 AM    9    1.02    0.00    0.00    0.00    0.00    0.00    0.00    0.00    0.00   98.98
03:11:06 AM   10    2.02    0.00    1.01    0.00    0.00    0.00    0.00    0.00    0.00   96.97
03:11:06 AM   11    1.01    0.00    0.00    0.00    0.00    0.00    0.00    0.00    0.00   98.99
03:11:06 AM   12    1.02    0.00    0.00    0.00    0.00    0.00    0.00    0.00    0.00   98.98
03:11:06 AM   13    1.02    0.00    2.04    0.00    0.00    0.00    0.00    0.00    0.00   96.94
03:11:06 AM   14    1.98    0.00    0.99    0.00    0.00    0.00    0.00    0.00    0.00   97.03
03:11:06 AM   15    2.00    0.00    0.00    0.00    0.00    0.00    0.00    0.00    0.00   98.00
03:11:06 AM   16    1.01    0.00    0.00    0.00    0.00    0.00    0.00    0.00    0.00   98.99
03:11:06 AM   17    1.00    0.00    0.00    0.00    0.00    0.00    0.00    0.00    0.00   99.00
03:11:06 AM   18   31.00    0.00   69.00    0.00    0.00    0.00    0.00    0.00    0.00    0.00
03:11:06 AM   19   23.00    0.00   77.00    0.00    0.00    0.00    0.00    0.00    0.00    0.00
03:11:06 AM   20    1.00    0.00    0.00    0.00    0.00    0.00    0.00    0.00    0.00   99.00
03:11:06 AM   21    0.00    0.00    0.00    0.00    0.00    0.00    0.00    0.00    0.00  100.00
03:11:06 AM   22    0.00    0.00    1.01    0.00    0.00    0.00    0.00    0.00    0.00   98.99
03:11:06 AM   23    1.01    0.00    0.00    0.00    0.00    0.00    0.00    0.00    0.00   98.99
03:11:06 AM   24    0.00    0.00    0.00    0.00    0.00    0.00    0.00    0.00    0.00  100.00
03:11:06 AM   25    0.00    0.00    0.00    0.00    0.00    0.00    0.00    0.00    0.00  100.00
03:11:06 AM   26    0.00    0.00    0.00    0.00    0.00    0.00    0.00    0.00    0.00  100.00
03:11:06 AM   27    0.00    0.00    1.00    0.00    0.00    0.00    0.00    0.00    0.00   99.00
03:11:06 AM   28    0.00    0.00    0.00    0.00    0.00    0.00    0.00    0.00    0.00  100.00
03:11:06 AM   29    1.00    0.00    0.00    0.00    0.00    0.00    0.00    0.00    0.00   99.00
03:11:06 AM   30    1.00    0.00    0.00    0.00    0.00    0.00    0.00    0.00    0.00   99.00
03:11:06 AM   31    1.00    0.00    1.00    0.00    0.00    0.00    0.00    0.00    0.00   98.00
03:11:06 AM   32    0.99    0.00    0.00    0.00    0.00    0.00    0.00    0.00    0.00   99.01
03:11:06 AM   33    1.00    0.00    0.00    0.00    0.00    0.00    0.00    0.00    0.00   99.00
03:11:06 AM   34    0.00    0.00    0.00    0.00    0.00    0.00    0.00    0.00    0.00  100.00
03:11:06 AM   35    1.00    0.00    0.00    0.00    0.00    0.00    0.00    0.00    0.00   99.00

03:11:06 AM  CPU    %usr   %nice    %sys %iowait    %irq   %soft  %steal  %guest  %gnice   %idle
03:11:07 AM  all    2.59    0.00    4.60    0.14    0.00    0.03    0.00    0.00    0.00   92.64
03:11:07 AM    0    0.00    0.00    1.03    0.00    0.00    1.03    0.00    0.00    0.00   97.94
03:11:07 AM    1    2.97    0.00    0.00    0.00    0.00    0.00    0.00    0.00    0.00   97.03
03:11:07 AM    2    1.02    0.00    0.00    0.00    0.00    0.00    0.00    0.00    0.00   98.98
03:11:07 AM    3    2.00    0.00    0.00    0.00    0.00    0.00    0.00    0.00    0.00   98.00
03:11:07 AM    4    2.02    0.00    0.00    1.01    0.00    0.00    0.00    0.00    0.00   96.97
03:11:07 AM    5    1.01    0.00    1.01    0.00    0.00    0.00    0.00    0.00    0.00   97.98
03:11:07 AM    6    2.00    0.00    1.00    0.00    0.00    0.00    0.00    0.00    0.00   97.00
03:11:07 AM    7    2.00    0.00    0.00    0.00    0.00    0.00    0.00    0.00    0.00   98.00
03:11:07 AM    8    1.00    0.00    1.00    0.00    0.00    0.00    0.00    0.00    0.00   98.00
03:11:07 AM    9    1.98    0.00    1.98    1.98    0.00    0.00    0.00    0.00    0.00   94.06
03:11:07 AM   10    1.00    0.00    1.00    0.00    0.00    0.00    0.00    0.00    0.00   98.00
03:11:07 AM   11    1.00    0.00    1.00    0.00    0.00    0.00    0.00    0.00    0.00   98.00
03:11:07 AM   12    1.01    0.00    0.00    0.00    0.00    0.00    0.00    0.00    0.00   98.99
03:11:07 AM   13    5.00    0.00    3.00    0.00    0.00    0.00    0.00    0.00    0.00   92.00
03:11:07 AM   14    0.00    0.00    1.01    0.00    0.00    0.00    0.00    0.00    0.00   98.99
03:11:07 AM   15    1.01    0.00    0.00    0.00    0.00    0.00    0.00    0.00    0.00   98.99
03:11:07 AM   16    2.97    0.00    0.99    0.00    0.00    0.00    0.00    0.00    0.00   96.04
03:11:07 AM   17    1.01    0.00    0.00    0.00    0.00    0.00    0.00    0.00    0.00   98.99
03:11:07 AM   18   31.00    0.00   69.00    0.00    0.00    0.00    0.00    0.00    0.00    0.00
03:11:07 AM   19   21.00    0.00   79.00    0.00    0.00    0.00    0.00    0.00    0.00    0.00
03:11:07 AM   20    0.00    0.00    0.00    0.00    0.00    0.00    0.00    0.00    0.00  100.00
03:11:07 AM   21    1.00    0.00    0.00    0.00    0.00    0.00    0.00    0.00    0.00   99.00
03:11:07 AM   22    1.01    0.00    0.00    0.00    0.00    0.00    0.00    0.00    0.00   98.99
03:11:07 AM   23    1.00    0.00    0.00    0.00    0.00    0.00    0.00    0.00    0.00   99.00
03:11:07 AM   24    0.00    0.00    0.00    0.00    0.00    0.00    0.00    0.00    0.00  100.00
03:11:07 AM   25    2.00    0.00    0.00    0.00    0.00    0.00    0.00    0.00    0.00   98.00
03:11:07 AM   26    1.98    0.00    0.99    0.00    0.00    0.00    0.00    0.00    0.00   97.03
03:11:07 AM   27    1.98    0.00    0.00    0.00    0.00    0.00    0.00    0.00    0.00   98.02
03:11:07 AM   28    0.00    0.00    0.00    0.00    0.00    0.00    0.00    0.00    0.00  100.00
03:11:07 AM   29    1.01    0.00    0.00    0.00    0.00    0.00    0.00    0.00    0.00   98.99
03:11:07 AM   30    1.00    0.00    0.00    0.00    0.00    0.00    0.00    0.00    0.00   99.00
03:11:07 AM   31    0.00    0.00    0.00    0.00    0.00    0.00    0.00    0.00    0.00  100.00
03:11:07 AM   32    0.00    0.00    1.96    0.98    0.00    0.00    0.00    0.00    0.00   97.06
03:11:07 AM   33    1.00    0.00    0.00    0.00    0.00    0.00    0.00    0.00    0.00   99.00
03:11:07 AM   34    0.00    0.00    0.00    0.99    0.00    0.00    0.00    0.00    0.00   99.01
03:11:07 AM   35    0.00    0.00    1.00    0.00    0.00    0.00    0.00    0.00    0.00   99.00

03:11:07 AM  CPU    %usr   %nice    %sys %iowait    %irq   %soft  %steal  %guest  %gnice   %idle
03:11:08 AM  all    2.27    0.08    4.90    0.00    0.00    0.14    0.00    0.00    0.00   92.61
03:11:08 AM    0    0.99    0.00    0.00    0.00    0.00    3.96    0.00    0.00    0.00   95.05
03:11:08 AM    1    0.99    0.00    0.00    0.00    0.00    0.99    0.00    0.00    0.00   98.02
03:11:08 AM    2    1.00    0.00    1.00    0.00    0.00    0.00    0.00    0.00    0.00   98.00
03:11:08 AM    3    1.01    0.00    0.00    0.00    0.00    0.00    0.00    0.00    0.00   98.99
03:11:08 AM    4    0.00    0.00    0.00    0.00    0.00    0.00    0.00    0.00    0.00  100.00
03:11:08 AM    5    2.00    0.00    0.00    0.00    0.00    0.00    0.00    0.00    0.00   98.00
03:11:08 AM    6    0.00    0.00    0.00    0.00    0.00    0.00    0.00    0.00    0.00  100.00
03:11:08 AM    7    6.93    0.00    0.99    0.00    0.00    0.00    0.00    0.00    0.00   92.08
03:11:08 AM    8    0.00    0.00    1.00    0.00    0.00    0.00    0.00    0.00    0.00   99.00
03:11:08 AM    9    0.00    0.00    1.03    0.00    0.00    0.00    0.00    0.00    0.00   98.97
03:11:08 AM   10    1.03    0.00    0.00    0.00    0.00    0.00    0.00    0.00    0.00   98.97
03:11:08 AM   11    1.02    0.00    1.02    0.00    0.00    0.00    0.00    0.00    0.00   97.96
03:11:08 AM   12    7.00    0.00    1.00    0.00    0.00    0.00    0.00    0.00    0.00   92.00
03:11:08 AM   13    2.04    0.00    7.14    0.00    0.00    0.00    0.00    0.00    0.00   90.82
03:11:08 AM   14    2.02    1.01    0.00    0.00    0.00    0.00    0.00    0.00    0.00   96.97
03:11:08 AM   15    0.00    2.04    0.00    0.00    0.00    0.00    0.00    0.00    0.00   97.96
03:11:08 AM   16    1.01    0.00    1.01    0.00    0.00    0.00    0.00    0.00    0.00   97.98
03:11:08 AM   17    0.00    0.00    1.00    0.00    0.00    0.00    0.00    0.00    0.00   99.00
03:11:08 AM   18   29.00    0.00   71.00    0.00    0.00    0.00    0.00    0.00    0.00    0.00
03:11:08 AM   19   21.00    0.00   79.00    0.00    0.00    0.00    0.00    0.00    0.00    0.00
03:11:08 AM   20    0.00    0.00    0.00    0.00    0.00    0.00    0.00    0.00    0.00  100.00
03:11:08 AM   21    0.00    0.00    0.00    0.00    0.00    0.00    0.00    0.00    0.00  100.00
03:11:08 AM   22    0.00    0.00    1.98    0.00    0.00    0.00    0.00    0.00    0.00   98.02
03:11:08 AM   23    0.00    0.00    1.01    0.00    0.00    0.00    0.00    0.00    0.00   98.99
03:11:08 AM   24    0.00    0.00    1.00    0.00    0.00    0.00    0.00    0.00    0.00   99.00
03:11:08 AM   25    0.00    0.00    0.00    0.00    0.00    0.00    0.00    0.00    0.00  100.00
03:11:08 AM   26    0.00    0.00    1.00    0.00    0.00    0.00    0.00    0.00    0.00   99.00
03:11:08 AM   27    0.00    0.00    0.00    0.00    0.00    0.00    0.00    0.00    0.00  100.00
03:11:08 AM   28    1.00    0.00    1.00    0.00    0.00    0.00    0.00    0.00    0.00   98.00
03:11:08 AM   29    1.01    0.00    0.00    0.00    0.00    0.00    0.00    0.00    0.00   98.99
03:11:08 AM   30    0.00    0.00    0.00    0.00    0.00    0.00    0.00    0.00    0.00  100.00
03:11:08 AM   31    0.00    0.00    1.01    0.00    0.00    0.00    0.00    0.00    0.00   98.99
03:11:08 AM   32    0.00    0.00    2.04    0.00    0.00    0.00    0.00    0.00    0.00   97.96
03:11:08 AM   33    0.00    0.00    0.00    0.00    0.00    0.00    0.00    0.00    0.00  100.00
03:11:08 AM   34    1.00    0.00    1.00    0.00    0.00    0.00    0.00    0.00    0.00   98.00
03:11:08 AM   35    1.01    0.00    0.00    0.00    0.00    0.00    0.00    0.00    0.00   98.99

Average:     CPU    %usr   %nice    %sys %iowait    %irq   %soft  %steal  %guest  %gnice   %idle
Average:     all    2.15    0.02    4.04    0.05    0.00    0.07    0.00    0.00    0.00   93.67
Average:       0    1.01    0.00    0.46    0.09    0.00    2.02    0.00    0.00    0.00   96.42
Average:       1    1.01    0.00    0.37    0.09    0.00    0.18    0.00    0.00    0.00   98.35
Average:       2    0.91    0.00    0.37    0.00    0.00    0.00    0.00    0.00    0.00   98.72
Average:       3    1.19    0.09    0.64    0.09    0.00    0.00    0.00    0.00    0.00   97.99
Average:       4    1.01    0.00    0.37    0.09    0.00    0.00    0.00    0.00    0.00   98.53
Average:       5    1.74    0.09    3.47    0.09    0.00    0.09    0.00    0.00    0.00   94.52
Average:       6    0.64    0.00    0.18    0.09    0.00    0.00    0.00    0.00    0.00   99.08
Average:       7    1.64    0.00    0.27    0.00    0.00    0.00    0.00    0.00    0.00   98.09
Average:       8    0.73    0.00    0.46    0.18    0.00    0.00    0.00    0.00    0.00   98.63
Average:       9    0.92    0.00    0.46    0.18    0.00    0.00    0.00    0.00    0.00   98.44
Average:      10    1.65    0.00    0.55    0.00    0.00    0.00    0.00    0.00    0.00   97.80
Average:      11    1.74    0.00    0.55    0.00    0.00    0.00    0.00    0.00    0.00   97.71
Average:      12    1.38    0.18    0.37    0.00    0.00    0.09    0.00    0.00    0.00   97.98
Average:      13    1.38    0.00    1.29    0.00    0.00    0.00    0.00    0.00    0.00   97.34
Average:      14    0.82    0.09    0.37    0.18    0.00    0.00    0.00    0.00    0.00   98.53
Average:      15    0.82    0.27    0.37    0.00    0.00    0.09    0.00    0.00    0.00   98.44
Average:      16    1.10    0.00    0.55    0.00    0.00    0.00    0.00    0.00    0.00   98.35
Average:      17    0.82    0.00    0.37    0.09    0.00    0.09    0.00    0.00    0.00   98.63
Average:      18   27.31    0.00   60.37    0.00    0.00    0.00    0.00    0.00    0.00   12.33
Average:      19   20.62    0.00   67.03    0.00    0.00    0.00    0.00    0.00    0.00   12.35
Average:      20    0.46    0.00    0.27    0.00    0.00    0.00    0.00    0.00    0.00   99.27
Average:      21    0.55    0.00    0.27    0.00    0.00    0.00    0.00    0.00    0.00   99.18
Average:      22    0.46    0.00    0.64    0.00    0.00    0.00    0.00    0.00    0.00   98.91
Average:      23    0.37    0.00    0.46    0.00    0.00    0.00    0.00    0.00    0.00   99.18
Average:      24    0.37    0.00    0.46    0.09    0.00    0.00    0.00    0.00    0.00   99.09
Average:      25    0.64    0.00    0.27    0.00    0.00    0.00    0.00    0.00    0.00   99.09
Average:      26    0.46    0.00    0.55    0.00    0.00    0.09    0.00    0.00    0.00   98.91
Average:      27    0.64    0.00    0.36    0.00    0.00    0.00    0.00    0.00    0.00   99.00
Average:      28    0.55    0.00    0.27    0.00    0.00    0.00    0.00    0.00    0.00   99.18
Average:      29    0.73    0.00    0.09    0.00    0.00    0.00    0.00    0.00    0.00   99.18
Average:      30    0.55    0.00    0.18    0.00    0.00    0.00    0.00    0.00    0.00   99.27
Average:      31    0.64    0.00    0.55    0.09    0.00    0.00    0.00    0.00    0.00   98.72
Average:      32    0.55    0.00    0.46    0.09    0.00    0.00    0.00    0.00    0.00   98.91
Average:      33    0.55    0.00    0.18    0.09    0.00    0.00    0.00    0.00    0.00   99.18
Average:      34    0.73    0.00    0.45    0.09    0.00    0.00    0.00    0.00    0.00   98.73
Average:      35    0.55    0.00    0.46    0.09    0.00    0.00    0.00    0.00    0.00   98.90
