Linux 5.15.0-186-generic (rapids4) 	08/11/2026 	_x86_64_	(36 CPU)

01:25:31 AM  CPU    %usr   %nice    %sys %iowait    %irq   %soft  %steal  %guest  %gnice   %idle
01:25:32 AM  all    6.63    0.00    2.45    0.08    0.00    0.56    0.00    0.00    0.00   90.28
01:25:32 AM    0    6.93    0.00    7.92    0.00    0.00    3.96    0.00    0.00    0.00   81.19
01:25:32 AM    1   11.00    0.00    3.00    0.00    0.00    1.00    0.00    0.00    0.00   85.00
01:25:32 AM    2    9.00    0.00    4.00    0.00    0.00    2.00    0.00    0.00    0.00   85.00
01:25:32 AM    3   18.18    0.00    3.03    0.00    0.00    0.00    0.00    0.00    0.00   78.79
01:25:32 AM    4    7.22    0.00    4.12    1.03    0.00    0.00    0.00    0.00    0.00   87.63
01:25:32 AM    5    5.21    0.00    3.12    0.00    0.00    0.00    0.00    0.00    0.00   91.67
01:25:32 AM    6    6.38    0.00    3.19    0.00    0.00    0.00    0.00    0.00    0.00   90.43
01:25:32 AM    7    6.06    0.00    5.05    0.00    0.00    1.01    0.00    0.00    0.00   87.88
01:25:32 AM    8    5.10    0.00    4.08    0.00    0.00    0.00    0.00    0.00    0.00   90.82
01:25:32 AM    9   11.22    0.00    3.06    1.02    0.00    1.02    0.00    0.00    0.00   83.67
01:25:32 AM   10    7.22    0.00    1.03    0.00    0.00    1.03    0.00    0.00    0.00   90.72
01:25:32 AM   11   11.34    0.00    3.09    0.00    0.00    0.00    0.00    0.00    0.00   85.57
01:25:32 AM   12    9.00    0.00    3.00    0.00    0.00    1.00    0.00    0.00    0.00   87.00
01:25:32 AM   13    7.22    0.00    2.06    0.00    0.00    0.00    0.00    0.00    0.00   90.72
01:25:32 AM   14    8.42    0.00    2.11    0.00    0.00    0.00    0.00    0.00    0.00   89.47
01:25:32 AM   15   11.34    0.00    2.06    0.00    0.00    0.00    0.00    0.00    0.00   86.60
01:25:32 AM   16   10.20    0.00   16.33    0.00    0.00    0.00    0.00    0.00    0.00   73.47
01:25:32 AM   17    5.10    0.00    2.04    1.02    0.00    0.00    0.00    0.00    0.00   91.84
01:25:32 AM   18    0.00    0.00    0.00    0.00    0.00    0.00    0.00    0.00    0.00  100.00
01:25:32 AM   19    0.00    0.00    0.00    0.00    0.00    0.00    0.00    0.00    0.00  100.00
01:25:32 AM   20    0.00    0.00    0.00    0.00    0.00    0.00    0.00    0.00    0.00  100.00
01:25:32 AM   21    0.00    0.00    0.00    0.00    0.00    0.00    0.00    0.00    0.00  100.00
01:25:32 AM   22    0.00    0.00    0.00    0.00    0.00    0.00    0.00    0.00    0.00  100.00
01:25:32 AM   23    0.00    0.00    0.00    0.00    0.00    0.00    0.00    0.00    0.00  100.00
01:25:32 AM   24   44.44    0.00    7.07    0.00    0.00    5.05    0.00    0.00    0.00   43.43
01:25:32 AM   25   39.00    0.00    9.00    0.00    0.00    4.00    0.00    0.00    0.00   48.00
01:25:32 AM   26    0.00    0.00    0.00    0.00    0.00    0.00    0.00    0.00    0.00  100.00
01:25:32 AM   27    0.00    0.00    0.00    0.00    0.00    0.00    0.00    0.00    0.00  100.00
01:25:32 AM   28    0.00    0.00    0.00    0.00    0.00    0.00    0.00    0.00    0.00  100.00
01:25:32 AM   29    0.00    0.00    0.00    0.00    0.00    0.00    0.00    0.00    0.00  100.00
01:25:32 AM   30    0.00    0.00    0.00    0.00    0.00    0.00    0.00    0.00    0.00  100.00
01:25:32 AM   31    0.00    0.00    0.00    0.00    0.00    0.00    0.00    0.00    0.00  100.00
01:25:32 AM   32    0.00    0.00    0.00    0.00    0.00    0.00    0.00    0.00    0.00  100.00
01:25:32 AM   33    0.00    0.00    0.00    0.00    0.00    0.00    0.00    0.00    0.00  100.00
01:25:32 AM   34    0.00    0.00    0.00    0.00    0.00    0.00    0.00    0.00    0.00  100.00
01:25:32 AM   35    0.00    0.00    0.00    0.00    0.00    0.00    0.00    0.00    0.00  100.00

01:25:32 AM  CPU    %usr   %nice    %sys %iowait    %irq   %soft  %steal  %guest  %gnice   %idle
01:25:33 AM  all    6.57    0.00    2.55    0.06    0.00    0.79    0.00    0.00    0.00   90.04
01:25:33 AM    0    3.00    0.00    3.00    0.00    0.00    7.00    0.00    0.00    0.00   87.00
01:25:33 AM    1    7.00    0.00    3.00    0.00    0.00    3.00    0.00    0.00    0.00   87.00
01:25:33 AM    2    4.00    0.00    6.00    0.00    0.00    1.00    0.00    0.00    0.00   89.00
01:25:33 AM    3    4.04    0.00    2.02    0.00    0.00    2.02    0.00    0.00    0.00   91.92
01:25:33 AM    4    7.92    0.00    1.98    0.00    0.00    0.99    0.00    0.00    0.00   89.11
01:25:33 AM    5    4.12    0.00    2.06    0.00    0.00    0.00    0.00    0.00    0.00   93.81
01:25:33 AM    6    4.12    0.00    1.03    0.00    0.00    0.00    0.00    0.00    0.00   94.85
01:25:33 AM    7    7.29    0.00    7.29    0.00    0.00    0.00    0.00    0.00    0.00   85.42
01:25:33 AM    8    2.11    0.00    1.05    0.00    0.00    0.00    0.00    0.00    0.00   96.84
01:25:33 AM    9    5.15    0.00    2.06    0.00    0.00    0.00    0.00    0.00    0.00   92.78
01:25:33 AM   10    4.08    0.00    3.06    0.00    0.00    0.00    0.00    0.00    0.00   92.86
01:25:33 AM   11    4.08    0.00    1.02    1.02    0.00    0.00    0.00    0.00    0.00   93.88
01:25:33 AM   12    7.07    0.00    2.02    0.00    0.00    0.00    0.00    0.00    0.00   90.91
01:25:33 AM   13    5.10    0.00    3.06    0.00    0.00    0.00    0.00    0.00    0.00   91.84
01:25:33 AM   14    3.09    0.00    2.06    1.03    0.00    0.00    0.00    0.00    0.00   93.81
01:25:33 AM   15    6.12    0.00    2.04    0.00    0.00    0.00    0.00    0.00    0.00   91.84
01:25:33 AM   16    7.29    0.00   16.67    0.00    0.00    0.00    0.00    0.00    0.00   76.04
01:25:33 AM   17    3.03    0.00    1.01    0.00    0.00    1.01    0.00    0.00    0.00   94.95
01:25:33 AM   18    0.00    0.00    0.00    0.00    0.00    0.00    0.00    0.00    0.00  100.00
01:25:33 AM   19    0.00    0.00    0.00    0.00    0.00    0.00    0.00    0.00    0.00  100.00
01:25:33 AM   20    0.00    0.00    0.00    0.00    0.00    0.00    0.00    0.00    0.00  100.00
01:25:33 AM   21    1.00    0.00    0.00    0.00    0.00    0.00    0.00    0.00    0.00   99.00
01:25:33 AM   22    0.00    0.00    0.00    0.00    0.00    0.00    0.00    0.00    0.00  100.00
01:25:33 AM   23    0.00    0.00    0.00    0.00    0.00    0.00    0.00    0.00    0.00  100.00
01:25:33 AM   24   77.78    0.00   18.18    0.00    0.00    4.04    0.00    0.00    0.00    0.00
01:25:33 AM   25   68.32    0.00   13.86    0.00    0.00    8.91    0.00    0.00    0.00    8.91
01:25:33 AM   26    0.00    0.00    0.00    0.00    0.00    0.00    0.00    0.00    0.00  100.00
01:25:33 AM   27    0.00    0.00    0.00    0.00    0.00    0.00    0.00    0.00    0.00  100.00
01:25:33 AM   28    0.00    0.00    0.00    0.00    0.00    0.00    0.00    0.00    0.00  100.00
01:25:33 AM   29    0.00    0.00    0.00    0.00    0.00    0.00    0.00    0.00    0.00  100.00
01:25:33 AM   30    0.00    0.00    0.00    0.00    0.00    0.00    0.00    0.00    0.00  100.00
01:25:33 AM   31    0.00    0.00    0.00    0.00    0.00    0.00    0.00    0.00    0.00  100.00
01:25:33 AM   32    0.00    0.00    0.00    0.00    0.00    0.00    0.00    0.00    0.00  100.00
01:25:33 AM   33    0.00    0.00    0.00    0.00    0.00    0.00    0.00    0.00    0.00  100.00
01:25:33 AM   34    0.00    0.00    0.00    0.00    0.00    0.00    0.00    0.00    0.00  100.00
01:25:33 AM   35    0.00    0.00    0.00    0.00    0.00    0.00    0.00    0.00    0.00  100.00

01:25:33 AM  CPU    %usr   %nice    %sys %iowait    %irq   %soft  %steal  %guest  %gnice   %idle
01:25:34 AM  all    7.48    0.00    1.85    0.03    0.00    0.92    0.00    0.00    0.00   89.71
01:25:34 AM    0    8.65    0.00    2.88    0.00    0.00    5.77    0.00    0.00    0.00   82.69
01:25:34 AM    1    4.90    0.00    2.94    0.00    0.00    5.88    0.00    0.00    0.00   86.27
01:25:34 AM    2    7.00    0.00    2.00    0.00    0.00    2.00    0.00    0.00    0.00   89.00
01:25:34 AM    3    5.15    0.00    2.06    0.00    0.00    1.03    0.00    0.00    0.00   91.75
01:25:34 AM    4    5.21    0.00    3.12    0.00    0.00    0.00    0.00    0.00    0.00   91.67
01:25:34 AM    5    8.25    0.00    4.12    0.00    0.00    0.00    0.00    0.00    0.00   87.63
01:25:34 AM    6    6.25    0.00    2.08    1.04    0.00    0.00    0.00    0.00    0.00   90.62
01:25:34 AM    7    5.15    0.00    2.06    0.00    0.00    0.00    0.00    0.00    0.00   92.78
01:25:34 AM    8    5.10    0.00    1.02    0.00    0.00    1.02    0.00    0.00    0.00   92.86
01:25:34 AM    9    5.15    0.00    2.06    0.00    0.00    0.00    0.00    0.00    0.00   92.78
01:25:34 AM   10    6.19    0.00    2.06    0.00    0.00    0.00    0.00    0.00    0.00   91.75
01:25:34 AM   11    4.04    0.00    4.04    0.00    0.00    2.02    0.00    0.00    0.00   89.90
01:25:34 AM   12    4.08    0.00    4.08    0.00    0.00    2.04    0.00    0.00    0.00   89.80
01:25:34 AM   13   10.20    0.00    2.04    0.00    0.00    0.00    0.00    0.00    0.00   87.76
01:25:34 AM   14    5.21    0.00    2.08    0.00    0.00    0.00    0.00    0.00    0.00   92.71
01:25:34 AM   15   10.31    0.00    1.03    0.00    0.00    0.00    0.00    0.00    0.00   88.66
01:25:34 AM   16    4.17    0.00    2.08    0.00    0.00    1.04    0.00    0.00    0.00   92.71
01:25:34 AM   17    5.05    0.00    0.00    0.00    0.00    0.00    0.00    0.00    0.00   94.95
01:25:34 AM   18    0.00    0.00    0.00    0.00    0.00    0.00    0.00    0.00    0.00  100.00
01:25:34 AM   19    0.00    0.00    0.00    0.00    0.00    0.00    0.00    0.00    0.00  100.00
01:25:34 AM   20    0.00    0.00    1.00    0.00    0.00    0.00    0.00    0.00    0.00   99.00
01:25:34 AM   21    0.00    0.00    0.00    0.00    0.00    0.00    0.00    0.00    0.00  100.00
01:25:34 AM   22    0.00    0.00    0.00    0.00    0.00    0.00    0.00    0.00    0.00  100.00
01:25:34 AM   23    0.00    0.00    0.00    0.00    0.00    0.00    0.00    0.00    0.00  100.00
01:25:34 AM   24   82.18    0.00   11.88    0.00    0.00    5.94    0.00    0.00    0.00    0.00
01:25:34 AM   25   73.79    0.00   11.65    0.00    0.00    5.83    0.00    0.00    0.00    8.74
01:25:34 AM   26    0.00    0.00    0.00    0.00    0.00    0.00    0.00    0.00    0.00  100.00
01:25:34 AM   27    0.00    0.00    0.00    0.00    0.00    0.00    0.00    0.00    0.00  100.00
01:25:34 AM   28    0.00    0.00    0.00    0.00    0.00    0.00    0.00    0.00    0.00  100.00
01:25:34 AM   29    0.00    0.00    0.00    0.00    0.00    0.00    0.00    0.00    0.00  100.00
01:25:34 AM   30    0.00    0.00    0.00    0.00    0.00    0.00    0.00    0.00    0.00  100.00
01:25:34 AM   31    0.00    0.00    0.00    0.00    0.00    0.00    0.00    0.00    0.00  100.00
01:25:34 AM   32    0.00    0.00    0.00    0.00    0.00    0.00    0.00    0.00    0.00  100.00
01:25:34 AM   33    0.00    0.00    0.00    0.00    0.00    0.00    0.00    0.00    0.00  100.00
01:25:34 AM   34    0.00    0.00    0.00    0.00    0.00    0.00    0.00    0.00    0.00  100.00
01:25:34 AM   35    0.00    0.00    0.00    0.00    0.00    0.00    0.00    0.00    0.00  100.00

01:25:34 AM  CPU    %usr   %nice    %sys %iowait    %irq   %soft  %steal  %guest  %gnice   %idle
01:25:35 AM  all    5.89    0.00    2.36    0.00    0.00    0.79    0.00    0.00    0.00   90.97
01:25:35 AM    0    1.94    0.00    2.91    0.00    0.00    8.74    0.00    0.00    0.00   86.41
01:25:35 AM    1    2.97    0.00    0.99    0.00    0.00    3.96    0.00    0.00    0.00   92.08
01:25:35 AM    2    5.05    0.00    2.02    0.00    0.00    0.00    0.00    0.00    0.00   92.93
01:25:35 AM    3    3.03    0.00    1.01    0.00    0.00    1.01    0.00    0.00    0.00   94.95
01:25:35 AM    4    3.09    0.00    2.06    0.00    0.00    0.00    0.00    0.00    0.00   94.85
01:25:35 AM    5    4.04    0.00    7.07    0.00    0.00    0.00    0.00    0.00    0.00   88.89
01:25:35 AM    6    8.00    0.00   12.00    0.00    0.00    1.00    0.00    0.00    0.00   79.00
01:25:35 AM    7    2.11    0.00    1.05    0.00    0.00    0.00    0.00    0.00    0.00   96.84
01:25:35 AM    8    4.17    0.00    5.21    0.00    0.00    0.00    0.00    0.00    0.00   90.62
01:25:35 AM    9    4.00    0.00    2.00    0.00    0.00    1.00    0.00    0.00    0.00   93.00
01:25:35 AM   10    4.08    0.00    1.02    0.00    0.00    0.00    0.00    0.00    0.00   94.90
01:25:35 AM   11    4.08    0.00    3.06    0.00    0.00    0.00    0.00    0.00    0.00   92.86
01:25:35 AM   12    4.08    0.00    1.02    0.00    0.00    0.00    0.00    0.00    0.00   94.90
01:25:35 AM   13    3.16    0.00    1.05    0.00    0.00    0.00    0.00    0.00    0.00   95.79
01:25:35 AM   14    2.08    0.00    1.04    0.00    0.00    0.00    0.00    0.00    0.00   96.88
01:25:35 AM   15    1.03    0.00    3.09    0.00    0.00    0.00    0.00    0.00    0.00   95.88
01:25:35 AM   16    6.06    0.00    5.05    0.00    0.00    0.00    0.00    0.00    0.00   88.89
01:25:35 AM   17    1.03    0.00    0.00    0.00    0.00    0.00    0.00    0.00    0.00   98.97
01:25:35 AM   18    0.00    0.00    0.00    0.00    0.00    0.00    0.00    0.00    0.00  100.00
01:25:35 AM   19    0.00    0.00    0.00    0.00    0.00    0.00    0.00    0.00    0.00  100.00
01:25:35 AM   20    0.00    0.00    0.00    0.00    0.00    0.00    0.00    0.00    0.00  100.00
01:25:35 AM   21    0.00    0.00    0.00    0.00    0.00    0.00    0.00    0.00    0.00  100.00
01:25:35 AM   22    0.00    0.00    0.00    0.00    0.00    0.00    0.00    0.00    0.00  100.00
01:25:35 AM   23    0.00    0.00    0.00    0.00    0.00    0.00    0.00    0.00    0.00  100.00
01:25:35 AM   24   74.00    0.00   19.00    0.00    0.00    7.00    0.00    0.00    0.00    0.00
01:25:35 AM   25   72.00    0.00   14.00    0.00    0.00    5.00    0.00    0.00    0.00    9.00
01:25:35 AM   26    0.00    0.00    0.00    0.00    0.00    0.00    0.00    0.00    0.00  100.00
01:25:35 AM   27    0.00    0.00    0.00    0.00    0.00    0.00    0.00    0.00    0.00  100.00
01:25:35 AM   28    0.00    0.00    0.00    0.00    0.00    0.00    0.00    0.00    0.00  100.00
01:25:35 AM   29    0.00    0.00    0.00    0.00    0.00    0.00    0.00    0.00    0.00  100.00
01:25:35 AM   30    0.00    0.00    0.00    0.00    0.00    0.00    0.00    0.00    0.00  100.00
01:25:35 AM   31    0.00    0.00    0.00    0.00    0.00    0.00    0.00    0.00    0.00  100.00
01:25:35 AM   32    0.00    0.00    0.00    0.00    0.00    0.00    0.00    0.00    0.00  100.00
01:25:35 AM   33    0.99    0.00    0.00    0.00    0.00    0.00    0.00    0.00    0.00   99.01
01:25:35 AM   34    0.00    0.00    0.00    0.00    0.00    0.00    0.00    0.00    0.00  100.00
01:25:35 AM   35    0.00    0.00    0.00    0.00    0.00    0.00    0.00    0.00    0.00  100.00

01:25:35 AM  CPU    %usr   %nice    %sys %iowait    %irq   %soft  %steal  %guest  %gnice   %idle
01:25:36 AM  all    6.50    0.00    2.19    0.06    0.00    0.87    0.00    0.00    0.00   90.38
01:25:36 AM    0    8.65    0.00    3.85    0.00    0.00    6.73    0.00    0.00    0.00   80.77
01:25:36 AM    1    5.05    0.00    3.03    0.00    0.00    3.03    0.00    0.00    0.00   88.89
01:25:36 AM    2    9.00    0.00    5.00    1.00    0.00    2.00    0.00    0.00    0.00   83.00
01:25:36 AM    3    4.08    0.00    4.08    0.00    0.00    0.00    0.00    0.00    0.00   91.84
01:25:36 AM    4    4.12    0.00    1.03    0.00    0.00    2.06    0.00    0.00    0.00   92.78
01:25:36 AM    5    2.06    0.00    2.06    0.00    0.00    2.06    0.00    0.00    0.00   93.81
01:25:36 AM    6    9.18    0.00    3.06    0.00    0.00    1.02    0.00    0.00    0.00   86.73
01:25:36 AM    7    5.15    0.00    2.06    0.00    0.00    0.00    0.00    0.00    0.00   92.78
01:25:36 AM    8    5.05    0.00    3.03    0.00    0.00    0.00    0.00    0.00    0.00   91.92
01:25:36 AM    9    4.12    0.00    3.09    0.00    0.00    0.00    0.00    0.00    0.00   92.78
01:25:36 AM   10    5.21    0.00    3.12    1.04    0.00    0.00    0.00    0.00    0.00   90.62
01:25:36 AM   11    2.11    0.00    2.11    0.00    0.00    0.00    0.00    0.00    0.00   95.79
01:25:36 AM   12    4.17    0.00    3.12    0.00    0.00    0.00    0.00    0.00    0.00   92.71
01:25:36 AM   13    4.12    0.00    2.06    0.00    0.00    0.00    0.00    0.00    0.00   93.81
01:25:36 AM   14    2.13    0.00    1.06    0.00    0.00    0.00    0.00    0.00    0.00   96.81
01:25:36 AM   15    4.17    0.00    0.00    0.00    0.00    0.00    0.00    0.00    0.00   95.83
01:25:36 AM   16    5.10    0.00    1.02    0.00    0.00    0.00    0.00    0.00    0.00   93.88
01:25:36 AM   17    3.96    0.00    1.98    0.00    0.00    0.99    0.00    0.00    0.00   93.07
01:25:36 AM   18    0.00    0.00    0.00    0.00    0.00    0.00    0.00    0.00    0.00  100.00
01:25:36 AM   19    0.00    0.00    0.00    0.00    0.00    0.00    0.00    0.00    0.00  100.00
01:25:36 AM   20    0.00    0.00    0.00    0.00    0.00    0.00    0.00    0.00    0.00  100.00
01:25:36 AM   21    0.00    0.00    0.00    0.00    0.00    0.00    0.00    0.00    0.00  100.00
01:25:36 AM   22    0.00    0.00    0.00    0.00    0.00    0.00    0.00    0.00    0.00  100.00
01:25:36 AM   23    0.00    0.00    0.00    0.00    0.00    0.00    0.00    0.00    0.00  100.00
01:25:36 AM   24   77.00    0.00   14.00    0.00    0.00    9.00    0.00    0.00    0.00    0.00
01:25:36 AM   25   68.00    0.00   20.00    0.00    0.00    4.00    0.00    0.00    0.00    8.00
01:25:36 AM   26    0.00    0.00    0.00    0.00    0.00    0.00    0.00    0.00    0.00  100.00
01:25:36 AM   27    0.00    0.00    0.00    0.00    0.00    0.00    0.00    0.00    0.00  100.00
01:25:36 AM   28    0.00    0.00    0.00    0.00    0.00    0.00    0.00    0.00    0.00  100.00
01:25:36 AM   29    0.00    0.00    0.00    0.00    0.00    0.00    0.00    0.00    0.00  100.00
01:25:36 AM   30    0.00    0.00    0.00    0.00    0.00    0.00    0.00    0.00    0.00  100.00
01:25:36 AM   31    0.00    0.00    0.00    0.00    0.00    0.00    0.00    0.00    0.00  100.00
01:25:36 AM   32    0.00    0.00    0.00    0.00    0.00    0.00    0.00    0.00    0.00  100.00
01:25:36 AM   33    0.00    0.00    0.00    0.00    0.00    0.00    0.00    0.00    0.00  100.00
01:25:36 AM   34    0.00    0.00    0.00    0.00    0.00    0.00    0.00    0.00    0.00  100.00
01:25:36 AM   35    0.00    0.00    0.00    0.00    0.00    0.00    0.00    0.00    0.00  100.00

01:25:36 AM  CPU    %usr   %nice    %sys %iowait    %irq   %soft  %steal  %guest  %gnice   %idle
01:25:37 AM  all    7.37    0.00    2.62    0.00    0.00    0.95    0.00    0.00    0.00   89.06
01:25:37 AM    0    6.60    0.00    3.77    0.00    0.00    8.49    0.00    0.00    0.00   81.13
01:25:37 AM    1    6.80    0.00    2.91    0.00    0.00    3.88    0.00    0.00    0.00   86.41
01:25:37 AM    2   12.12    0.00    7.07    0.00    0.00    2.02    0.00    0.00    0.00   78.79
01:25:37 AM    3    6.06    0.00    2.02    0.00    0.00    2.02    0.00    0.00    0.00   89.90
01:25:37 AM    4    8.08    0.00    4.04    0.00    0.00    0.00    0.00    0.00    0.00   87.88
01:25:37 AM    5    5.10    0.00    6.12    0.00    0.00    0.00    0.00    0.00    0.00   88.78
01:25:37 AM    6    6.93    0.00    8.91    0.00    0.00    0.00    0.00    0.00    0.00   84.16
01:25:37 AM    7    6.12    0.00    0.00    0.00    0.00    1.02    0.00    0.00    0.00   92.86
01:25:37 AM    8    6.12    0.00    2.04    0.00    0.00    0.00    0.00    0.00    0.00   91.84
01:25:37 AM    9    5.05    0.00    4.04    0.00    0.00    0.00    0.00    0.00    0.00   90.91
01:25:37 AM   10    7.00    0.00    5.00    0.00    0.00    0.00    0.00    0.00    0.00   88.00
01:25:37 AM   11    5.10    0.00    4.08    0.00    0.00    1.02    0.00    0.00    0.00   89.80
01:25:37 AM   12    4.12    0.00    4.12    0.00    0.00    0.00    0.00    0.00    0.00   91.75
01:25:37 AM   13    6.12    0.00    2.04    0.00    0.00    2.04    0.00    0.00    0.00   89.80
01:25:37 AM   14    6.19    0.00    7.22    0.00    0.00    0.00    0.00    0.00    0.00   86.60
01:25:37 AM   15    5.21    0.00    2.08    0.00    0.00    0.00    0.00    0.00    0.00   92.71
01:25:37 AM   16    6.12    0.00    1.02    0.00    0.00    1.02    0.00    0.00    0.00   91.84
01:25:37 AM   17    3.09    0.00    0.00    0.00    0.00    0.00    0.00    0.00    0.00   96.91
01:25:37 AM   18    0.00    0.00    0.00    0.00    0.00    0.00    0.00    0.00    0.00  100.00
01:25:37 AM   19    0.00    0.00    0.00    0.00    0.00    0.00    0.00    0.00    0.00  100.00
01:25:37 AM   20    0.00    0.00    0.00    0.00    0.00    0.00    0.00    0.00    0.00  100.00
01:25:37 AM   21    0.00    0.00    0.00    0.00    0.00    0.00    0.00    0.00    0.00  100.00
01:25:37 AM   22    0.00    0.00    0.00    0.00    0.00    0.00    0.00    0.00    0.00  100.00
01:25:37 AM   23    0.00    0.00    0.00    0.00    0.00    0.00    0.00    0.00    0.00  100.00
01:25:37 AM   24   80.00    0.00   15.00    0.00    0.00    5.00    0.00    0.00    0.00    0.00
01:25:37 AM   25   71.57    0.00   12.75    0.00    0.00    6.86    0.00    0.00    0.00    8.82
01:25:37 AM   26    0.00    0.00    0.00    0.00    0.00    0.00    0.00    0.00    0.00  100.00
01:25:37 AM   27    0.00    0.00    0.00    0.00    0.00    0.00    0.00    0.00    0.00  100.00
01:25:37 AM   28    0.00    0.00    0.00    0.00    0.00    0.00    0.00    0.00    0.00  100.00
01:25:37 AM   29    0.00    0.00    0.00    0.00    0.00    0.00    0.00    0.00    0.00  100.00
01:25:37 AM   30    0.00    0.00    0.00    0.00    0.00    0.00    0.00    0.00    0.00  100.00
01:25:37 AM   31    0.00    0.00    0.00    0.00    0.00    0.00    0.00    0.00    0.00  100.00
01:25:37 AM   32    0.00    0.00    0.00    0.00    0.00    0.00    0.00    0.00    0.00  100.00
01:25:37 AM   33    0.00    0.00    0.00    0.00    0.00    0.00    0.00    0.00    0.00  100.00
01:25:37 AM   34    0.00    0.00    0.00    0.00    0.00    0.00    0.00    0.00    0.00  100.00
01:25:37 AM   35    0.00    0.00    0.00    0.00    0.00    0.00    0.00    0.00    0.00  100.00

01:25:37 AM  CPU    %usr   %nice    %sys %iowait    %irq   %soft  %steal  %guest  %gnice   %idle
01:25:38 AM  all    6.53    0.00    2.01    0.14    0.00    0.92    0.00    0.00    0.00   90.40
01:25:38 AM    0   11.11    0.00    2.78    0.00    0.00    7.41    0.00    0.00    0.00   78.70
01:25:38 AM    1    4.00    0.00    1.00    1.00    0.00    4.00    0.00    0.00    0.00   90.00
01:25:38 AM    2    6.06    0.00    7.07    0.00    0.00    1.01    0.00    0.00    0.00   85.86
01:25:38 AM    3    4.00    0.00    4.00    0.00    0.00    1.00    0.00    0.00    0.00   91.00
01:25:38 AM    4    4.95    0.00    0.99    0.00    0.00    2.97    0.00    0.00    0.00   91.09
01:25:38 AM    5    4.08    0.00    3.06    0.00    0.00    0.00    0.00    0.00    0.00   92.86
01:25:38 AM    6    2.04    0.00    1.02    1.02    0.00    1.02    0.00    0.00    0.00   94.90
01:25:38 AM    7    5.05    0.00    2.02    0.00    0.00    0.00    0.00    0.00    0.00   92.93
01:25:38 AM    8    4.04    0.00    2.02    0.00    0.00    0.00    0.00    0.00    0.00   93.94
01:25:38 AM    9    4.08    0.00    2.04    0.00    0.00    0.00    0.00    0.00    0.00   93.88
01:25:38 AM   10    4.17    0.00    1.04    0.00    0.00    0.00    0.00    0.00    0.00   94.79
01:25:38 AM   11    4.04    0.00    4.04    0.00    0.00    0.00    0.00    0.00    0.00   91.92
01:25:38 AM   12    4.00    0.00    3.00    0.00    0.00    1.00    0.00    0.00    0.00   92.00
01:25:38 AM   13    8.25    0.00    2.06    1.03    0.00    0.00    0.00    0.00    0.00   88.66
01:25:38 AM   14    4.08    0.00    1.02    1.02    0.00    1.02    0.00    0.00    0.00   92.86
01:25:38 AM   15    4.21    0.00    1.05    0.00    0.00    0.00    0.00    0.00    0.00   94.74
01:25:38 AM   16    5.00    0.00    3.00    1.00    0.00    0.00    0.00    0.00    0.00   91.00
01:25:38 AM   17    1.02    0.00    2.04    0.00    0.00    0.00    0.00    0.00    0.00   96.94
01:25:38 AM   18    0.00    0.00    0.00    0.00    0.00    0.00    0.00    0.00    0.00  100.00
01:25:38 AM   19    0.00    0.00    0.00    0.00    0.00    0.00    0.00    0.00    0.00  100.00
01:25:38 AM   20    1.00    0.00    0.00    0.00    0.00    0.00    0.00    0.00    0.00   99.00
01:25:38 AM   21    0.00    0.00    0.00    0.00    0.00    0.00    0.00    0.00    0.00  100.00
01:25:38 AM   22    0.00    0.00    0.00    0.00    0.00    0.00    0.00    0.00    0.00  100.00
01:25:38 AM   23    0.00    0.00    0.00    0.00    0.00    0.00    0.00    0.00    0.00  100.00
01:25:38 AM   24   79.21    0.00   14.85    0.00    0.00    5.94    0.00    0.00    0.00    0.00
01:25:38 AM   25   69.70    0.00   14.14    0.00    0.00    7.07    0.00    0.00    0.00    9.09
01:25:38 AM   26    0.00    0.00    0.00    0.00    0.00    0.00    0.00    0.00    0.00  100.00
01:25:38 AM   27    0.00    0.00    0.00    0.00    0.00    0.00    0.00    0.00    0.00  100.00
01:25:38 AM   28    0.00    0.00    0.00    0.00    0.00    0.00    0.00    0.00    0.00  100.00
01:25:38 AM   29    0.00    0.00    0.00    0.00    0.00    0.00    0.00    0.00    0.00  100.00
01:25:38 AM   30    0.00    0.00    0.00    0.00    0.00    0.00    0.00    0.00    0.00  100.00
01:25:38 AM   31    0.00    0.00    0.00    0.00    0.00    0.00    0.00    0.00    0.00  100.00
01:25:38 AM   32    0.00    0.00    0.00    0.00    0.00    0.00    0.00    0.00    0.00  100.00
01:25:38 AM   33    0.00    0.00    0.00    0.00    0.00    0.00    0.00    0.00    0.00  100.00
01:25:38 AM   34    0.00    0.00    0.00    0.00    0.00    0.00    0.00    0.00    0.00  100.00
01:25:38 AM   35    0.00    0.00    0.00    0.00    0.00    0.00    0.00    0.00    0.00  100.00

01:25:38 AM  CPU    %usr   %nice    %sys %iowait    %irq   %soft  %steal  %guest  %gnice   %idle
01:25:39 AM  all    6.51    0.00    2.33    0.03    0.00    0.87    0.00    0.00    0.00   90.26
01:25:39 AM    0    5.83    0.00    5.83    0.00    0.00    8.74    0.00    0.00    0.00   79.61
01:25:39 AM    1    3.06    0.00    2.04    0.00    0.00    3.06    0.00    0.00    0.00   91.84
01:25:39 AM    2    5.05    0.00    2.02    0.00    0.00    3.03    0.00    0.00    0.00   89.90
01:25:39 AM    3    4.12    0.00    3.09    1.03    0.00    1.03    0.00    0.00    0.00   90.72
01:25:39 AM    4    1.05    0.00    2.11    0.00    0.00    1.05    0.00    0.00    0.00   95.79
01:25:39 AM    5    4.17    0.00    3.12    0.00    0.00    0.00    0.00    0.00    0.00   92.71
01:25:39 AM    6    9.90    0.00   12.87    0.00    0.00    0.00    0.00    0.00    0.00   77.23
01:25:39 AM    7    5.05    0.00    4.04    0.00    0.00    0.00    0.00    0.00    0.00   90.91
01:25:39 AM    8    4.00    0.00    4.00    0.00    0.00    1.00    0.00    0.00    0.00   91.00
01:25:39 AM    9    5.05    0.00    2.02    0.00    0.00    1.01    0.00    0.00    0.00   91.92
01:25:39 AM   10    3.12    0.00    2.08    0.00    0.00    0.00    0.00    0.00    0.00   94.79
01:25:39 AM   11    6.12    0.00    2.04    0.00    0.00    1.02    0.00    0.00    0.00   90.82
01:25:39 AM   12    3.09    0.00    3.09    0.00    0.00    0.00    0.00    0.00    0.00   93.81
01:25:39 AM   13    4.12    0.00    1.03    0.00    0.00    0.00    0.00    0.00    0.00   94.85
01:25:39 AM   14    3.12    0.00    3.12    0.00    0.00    0.00    0.00    0.00    0.00   93.75
01:25:39 AM   15    4.00    0.00    3.00    0.00    0.00    0.00    0.00    0.00    0.00   93.00
01:25:39 AM   16    5.21    0.00    2.08    0.00    0.00    0.00    0.00    0.00    0.00   92.71
01:25:39 AM   17    3.00    0.00    2.00    0.00    0.00    0.00    0.00    0.00    0.00   95.00
01:25:39 AM   18    0.00    0.00    0.00    0.00    0.00    0.00    0.00    0.00    0.00  100.00
01:25:39 AM   19    0.00    0.00    0.00    0.00    0.00    0.00    0.00    0.00    0.00  100.00
01:25:39 AM   20    0.00    0.00    0.00    0.00    0.00    0.00    0.00    0.00    0.00  100.00
01:25:39 AM   21    0.00    0.00    0.00    0.00    0.00    0.00    0.00    0.00    0.00  100.00
01:25:39 AM   22    0.00    0.00    0.00    0.00    0.00    0.00    0.00    0.00    0.00  100.00
01:25:39 AM   23    0.00    0.00    0.00    0.00    0.00    0.00    0.00    0.00    0.00  100.00
01:25:39 AM   24   82.83    0.00   11.11    0.00    0.00    6.06    0.00    0.00    0.00    0.00
01:25:39 AM   25   73.47    0.00   12.24    0.00    0.00    5.10    0.00    0.00    0.00    9.18
01:25:39 AM   26    0.00    0.00    0.00    0.00    0.00    0.00    0.00    0.00    0.00  100.00
01:25:39 AM   27    0.00    0.00    0.00    0.00    0.00    0.00    0.00    0.00    0.00  100.00
01:25:39 AM   28    0.00    0.00    0.00    0.00    0.00    0.00    0.00    0.00    0.00  100.00
01:25:39 AM   29    0.00    0.00    1.00    0.00    0.00    0.00    0.00    0.00    0.00   99.00
01:25:39 AM   30    0.00    0.00    0.00    0.00    0.00    0.00    0.00    0.00    0.00  100.00
01:25:39 AM   31    0.00    0.00    0.00    0.00    0.00    0.00    0.00    0.00    0.00  100.00
01:25:39 AM   32    0.00    0.00    0.00    0.00    0.00    0.00    0.00    0.00    0.00  100.00
01:25:39 AM   33    0.00    0.00    0.00    0.00    0.00    0.00    0.00    0.00    0.00  100.00
01:25:39 AM   34    0.00    0.00    0.00    0.00    0.00    0.00    0.00    0.00    0.00  100.00
01:25:39 AM   35    0.00    0.00    0.00    0.00    0.00    0.00    0.00    0.00    0.00  100.00

01:25:39 AM  CPU    %usr   %nice    %sys %iowait    %irq   %soft  %steal  %guest  %gnice   %idle
01:25:40 AM  all    6.67    0.00    2.25    0.03    0.00    0.84    0.00    0.00    0.00   90.21
01:25:40 AM    0    2.88    0.00    1.92    0.00    0.00    8.65    0.00    0.00    0.00   86.54
01:25:40 AM    1    5.05    0.00    3.03    0.00    0.00    2.02    0.00    0.00    0.00   89.90
01:25:40 AM    2    4.17    0.00    1.04    0.00    0.00    1.04    0.00    0.00    0.00   93.75
01:25:40 AM    3    4.17    0.00    1.04    0.00    0.00    0.00    0.00    0.00    0.00   94.79
01:25:40 AM    4    4.00    0.00    5.00    0.00    0.00    1.00    0.00    0.00    0.00   90.00
01:25:40 AM    5    4.08    0.00    1.02    0.00    0.00    2.04    0.00    0.00    0.00   92.86
01:25:40 AM    6    8.08    0.00    4.04    0.00    0.00    0.00    0.00    0.00    0.00   87.88
01:25:40 AM    7    6.32    0.00    0.00    0.00    0.00    0.00    0.00    0.00    0.00   93.68
01:25:40 AM    8    5.21    0.00    3.12    0.00    0.00    0.00    0.00    0.00    0.00   91.67
01:25:40 AM    9    8.16    0.00    3.06    0.00    0.00    0.00    0.00    0.00    0.00   88.78
01:25:40 AM   10    5.26    0.00    1.05    0.00    0.00    0.00    0.00    0.00    0.00   93.68
01:25:40 AM   11    5.10    0.00    3.06    0.00    0.00    0.00    0.00    0.00    0.00   91.84
01:25:40 AM   12    5.10    0.00    4.08    0.00    0.00    0.00    0.00    0.00    0.00   90.82
01:25:40 AM   13    4.17    0.00    2.08    0.00    0.00    0.00    0.00    0.00    0.00   93.75
01:25:40 AM   14    9.09    0.00    3.03    1.01    0.00    0.00    0.00    0.00    0.00   86.87
01:25:40 AM   15    4.21    0.00    2.11    0.00    0.00    0.00    0.00    0.00    0.00   93.68
01:25:40 AM   16    3.09    0.00    1.03    0.00    0.00    1.03    0.00    0.00    0.00   94.85
01:25:40 AM   17    4.17    0.00    7.29    0.00    0.00    0.00    0.00    0.00    0.00   88.54
01:25:40 AM   18    0.00    0.00    0.00    0.00    0.00    0.00    0.00    0.00    0.00  100.00
01:25:40 AM   19    0.00    0.00    0.00    0.00    0.00    0.00    0.00    0.00    0.00  100.00
01:25:40 AM   20    0.00    0.00    1.00    0.00    0.00    0.00    0.00    0.00    0.00   99.00
01:25:40 AM   21    0.00    0.00    0.00    0.00    0.00    0.00    0.00    0.00    0.00  100.00
01:25:40 AM   22    0.00    0.00    0.00    0.00    0.00    0.00    0.00    0.00    0.00  100.00
01:25:40 AM   23    0.00    0.00    0.00    0.00    0.00    0.00    0.00    0.00    0.00  100.00
01:25:40 AM   24   78.00    0.00   17.00    0.00    0.00    5.00    0.00    0.00    0.00    0.00
01:25:40 AM   25   67.65    0.00   15.69    0.00    0.00    8.82    0.00    0.00    0.00    7.84
01:25:40 AM   26    0.00    0.00    0.00    0.00    0.00    0.00    0.00    0.00    0.00  100.00
01:25:40 AM   27    0.00    0.00    0.00    0.00    0.00    0.00    0.00    0.00    0.00  100.00
01:25:40 AM   28    0.00    0.00    0.00    0.00    0.00    0.00    0.00    0.00    0.00  100.00
01:25:40 AM   29    0.00    0.00    0.00    0.00    0.00    0.00    0.00    0.00    0.00  100.00
01:25:40 AM   30    0.00    0.00    0.00    0.00    0.00    0.00    0.00    0.00    0.00  100.00
01:25:40 AM   31    0.00    0.00    0.00    0.00    0.00    0.00    0.00    0.00    0.00  100.00
01:25:40 AM   32    0.00    0.00    0.00    0.00    0.00    0.00    0.00    0.00    0.00  100.00
01:25:40 AM   33    0.00    0.00    0.00    0.00    0.00    0.00    0.00    0.00    0.00  100.00
01:25:40 AM   34    0.00    0.00    0.00    0.00    0.00    0.00    0.00    0.00    0.00  100.00
01:25:40 AM   35    0.00    0.00    0.00    0.00    0.00    0.00    0.00    0.00    0.00  100.00

01:25:40 AM  CPU    %usr   %nice    %sys %iowait    %irq   %soft  %steal  %guest  %gnice   %idle
01:25:41 AM  all    6.20    0.00    1.99    0.03    0.00    0.67    0.00    0.00    0.00   91.11
01:25:41 AM    0    4.76    0.00    2.86    0.95    0.00    7.62    0.00    0.00    0.00   83.81
01:25:41 AM    1    3.03    0.00    1.01    0.00    0.00    3.03    0.00    0.00    0.00   92.93
01:25:41 AM    2    9.18    0.00    1.02    0.00    0.00    1.02    0.00    0.00    0.00   88.78
01:25:41 AM    3    5.10    0.00    1.02    0.00    0.00    1.02    0.00    0.00    0.00   92.86
01:25:41 AM    4    4.12    0.00    3.09    0.00    0.00    0.00    0.00    0.00    0.00   92.78
01:25:41 AM    5    3.09    0.00    3.09    0.00    0.00    0.00    0.00    0.00    0.00   93.81
01:25:41 AM    6    7.22    0.00    1.03    0.00    0.00    0.00    0.00    0.00    0.00   91.75
01:25:41 AM    7    2.06    0.00    2.06    0.00    0.00    1.03    0.00    0.00    0.00   94.85
01:25:41 AM    8    5.05    0.00    1.01    0.00    0.00    0.00    0.00    0.00    0.00   93.94
01:25:41 AM    9    2.06    0.00    2.06    0.00    0.00    0.00    0.00    0.00    0.00   95.88
01:25:41 AM   10    4.12    0.00    3.09    0.00    0.00    0.00    0.00    0.00    0.00   92.78
01:25:41 AM   11    5.15    0.00    1.03    0.00    0.00    0.00    0.00    0.00    0.00   93.81
01:25:41 AM   12    3.09    0.00    2.06    0.00    0.00    0.00    0.00    0.00    0.00   94.85
01:25:41 AM   13    3.09    0.00    2.06    0.00    0.00    0.00    0.00    0.00    0.00   94.85
01:25:41 AM   14    4.04    0.00    2.02    0.00    0.00    0.00    0.00    0.00    0.00   93.94
01:25:41 AM   15    4.12    0.00    2.06    0.00    0.00    0.00    0.00    0.00    0.00   93.81
01:25:41 AM   16    4.12    0.00    3.09    0.00    0.00    0.00    0.00    0.00    0.00   92.78
01:25:41 AM   17    2.04    0.00    1.02    0.00    0.00    0.00    0.00    0.00    0.00   96.94
01:25:41 AM   18    0.00    0.00    0.00    0.00    0.00    0.00    0.00    0.00    0.00  100.00
01:25:41 AM   19    0.00    0.00    0.00    0.00    0.00    0.00    0.00    0.00    0.00  100.00
01:25:41 AM   20    0.00    0.00    0.00    0.00    0.00    0.00    0.00    0.00    0.00  100.00
01:25:41 AM   21    0.00    0.00    0.00    0.00    0.00    0.00    0.00    0.00    0.00  100.00
01:25:41 AM   22    0.00    0.00    0.00    0.00    0.00    0.00    0.00    0.00    0.00  100.00
01:25:41 AM   23    0.00    0.00    0.00    0.00    0.00    0.00    0.00    0.00    0.00  100.00
01:25:41 AM   24   78.00    0.00   17.00    0.00    0.00    5.00    0.00    0.00    0.00    0.00
01:25:41 AM   25   66.99    0.00   19.42    0.00    0.00    4.85    0.00    0.00    0.00    8.74
01:25:41 AM   26    0.00    0.00    0.00    0.00    0.00    0.00    0.00    0.00    0.00  100.00
01:25:41 AM   27    0.00    0.00    0.00    0.00    0.00    0.00    0.00    0.00    0.00  100.00
01:25:41 AM   28    0.00    0.00    0.00    0.00    0.00    0.00    0.00    0.00    0.00  100.00
01:25:41 AM   29    0.00    0.00    0.00    0.00    0.00    0.00    0.00    0.00    0.00  100.00
01:25:41 AM   30    0.00    0.00    0.00    0.00    0.00    0.00    0.00    0.00    0.00  100.00
01:25:41 AM   31    0.00    0.00    0.00    0.00    0.00    0.00    0.00    0.00    0.00  100.00
01:25:41 AM   32    0.00    0.00    0.00    0.00    0.00    0.00    0.00    0.00    0.00  100.00
01:25:41 AM   33    0.00    0.00    0.00    0.00    0.00    0.00    0.00    0.00    0.00  100.00
01:25:41 AM   34    0.00    0.00    0.00    0.00    0.00    0.00    0.00    0.00    0.00  100.00
01:25:41 AM   35    0.00    0.00    0.00    0.00    0.00    0.00    0.00    0.00    0.00  100.00

Average:     CPU    %usr   %nice    %sys %iowait    %irq   %soft  %steal  %guest  %gnice   %idle
Average:     all    6.64    0.00    2.26    0.04    0.00    0.82    0.00    0.00    0.00   90.24
Average:       0    6.07    0.00    3.76    0.10    0.00    7.32    0.00    0.00    0.00   82.76
Average:       1    5.29    0.00    2.30    0.10    0.00    3.30    0.00    0.00    0.00   89.01
Average:       2    7.07    0.00    3.74    0.10    0.00    1.52    0.00    0.00    0.00   87.58
Average:       3    5.80    0.00    2.34    0.10    0.00    0.92    0.00    0.00    0.00   90.84
Average:       4    5.00    0.00    2.76    0.10    0.00    0.82    0.00    0.00    0.00   91.33
Average:       5    4.42    0.00    3.49    0.00    0.00    0.41    0.00    0.00    0.00   91.68
Average:       6    6.83    0.00    4.99    0.20    0.00    0.31    0.00    0.00    0.00   87.67
Average:       7    5.04    0.00    2.57    0.00    0.00    0.31    0.00    0.00    0.00   92.08
Average:       8    4.60    0.00    2.66    0.00    0.00    0.20    0.00    0.00    0.00   92.54
Average:       9    5.41    0.00    2.55    0.10    0.00    0.31    0.00    0.00    0.00   91.63
Average:      10    5.05    0.00    2.27    0.10    0.00    0.10    0.00    0.00    0.00   92.47
Average:      11    5.12    0.00    2.76    0.10    0.00    0.41    0.00    0.00    0.00   91.61
Average:      12    4.80    0.00    2.96    0.00    0.00    0.41    0.00    0.00    0.00   91.84
Average:      13    5.57    0.00    1.96    0.10    0.00    0.21    0.00    0.00    0.00   92.16
Average:      14    4.76    0.00    2.48    0.31    0.00    0.10    0.00    0.00    0.00   92.35
Average:      15    5.48    0.00    1.86    0.00    0.00    0.00    0.00    0.00    0.00   92.67
Average:      16    5.64    0.00    5.13    0.10    0.00    0.31    0.00    0.00    0.00   88.82
Average:      17    3.15    0.00    1.73    0.10    0.00    0.20    0.00    0.00    0.00   94.81
Average:      18    0.00    0.00    0.00    0.00    0.00    0.00    0.00    0.00    0.00  100.00
Average:      19    0.00    0.00    0.00    0.00    0.00    0.00    0.00    0.00    0.00  100.00
Average:      20    0.10    0.00    0.20    0.00    0.00    0.00    0.00    0.00    0.00   99.70
Average:      21    0.10    0.00    0.00    0.00    0.00    0.00    0.00    0.00    0.00   99.90
Average:      22    0.00    0.00    0.00    0.00    0.00    0.00    0.00    0.00    0.00  100.00
Average:      23    0.00    0.00    0.00    0.00    0.00    0.00    0.00    0.00    0.00  100.00
Average:      24   75.38    0.00   14.51    0.00    0.00    5.81    0.00    0.00    0.00    4.30
Average:      25   67.06    0.00   14.29    0.00    0.00    6.05    0.00    0.00    0.00   12.60
Average:      26    0.00    0.00    0.00    0.00    0.00    0.00    0.00    0.00    0.00  100.00
Average:      27    0.00    0.00    0.00    0.00    0.00    0.00    0.00    0.00    0.00  100.00
Average:      28    0.00    0.00    0.00    0.00    0.00    0.00    0.00    0.00    0.00  100.00
Average:      29    0.00    0.00    0.10    0.00    0.00    0.00    0.00    0.00    0.00   99.90
Average:      30    0.00    0.00    0.00    0.00    0.00    0.00    0.00    0.00    0.00  100.00
Average:      31    0.00    0.00    0.00    0.00    0.00    0.00    0.00    0.00    0.00  100.00
Average:      32    0.00    0.00    0.00    0.00    0.00    0.00    0.00    0.00    0.00  100.00
Average:      33    0.10    0.00    0.00    0.00    0.00    0.00    0.00    0.00    0.00   99.90
Average:      34    0.00    0.00    0.00    0.00    0.00    0.00    0.00    0.00    0.00  100.00
Average:      35    0.00    0.00    0.00    0.00    0.00    0.00    0.00    0.00    0.00  100.00
