Linux 5.15.0-186-generic (rapids4) 	08/11/2026 	_x86_64_	(36 CPU)

02:09:52 AM  CPU    %usr   %nice    %sys %iowait    %irq   %soft  %steal  %guest  %gnice   %idle
02:09:53 AM  all    6.07    0.00    2.60    0.06    0.00    0.45    0.00    0.00    0.00   90.83
02:09:53 AM    0    7.22    0.00    1.03    0.00    0.00    2.06    0.00    0.00    0.00   89.69
02:09:53 AM    1    6.06    0.00    2.02    0.00    0.00    2.02    0.00    0.00    0.00   89.90
02:09:53 AM    2    7.07    0.00    4.04    0.00    0.00    0.00    0.00    0.00    0.00   88.89
02:09:53 AM    3    7.77    0.00    3.88    0.00    0.00    1.94    0.00    0.00    0.00   86.41
02:09:53 AM    4    8.08    0.00    5.05    0.00    0.00    0.00    0.00    0.00    0.00   86.87
02:09:53 AM    5    7.14    0.00    2.04    0.00    0.00    0.00    0.00    0.00    0.00   90.82
02:09:53 AM    6    9.00    0.00    2.00    0.00    0.00    0.00    0.00    0.00    0.00   89.00
02:09:53 AM    7    7.14    0.00    2.04    1.02    0.00    0.00    0.00    0.00    0.00   89.80
02:09:53 AM    8    7.07    0.00    4.04    0.00    0.00    0.00    0.00    0.00    0.00   88.89
02:09:53 AM    9    8.00    0.00    2.00    0.00    0.00    0.00    0.00    0.00    0.00   90.00
02:09:53 AM   10    5.26    0.00    1.05    0.00    0.00    0.00    0.00    0.00    0.00   93.68
02:09:53 AM   11   11.34    0.00    3.09    0.00    0.00    0.00    0.00    0.00    0.00   85.57
02:09:53 AM   12    7.00    0.00    4.00    0.00    0.00    1.00    0.00    0.00    0.00   88.00
02:09:53 AM   13    6.25    0.00    4.17    0.00    0.00    0.00    0.00    0.00    0.00   89.58
02:09:53 AM   14   13.13    0.00    5.05    0.00    0.00    0.00    0.00    0.00    0.00   81.82
02:09:53 AM   15    9.18    0.00    3.06    0.00    0.00    0.00    0.00    0.00    0.00   87.76
02:09:53 AM   16   13.27    0.00    6.12    0.00    0.00    0.00    0.00    0.00    0.00   80.61
02:09:53 AM   17    7.84    0.00    8.82    0.00    0.00    0.00    0.00    0.00    0.00   83.33
02:09:53 AM   18    0.00    0.00    0.00    0.00    0.00    0.00    0.00    0.00    0.00  100.00
02:09:53 AM   19    0.00    0.00    0.00    0.00    0.00    0.00    0.00    0.00    0.00  100.00
02:09:53 AM   20   39.00    0.00   15.00    0.00    0.00    4.00    0.00    0.00    0.00   42.00
02:09:53 AM   21   32.65    0.00   14.29    0.00    0.00    5.10    0.00    0.00    0.00   47.96
02:09:53 AM   22    0.00    0.00    0.00    0.00    0.00    0.00    0.00    0.00    0.00  100.00
02:09:53 AM   23    0.00    0.00    0.00    0.00    0.00    0.00    0.00    0.00    0.00  100.00
02:09:53 AM   24    0.00    0.00    0.00    0.00    0.00    0.00    0.00    0.00    0.00  100.00
02:09:53 AM   25    0.00    0.00    0.99    0.00    0.00    0.00    0.00    0.00    0.00   99.01
02:09:53 AM   26    0.00    0.00    0.00    0.00    0.00    0.00    0.00    0.00    0.00  100.00
02:09:53 AM   27    0.00    0.00    0.00    0.00    0.00    0.00    0.00    0.00    0.00  100.00
02:09:53 AM   28    0.00    0.00    0.00    0.00    0.00    0.00    0.00    0.00    0.00  100.00
02:09:53 AM   29    0.00    0.00    0.00    0.00    0.00    0.00    0.00    0.00    0.00  100.00
02:09:53 AM   30    0.00    0.00    0.00    0.00    0.00    0.00    0.00    0.00    0.00  100.00
02:09:53 AM   31    0.00    0.00    0.00    0.00    0.00    0.00    0.00    0.00    0.00  100.00
02:09:53 AM   32    0.00    0.00    0.00    0.00    0.00    0.00    0.00    0.00    0.00  100.00
02:09:53 AM   33    0.00    0.00    0.00    0.00    0.00    0.00    0.00    0.00    0.00  100.00
02:09:53 AM   34    0.00    0.00    0.00    0.99    0.00    0.00    0.00    0.00    0.00   99.01
02:09:53 AM   35    0.00    0.00    0.00    0.00    0.00    0.00    0.00    0.00    0.00  100.00

02:09:53 AM  CPU    %usr   %nice    %sys %iowait    %irq   %soft  %steal  %guest  %gnice   %idle
02:09:54 AM  all    5.66    0.00    2.33    0.06    0.00    0.90    0.00    0.00    0.00   91.06
02:09:54 AM    0    2.91    0.00    0.97    0.00    0.00    9.71    0.00    0.00    0.00   86.41
02:09:54 AM    1    4.00    0.00    2.00    1.00    0.00    3.00    0.00    0.00    0.00   90.00
02:09:54 AM    2    2.91    0.00    2.91    0.00    0.00    3.88    0.00    0.00    0.00   90.29
02:09:54 AM    3    3.09    0.00    2.06    0.00    0.00    0.00    0.00    0.00    0.00   94.85
02:09:54 AM    4    2.08    0.00    2.08    1.04    0.00    0.00    0.00    0.00    0.00   94.79
02:09:54 AM    5    2.08    0.00    2.08    0.00    0.00    0.00    0.00    0.00    0.00   95.83
02:09:54 AM    6    4.17    0.00    2.08    0.00    0.00    0.00    0.00    0.00    0.00   93.75
02:09:54 AM    7    3.12    0.00    1.04    0.00    0.00    0.00    0.00    0.00    0.00   95.83
02:09:54 AM    8    4.04    0.00    3.03    0.00    0.00    0.00    0.00    0.00    0.00   92.93
02:09:54 AM    9    4.08    0.00    1.02    0.00    0.00    1.02    0.00    0.00    0.00   93.88
02:09:54 AM   10    4.12    0.00    1.03    0.00    0.00    0.00    0.00    0.00    0.00   94.85
02:09:54 AM   11    4.17    0.00    0.00    0.00    0.00    0.00    0.00    0.00    0.00   95.83
02:09:54 AM   12    6.00    0.00    2.00    0.00    0.00    1.00    0.00    0.00    0.00   91.00
02:09:54 AM   13    7.07    0.00    3.03    0.00    0.00    0.00    0.00    0.00    0.00   89.90
02:09:54 AM   14    6.19    0.00    1.03    0.00    0.00    0.00    0.00    0.00    0.00   92.78
02:09:54 AM   15    5.10    0.00    1.02    0.00    0.00    0.00    0.00    0.00    0.00   93.88
02:09:54 AM   16    6.06    0.00    2.02    0.00    0.00    0.00    0.00    0.00    0.00   91.92
02:09:54 AM   17    3.06    0.00    1.02    0.00    0.00    0.00    0.00    0.00    0.00   95.92
02:09:54 AM   18    0.00    0.00    0.00    0.00    0.00    0.00    0.00    0.00    0.00  100.00
02:09:54 AM   19    0.00    0.00    0.00    0.00    0.00    0.00    0.00    0.00    0.00  100.00
02:09:54 AM   20   65.35    0.00   28.71    0.00    0.00    5.94    0.00    0.00    0.00    0.00
02:09:54 AM   21   62.00    0.00   24.00    0.00    0.00    7.00    0.00    0.00    0.00    7.00
02:09:54 AM   22    0.00    0.00    0.00    0.00    0.00    0.00    0.00    0.00    0.00  100.00
02:09:54 AM   23    0.00    0.00    0.00    0.00    0.00    0.00    0.00    0.00    0.00  100.00
02:09:54 AM   24    1.00    0.00    0.00    0.00    0.00    0.00    0.00    0.00    0.00   99.00
02:09:54 AM   25    0.00    0.00    0.00    0.00    0.00    0.00    0.00    0.00    0.00  100.00
02:09:54 AM   26    0.00    0.00    0.00    0.00    0.00    0.00    0.00    0.00    0.00  100.00
02:09:54 AM   27    0.00    0.00    0.00    0.00    0.00    0.00    0.00    0.00    0.00  100.00
02:09:54 AM   28    0.00    0.00    0.00    0.00    0.00    0.00    0.00    0.00    0.00  100.00
02:09:54 AM   29    0.00    0.00    0.00    0.00    0.00    0.00    0.00    0.00    0.00  100.00
02:09:54 AM   30    0.00    0.00    0.00    0.00    0.00    0.00    0.00    0.00    0.00  100.00
02:09:54 AM   31    0.00    0.00    0.00    0.00    0.00    0.00    0.00    0.00    0.00  100.00
02:09:54 AM   32    0.00    0.00    0.00    0.00    0.00    0.00    0.00    0.00    0.00  100.00
02:09:54 AM   33    0.00    0.00    0.00    0.00    0.00    0.00    0.00    0.00    0.00  100.00
02:09:54 AM   34    0.00    0.00    0.00    0.00    0.00    0.00    0.00    0.00    0.00  100.00
02:09:54 AM   35    0.00    0.00    0.00    0.00    0.00    0.00    0.00    0.00    0.00  100.00

02:09:54 AM  CPU    %usr   %nice    %sys %iowait    %irq   %soft  %steal  %guest  %gnice   %idle
02:09:55 AM  all    5.81    0.00    3.06    0.00    0.00    1.07    0.00    0.00    0.00   90.07
02:09:55 AM    0    5.50    0.00    2.75    0.00    0.00    9.17    0.00    0.00    0.00   82.57
02:09:55 AM    1   10.10    0.00    3.03    0.00    0.00    2.02    0.00    0.00    0.00   84.85
02:09:55 AM    2    4.12    0.00    2.06    0.00    0.00    2.06    0.00    0.00    0.00   91.75
02:09:55 AM    3    4.08    0.00    3.06    0.00    0.00    2.04    0.00    0.00    0.00   90.82
02:09:55 AM    4    6.06    0.00    3.03    0.00    0.00    0.00    0.00    0.00    0.00   90.91
02:09:55 AM    5    5.15    0.00    1.03    0.00    0.00    1.03    0.00    0.00    0.00   92.78
02:09:55 AM    6    4.12    0.00    3.09    0.00    0.00    0.00    0.00    0.00    0.00   92.78
02:09:55 AM    7    5.10    0.00    3.06    0.00    0.00    0.00    0.00    0.00    0.00   91.84
02:09:55 AM    8    4.08    0.00    3.06    0.00    0.00    0.00    0.00    0.00    0.00   92.86
02:09:55 AM    9    6.12    0.00    1.02    0.00    0.00    0.00    0.00    0.00    0.00   92.86
02:09:55 AM   10    2.13    0.00    7.45    0.00    0.00    0.00    0.00    0.00    0.00   90.43
02:09:55 AM   11    4.17    0.00    1.04    0.00    0.00    0.00    0.00    0.00    0.00   94.79
02:09:55 AM   12    6.12    0.00    1.02    0.00    0.00    1.02    0.00    0.00    0.00   91.84
02:09:55 AM   13    5.10    0.00    2.04    0.00    0.00    1.02    0.00    0.00    0.00   91.84
02:09:55 AM   14    4.00    0.00    4.00    0.00    0.00    1.00    0.00    0.00    0.00   91.00
02:09:55 AM   15    3.09    0.00    3.09    0.00    0.00    1.03    0.00    0.00    0.00   92.78
02:09:55 AM   16    4.12    0.00    4.12    0.00    0.00    0.00    0.00    0.00    0.00   91.75
02:09:55 AM   17    4.12    0.00    6.19    0.00    0.00    0.00    0.00    0.00    0.00   89.69
02:09:55 AM   18    0.00    0.00    0.00    0.00    0.00    0.00    0.00    0.00    0.00  100.00
02:09:55 AM   19    0.00    0.00    0.00    0.00    0.00    0.00    0.00    0.00    0.00  100.00
02:09:55 AM   20   65.00    0.00   26.00    0.00    0.00    9.00    0.00    0.00    0.00    0.00
02:09:55 AM   21   55.45    0.00   28.71    0.00    0.00    7.92    0.00    0.00    0.00    7.92
02:09:55 AM   22    0.00    0.00    0.00    0.00    0.00    0.00    0.00    0.00    0.00  100.00
02:09:55 AM   23    0.00    0.00    0.00    0.00    0.00    0.00    0.00    0.00    0.00  100.00
02:09:55 AM   24    0.00    0.00    0.00    0.00    0.00    0.00    0.00    0.00    0.00  100.00
02:09:55 AM   25    0.00    0.00    1.00    0.00    0.00    0.00    0.00    0.00    0.00   99.00
02:09:55 AM   26    0.00    0.00    0.00    0.00    0.00    0.00    0.00    0.00    0.00  100.00
02:09:55 AM   27    0.00    0.00    0.00    0.00    0.00    0.00    0.00    0.00    0.00  100.00
02:09:55 AM   28    0.00    0.00    0.00    0.00    0.00    0.00    0.00    0.00    0.00  100.00
02:09:55 AM   29    0.00    0.00    0.00    0.00    0.00    0.00    0.00    0.00    0.00  100.00
02:09:55 AM   30    0.00    0.00    0.00    0.00    0.00    0.00    0.00    0.00    0.00  100.00
02:09:55 AM   31    0.00    0.00    0.00    0.00    0.00    0.00    0.00    0.00    0.00  100.00
02:09:55 AM   32    0.00    0.00    0.00    0.00    0.00    0.00    0.00    0.00    0.00  100.00
02:09:55 AM   33    0.00    0.00    0.00    0.00    0.00    0.00    0.00    0.00    0.00  100.00
02:09:55 AM   34    0.00    0.00    0.00    0.00    0.00    0.00    0.00    0.00    0.00  100.00
02:09:55 AM   35    0.00    0.00    0.00    0.00    0.00    0.00    0.00    0.00    0.00  100.00

02:09:55 AM  CPU    %usr   %nice    %sys %iowait    %irq   %soft  %steal  %guest  %gnice   %idle
02:09:56 AM  all    5.17    0.00    2.72    0.22    0.00    1.09    0.00    0.00    0.00   90.79
02:09:56 AM    0    2.78    0.00    2.78    0.00    0.00   12.04    0.00    0.00    0.00   82.41
02:09:56 AM    1    4.00    0.00    1.00    0.00    0.00    3.00    0.00    0.00    0.00   92.00
02:09:56 AM    2    2.04    0.00    3.06    0.00    0.00    2.04    0.00    0.00    0.00   92.86
02:09:56 AM    3    5.05    0.00    1.01    1.01    0.00    2.02    0.00    0.00    0.00   90.91
02:09:56 AM    4    2.04    0.00    3.06    0.00    0.00    1.02    0.00    0.00    0.00   93.88
02:09:56 AM    5    2.06    0.00    2.06    1.03    0.00    1.03    0.00    0.00    0.00   93.81
02:09:56 AM    6    5.10    0.00    2.04    0.00    0.00    0.00    0.00    0.00    0.00   92.86
02:09:56 AM    7    4.08    0.00    3.06    0.00    0.00    0.00    0.00    0.00    0.00   92.86
02:09:56 AM    8    3.12    0.00    1.04    1.04    0.00    1.04    0.00    0.00    0.00   93.75
02:09:56 AM    9    2.06    0.00    1.03    2.06    0.00    0.00    0.00    0.00    0.00   94.85
02:09:56 AM   10    3.12    0.00    1.04    0.00    0.00    0.00    0.00    0.00    0.00   95.83
02:09:56 AM   11    5.10    0.00    3.06    0.00    0.00    0.00    0.00    0.00    0.00   91.84
02:09:56 AM   12    1.04    0.00    2.08    1.04    0.00    0.00    0.00    0.00    0.00   95.83
02:09:56 AM   13    3.09    0.00    2.06    0.00    0.00    0.00    0.00    0.00    0.00   94.85
02:09:56 AM   14    5.15    0.00    2.06    0.00    0.00    0.00    0.00    0.00    0.00   92.78
02:09:56 AM   15    8.33    0.00    1.04    0.00    0.00    0.00    0.00    0.00    0.00   90.62
02:09:56 AM   16    3.12    0.00    2.08    0.00    0.00    0.00    0.00    0.00    0.00   94.79
02:09:56 AM   17    4.04    0.00    8.08    1.01    0.00    0.00    0.00    0.00    0.00   86.87
02:09:56 AM   18    0.00    0.00    0.00    0.00    0.00    0.00    0.00    0.00    0.00  100.00
02:09:56 AM   19    0.00    0.00    0.00    0.00    0.00    0.00    0.00    0.00    0.00  100.00
02:09:56 AM   20   61.62    0.00   30.30    0.00    0.00    8.08    0.00    0.00    0.00    0.00
02:09:56 AM   21   58.42    0.00   25.74    0.00    0.00    7.92    0.00    0.00    0.00    7.92
02:09:56 AM   22    0.00    0.00    0.00    0.00    0.00    0.00    0.00    0.00    0.00  100.00
02:09:56 AM   23    0.00    0.00    0.00    0.00    0.00    0.00    0.00    0.00    0.00  100.00
02:09:56 AM   24    0.00    0.00    0.00    0.00    0.00    0.00    0.00    0.00    0.00  100.00
02:09:56 AM   25    0.00    0.00    0.00    0.00    0.00    0.00    0.00    0.00    0.00  100.00
02:09:56 AM   26    0.00    0.00    0.00    0.00    0.00    0.00    0.00    0.00    0.00  100.00
02:09:56 AM   27    0.00    0.00    0.00    0.00    0.00    0.00    0.00    0.00    0.00  100.00
02:09:56 AM   28    0.00    0.00    0.00    0.00    0.00    0.00    0.00    0.00    0.00  100.00
02:09:56 AM   29    0.00    0.00    0.00    0.00    0.00    0.00    0.00    0.00    0.00  100.00
02:09:56 AM   30    0.00    0.00    0.00    0.00    0.00    0.00    0.00    0.00    0.00  100.00
02:09:56 AM   31    0.00    0.00    0.00    0.00    0.00    0.00    0.00    0.00    0.00  100.00
02:09:56 AM   32    0.00    0.00    0.00    0.00    0.00    0.00    0.00    0.00    0.00  100.00
02:09:56 AM   33    0.00    0.00    0.00    0.00    0.00    0.00    0.00    0.00    0.00  100.00
02:09:56 AM   34    0.00    0.00    0.00    1.00    0.00    0.00    0.00    0.00    0.00   99.00
02:09:56 AM   35    0.00    0.00    0.00    0.00    0.00    0.00    0.00    0.00    0.00  100.00

02:09:56 AM  CPU    %usr   %nice    %sys %iowait    %irq   %soft  %steal  %guest  %gnice   %idle
02:09:57 AM  all    5.31    0.00    2.95    0.03    0.00    0.87    0.00    0.00    0.00   90.85
02:09:57 AM    0    7.00    0.00    4.00    0.00    0.00    4.00    0.00    0.00    0.00   85.00
02:09:57 AM    1    2.02    0.00    3.03    0.00    0.00    3.03    0.00    0.00    0.00   91.92
02:09:57 AM    2    5.00    0.00    4.00    0.00    0.00    4.00    0.00    0.00    0.00   87.00
02:09:57 AM    3    3.06    0.00    4.08    0.00    0.00    0.00    0.00    0.00    0.00   92.86
02:09:57 AM    4    2.13    0.00    1.06    0.00    0.00    0.00    0.00    0.00    0.00   96.81
02:09:57 AM    5    5.10    0.00    2.04    0.00    0.00    0.00    0.00    0.00    0.00   92.86
02:09:57 AM    6    4.04    0.00    3.03    0.00    0.00    0.00    0.00    0.00    0.00   92.93
02:09:57 AM    7    5.10    0.00    3.06    0.00    0.00    0.00    0.00    0.00    0.00   91.84
02:09:57 AM    8    2.08    0.00    2.08    0.00    0.00    0.00    0.00    0.00    0.00   95.83
02:09:57 AM    9    4.08    0.00    3.06    1.02    0.00    0.00    0.00    0.00    0.00   91.84
02:09:57 AM   10    4.08    0.00    2.04    0.00    0.00    1.02    0.00    0.00    0.00   92.86
02:09:57 AM   11    5.10    0.00    3.06    0.00    0.00    1.02    0.00    0.00    0.00   90.82
02:09:57 AM   12    3.06    0.00    3.06    0.00    0.00    0.00    0.00    0.00    0.00   93.88
02:09:57 AM   13    3.09    0.00    2.06    0.00    0.00    0.00    0.00    0.00    0.00   94.85
02:09:57 AM   14    4.12    0.00    3.09    0.00    0.00    0.00    0.00    0.00    0.00   92.78
02:09:57 AM   15    5.05    0.00    2.02    0.00    0.00    1.01    0.00    0.00    0.00   91.92
02:09:57 AM   16    2.08    0.00    2.08    0.00    0.00    0.00    0.00    0.00    0.00   95.83
02:09:57 AM   17    1.02    0.00    2.04    0.00    0.00    0.00    0.00    0.00    0.00   96.94
02:09:57 AM   18    0.00    0.00    0.00    0.00    0.00    0.00    0.00    0.00    0.00  100.00
02:09:57 AM   19    0.00    0.00    0.00    0.00    0.00    0.00    0.00    0.00    0.00  100.00
02:09:57 AM   20   63.37    0.00   27.72    0.00    0.00    8.91    0.00    0.00    0.00    0.00
02:09:57 AM   21   58.42    0.00   26.73    0.00    0.00    7.92    0.00    0.00    0.00    6.93
02:09:57 AM   22    0.00    0.00    0.00    0.00    0.00    0.00    0.00    0.00    0.00  100.00
02:09:57 AM   23    0.00    0.00    0.00    0.00    0.00    0.00    0.00    0.00    0.00  100.00
02:09:57 AM   24    0.00    0.00    0.99    0.00    0.00    0.00    0.00    0.00    0.00   99.01
02:09:57 AM   25    0.00    0.00    0.00    0.00    0.00    0.00    0.00    0.00    0.00  100.00
02:09:57 AM   26    0.00    0.00    0.00    0.00    0.00    0.00    0.00    0.00    0.00  100.00
02:09:57 AM   27    0.00    0.00    0.00    0.00    0.00    0.00    0.00    0.00    0.00  100.00
02:09:57 AM   28    0.00    0.00    0.00    0.00    0.00    0.00    0.00    0.00    0.00  100.00
02:09:57 AM   29    0.00    0.00    1.00    0.00    0.00    0.00    0.00    0.00    0.00   99.00
02:09:57 AM   30    0.00    0.00    0.00    0.00    0.00    0.00    0.00    0.00    0.00  100.00
02:09:57 AM   31    0.00    0.00    0.00    0.00    0.00    0.00    0.00    0.00    0.00  100.00
02:09:57 AM   32    0.00    0.00    0.00    0.00    0.00    0.00    0.00    0.00    0.00  100.00
02:09:57 AM   33    0.00    0.00    0.00    0.00    0.00    0.00    0.00    0.00    0.00  100.00
02:09:57 AM   34    0.00    0.00    0.00    0.00    0.00    0.00    0.00    0.00    0.00  100.00
02:09:57 AM   35    0.00    0.00    0.00    0.00    0.00    0.00    0.00    0.00    0.00  100.00

02:09:57 AM  CPU    %usr   %nice    %sys %iowait    %irq   %soft  %steal  %guest  %gnice   %idle
02:09:58 AM  all    6.47    0.00    2.78    0.06    0.00    0.87    0.00    0.00    0.00   89.82
02:09:58 AM    0    8.57    0.00   14.29    0.00    0.00    8.57    0.00    0.00    0.00   68.57
02:09:58 AM    1    5.21    0.00    1.04    0.00    0.00    1.04    0.00    0.00    0.00   92.71
02:09:58 AM    2    5.05    0.00    3.03    0.00    0.00    2.02    0.00    0.00    0.00   89.90
02:09:58 AM    3    5.05    0.00    2.02    0.00    0.00    2.02    0.00    0.00    0.00   90.91
02:09:58 AM    4    6.19    0.00    2.06    0.00    0.00    0.00    0.00    0.00    0.00   91.75
02:09:58 AM    5    7.07    0.00    1.01    0.00    0.00    1.01    0.00    0.00    0.00   90.91
02:09:58 AM    6    5.21    0.00    1.04    0.00    0.00    0.00    0.00    0.00    0.00   93.75
02:09:58 AM    7    5.26    0.00    0.00    0.00    0.00    0.00    0.00    0.00    0.00   94.74
02:09:58 AM    8   12.12    0.00    3.03    0.00    0.00    0.00    0.00    0.00    0.00   84.85
02:09:58 AM    9    6.32    0.00    0.00    0.00    0.00    1.05    0.00    0.00    0.00   92.63
02:09:58 AM   10    3.16    0.00    2.11    0.00    0.00    1.05    0.00    0.00    0.00   93.68
02:09:58 AM   11    7.22    0.00    2.06    0.00    0.00    0.00    0.00    0.00    0.00   90.72
02:09:58 AM   12    8.16    0.00    2.04    0.00    0.00    0.00    0.00    0.00    0.00   89.80
02:09:58 AM   13    5.21    0.00    2.08    0.00    0.00    0.00    0.00    0.00    0.00   92.71
02:09:58 AM   14    5.10    0.00    2.04    1.02    0.00    0.00    0.00    0.00    0.00   91.84
02:09:58 AM   15    3.12    0.00    2.08    0.00    0.00    1.04    0.00    0.00    0.00   93.75
02:09:58 AM   16    8.00    0.00    4.00    0.00    0.00    0.00    0.00    0.00    0.00   88.00
02:09:58 AM   17    2.06    0.00    0.00    1.03    0.00    0.00    0.00    0.00    0.00   96.91
02:09:58 AM   18    0.00    0.00    0.00    0.00    0.00    0.00    0.00    0.00    0.00  100.00
02:09:58 AM   19    0.00    0.00    0.00    0.00    0.00    0.00    0.00    0.00    0.00  100.00
02:09:58 AM   20   68.00    0.00   28.00    0.00    0.00    4.00    0.00    0.00    0.00    0.00
02:09:58 AM   21   56.00    0.00   27.00    0.00    0.00    9.00    0.00    0.00    0.00    8.00
02:09:58 AM   22    0.00    0.00    0.00    0.00    0.00    0.00    0.00    0.00    0.00  100.00
02:09:58 AM   23    0.00    0.00    0.00    0.00    0.00    0.00    0.00    0.00    0.00  100.00
02:09:58 AM   24    0.00    0.00    0.00    0.00    0.00    0.00    0.00    0.00    0.00  100.00
02:09:58 AM   25    0.00    0.00    0.00    0.00    0.00    0.00    0.00    0.00    0.00  100.00
02:09:58 AM   26    0.00    0.00    0.00    0.00    0.00    0.00    0.00    0.00    0.00  100.00
02:09:58 AM   27    0.00    0.00    0.00    0.00    0.00    0.00    0.00    0.00    0.00  100.00
02:09:58 AM   28    0.00    0.00    0.00    0.00    0.00    0.00    0.00    0.00    0.00  100.00
02:09:58 AM   29    0.00    0.00    0.00    0.00    0.00    0.00    0.00    0.00    0.00  100.00
02:09:58 AM   30    0.00    0.00    0.00    0.00    0.00    0.00    0.00    0.00    0.00  100.00
02:09:58 AM   31    0.00    0.00    0.00    0.00    0.00    0.00    0.00    0.00    0.00  100.00
02:09:58 AM   32    0.00    0.00    0.00    0.00    0.00    0.00    0.00    0.00    0.00  100.00
02:09:58 AM   33    0.00    0.00    0.00    0.00    0.00    0.00    0.00    0.00    0.00  100.00
02:09:58 AM   34    0.00    0.00    0.00    0.00    0.00    0.00    0.00    0.00    0.00  100.00
02:09:58 AM   35    0.00    0.00    0.00    0.00    0.00    0.00    0.00    0.00    0.00  100.00

02:09:58 AM  CPU    %usr   %nice    %sys %iowait    %irq   %soft  %steal  %guest  %gnice   %idle
02:09:59 AM  all    5.83    0.00    2.72    0.03    0.00    0.70    0.00    0.00    0.00   90.72
02:09:59 AM    0    5.94    0.00    2.97    0.00    0.00    5.94    0.00    0.00    0.00   85.15
02:09:59 AM    1    3.03    0.00    1.01    0.00    0.00    4.04    0.00    0.00    0.00   91.92
02:09:59 AM    2    4.17    0.00    2.08    0.00    0.00    0.00    0.00    0.00    0.00   93.75
02:09:59 AM    3    3.06    0.00    6.12    0.00    0.00    1.02    0.00    0.00    0.00   89.80
02:09:59 AM    4    5.10    0.00    2.04    0.00    0.00    0.00    0.00    0.00    0.00   92.86
02:09:59 AM    5    2.06    0.00    3.09    0.00    0.00    1.03    0.00    0.00    0.00   93.81
02:09:59 AM    6    5.05    0.00    2.02    0.00    0.00    2.02    0.00    0.00    0.00   90.91
02:09:59 AM    7    2.08    0.00    2.08    0.00    0.00    0.00    0.00    0.00    0.00   95.83
02:09:59 AM    8    4.00    0.00    4.00    0.00    0.00    0.00    0.00    0.00    0.00   92.00
02:09:59 AM    9    8.25    0.00    4.12    0.00    0.00    0.00    0.00    0.00    0.00   87.63
02:09:59 AM   10    4.12    0.00    2.06    0.00    0.00    0.00    0.00    0.00    0.00   93.81
02:09:59 AM   11    4.08    0.00    2.04    0.00    0.00    0.00    0.00    0.00    0.00   93.88
02:09:59 AM   12    4.12    0.00    1.03    0.00    0.00    0.00    0.00    0.00    0.00   94.85
02:09:59 AM   13    5.05    0.00    3.03    0.00    0.00    0.00    0.00    0.00    0.00   91.92
02:09:59 AM   14    4.17    0.00    1.04    0.00    0.00    0.00    0.00    0.00    0.00   94.79
02:09:59 AM   15    5.05    0.00    2.02    0.00    0.00    0.00    0.00    0.00    0.00   92.93
02:09:59 AM   16    5.10    0.00    2.04    0.00    0.00    0.00    0.00    0.00    0.00   92.86
02:09:59 AM   17    4.90    0.00    2.94    0.98    0.00    0.00    0.00    0.00    0.00   91.18
02:09:59 AM   18    0.00    0.00    0.00    0.00    0.00    0.00    0.00    0.00    0.00  100.00
02:09:59 AM   19    0.00    0.00    0.00    0.00    0.00    0.00    0.00    0.00    0.00  100.00
02:09:59 AM   20   69.00    0.00   25.00    0.00    0.00    6.00    0.00    0.00    0.00    0.00
02:09:59 AM   21   60.61    0.00   26.26    0.00    0.00    5.05    0.00    0.00    0.00    8.08
02:09:59 AM   22    0.00    0.00    0.00    0.00    0.00    0.00    0.00    0.00    0.00  100.00
02:09:59 AM   23    0.00    0.00    0.00    0.00    0.00    0.00    0.00    0.00    0.00  100.00
02:09:59 AM   24    0.00    0.00    1.00    0.00    0.00    0.00    0.00    0.00    0.00   99.00
02:09:59 AM   25    0.99    0.00    0.00    0.00    0.00    0.00    0.00    0.00    0.00   99.01
02:09:59 AM   26    0.00    0.00    0.00    0.00    0.00    0.00    0.00    0.00    0.00  100.00
02:09:59 AM   27    0.00    0.00    0.00    0.00    0.00    0.00    0.00    0.00    0.00  100.00
02:09:59 AM   28    0.00    0.00    0.00    0.00    0.00    0.00    0.00    0.00    0.00  100.00
02:09:59 AM   29    0.00    0.00    0.00    0.00    0.00    0.00    0.00    0.00    0.00  100.00
02:09:59 AM   30    0.00    0.00    0.00    0.00    0.00    0.00    0.00    0.00    0.00  100.00
02:09:59 AM   31    0.00    0.00    0.00    0.00    0.00    0.00    0.00    0.00    0.00  100.00
02:09:59 AM   32    0.00    0.00    0.00    0.00    0.00    0.00    0.00    0.00    0.00  100.00
02:09:59 AM   33    0.00    0.00    0.00    0.00    0.00    0.00    0.00    0.00    0.00  100.00
02:09:59 AM   34    0.00    0.00    0.00    0.00    0.00    0.00    0.00    0.00    0.00  100.00
02:09:59 AM   35    0.00    0.00    0.00    0.00    0.00    0.00    0.00    0.00    0.00  100.00

02:09:59 AM  CPU    %usr   %nice    %sys %iowait    %irq   %soft  %steal  %guest  %gnice   %idle
02:10:00 AM  all    6.02    0.00    2.73    0.06    0.00    0.87    0.00    0.00    0.00   90.32
02:10:00 AM    0    8.49    0.00    5.66    0.00    0.00    8.49    0.00    0.00    0.00   77.36
02:10:00 AM    1    5.83    0.00    4.85    0.97    0.00    3.88    0.00    0.00    0.00   84.47
02:10:00 AM    2    5.15    0.00    2.06    0.00    0.00    0.00    0.00    0.00    0.00   92.78
02:10:00 AM    3    8.08    0.00   13.13    0.00    0.00    1.01    0.00    0.00    0.00   77.78
02:10:00 AM    4    4.17    0.00    1.04    0.00    0.00    1.04    0.00    0.00    0.00   93.75
02:10:00 AM    5    4.21    0.00    1.05    0.00    0.00    0.00    0.00    0.00    0.00   94.74
02:10:00 AM    6    4.08    0.00    1.02    0.00    0.00    2.04    0.00    0.00    0.00   92.86
02:10:00 AM    7    5.05    0.00    2.02    0.00    0.00    0.00    0.00    0.00    0.00   92.93
02:10:00 AM    8    4.04    0.00    2.02    1.01    0.00    1.01    0.00    0.00    0.00   91.92
02:10:00 AM    9    4.17    0.00    2.08    0.00    0.00    0.00    0.00    0.00    0.00   93.75
02:10:00 AM   10    5.15    0.00    2.06    0.00    0.00    0.00    0.00    0.00    0.00   92.78
02:10:00 AM   11    5.21    0.00    1.04    0.00    0.00    0.00    0.00    0.00    0.00   93.75
02:10:00 AM   12    2.08    0.00    2.08    0.00    0.00    0.00    0.00    0.00    0.00   95.83
02:10:00 AM   13    3.12    0.00    3.12    0.00    0.00    0.00    0.00    0.00    0.00   93.75
02:10:00 AM   14    4.26    0.00    0.00    0.00    0.00    0.00    0.00    0.00    0.00   95.74
02:10:00 AM   15    4.17    0.00    2.08    0.00    0.00    0.00    0.00    0.00    0.00   93.75
02:10:00 AM   16    5.15    0.00    1.03    0.00    0.00    0.00    0.00    0.00    0.00   93.81
02:10:00 AM   17    2.06    0.00    1.03    0.00    0.00    0.00    0.00    0.00    0.00   96.91
02:10:00 AM   18    0.00    0.00    0.00    0.00    0.00    0.00    0.00    0.00    0.00  100.00
02:10:00 AM   19    0.00    0.00    0.00    0.00    0.00    0.00    0.00    0.00    0.00  100.00
02:10:00 AM   20   65.66    0.00   27.27    0.00    0.00    7.07    0.00    0.00    0.00    0.00
02:10:00 AM   21   64.71    0.00   22.55    0.00    0.00    5.88    0.00    0.00    0.00    6.86
02:10:00 AM   22    0.00    0.00    0.00    0.00    0.00    0.00    0.00    0.00    0.00  100.00
02:10:00 AM   23    0.00    0.00    0.00    0.00    0.00    0.00    0.00    0.00    0.00  100.00
02:10:00 AM   24    0.00    0.00    0.00    0.00    0.00    0.00    0.00    0.00    0.00  100.00
02:10:00 AM   25    0.00    0.00    0.00    0.00    0.00    0.00    0.00    0.00    0.00  100.00
02:10:00 AM   26    0.00    0.00    0.00    0.00    0.00    0.00    0.00    0.00    0.00  100.00
02:10:00 AM   27    0.00    0.00    0.00    0.00    0.00    0.00    0.00    0.00    0.00  100.00
02:10:00 AM   28    0.00    0.00    0.00    0.00    0.00    0.00    0.00    0.00    0.00  100.00
02:10:00 AM   29    0.00    0.00    0.00    0.00    0.00    0.00    0.00    0.00    0.00  100.00
02:10:00 AM   30    0.00    0.00    0.00    0.00    0.00    0.00    0.00    0.00    0.00  100.00
02:10:00 AM   31    0.00    0.00    0.00    0.00    0.00    0.00    0.00    0.00    0.00  100.00
02:10:00 AM   32    0.00    0.00    0.00    0.00    0.00    0.00    0.00    0.00    0.00  100.00
02:10:00 AM   33    0.00    0.00    0.00    0.00    0.00    0.00    0.00    0.00    0.00  100.00
02:10:00 AM   34    0.00    0.00    0.00    0.00    0.00    0.00    0.00    0.00    0.00  100.00
02:10:00 AM   35    0.00    0.00    0.00    0.00    0.00    0.00    0.00    0.00    0.00  100.00

02:10:00 AM  CPU    %usr   %nice    %sys %iowait    %irq   %soft  %steal  %guest  %gnice   %idle
02:10:01 AM  all    7.26    0.00    3.06    0.03    0.00    0.79    0.00    0.00    0.00   88.87
02:10:01 AM    0    6.86    0.00    1.96    0.00    0.00    5.88    0.00    0.00    0.00   85.29
02:10:01 AM    1    6.12    0.00    3.06    0.00    0.00    3.06    0.00    0.00    0.00   87.76
02:10:01 AM    2   17.17    0.00    4.04    0.00    0.00    1.01    0.00    0.00    0.00   77.78
02:10:01 AM    3    8.25    0.00    2.06    0.00    0.00    0.00    0.00    0.00    0.00   89.69
02:10:01 AM    4    6.00    0.00    4.00    0.00    0.00    0.00    0.00    0.00    0.00   90.00
02:10:01 AM    5    2.11    0.00    2.11    0.00    0.00    1.05    0.00    0.00    0.00   94.74
02:10:01 AM    6   11.00    0.00    1.00    0.00    0.00    0.00    0.00    0.00    0.00   88.00
02:10:01 AM    7    5.26    0.00    2.11    0.00    0.00    0.00    0.00    0.00    0.00   92.63
02:10:01 AM    8    4.21    0.00    1.05    0.00    0.00    0.00    0.00    0.00    0.00   94.74
02:10:01 AM    9   10.10    0.00    2.02    0.00    0.00    0.00    0.00    0.00    0.00   87.88
02:10:01 AM   10    4.21    0.00    3.16    0.00    0.00    0.00    0.00    0.00    0.00   92.63
02:10:01 AM   11    7.22    0.00    3.09    1.03    0.00    0.00    0.00    0.00    0.00   88.66
02:10:01 AM   12    8.91    0.00    3.96    0.00    0.00    0.99    0.00    0.00    0.00   86.14
02:10:01 AM   13    5.10    0.00    2.04    0.00    0.00    1.02    0.00    0.00    0.00   91.84
02:10:01 AM   14    6.25    0.00    3.12    0.00    0.00    0.00    0.00    0.00    0.00   90.62
02:10:01 AM   15   12.12    0.00    4.04    0.00    0.00    1.01    0.00    0.00    0.00   82.83
02:10:01 AM   16    8.08    0.00    3.03    0.00    0.00    1.01    0.00    0.00    0.00   87.88
02:10:01 AM   17    4.04    0.00    9.09    0.00    0.00    0.00    0.00    0.00    0.00   86.87
02:10:01 AM   18    0.00    0.00    0.00    0.00    0.00    0.00    0.00    0.00    0.00  100.00
02:10:01 AM   19    0.00    0.00    0.00    0.00    0.00    0.00    0.00    0.00    0.00  100.00
02:10:01 AM   20   65.35    0.00   29.70    0.00    0.00    4.95    0.00    0.00    0.00    0.00
02:10:01 AM   21   61.39    0.00   22.77    0.00    0.00    7.92    0.00    0.00    0.00    7.92
02:10:01 AM   22    0.00    0.00    0.00    0.00    0.00    0.00    0.00    0.00    0.00  100.00
02:10:01 AM   23    0.00    0.00    0.00    0.00    0.00    0.00    0.00    0.00    0.00  100.00
02:10:01 AM   24    0.00    0.00    1.00    0.00    0.00    0.00    0.00    0.00    0.00   99.00
02:10:01 AM   25    0.00    0.00    1.00    0.00    0.00    0.00    0.00    0.00    0.00   99.00
02:10:01 AM   26    0.00    0.00    0.00    0.00    0.00    0.00    0.00    0.00    0.00  100.00
02:10:01 AM   27    0.00    0.00    0.00    0.00    0.00    0.00    0.00    0.00    0.00  100.00
02:10:01 AM   28    0.00    0.00    0.00    0.00    0.00    0.00    0.00    0.00    0.00  100.00
02:10:01 AM   29    0.00    0.00    0.00    0.00    0.00    0.00    0.00    0.00    0.00  100.00
02:10:01 AM   30    0.00    0.00    0.00    0.00    0.00    0.00    0.00    0.00    0.00  100.00
02:10:01 AM   31    0.00    0.00    0.00    0.00    0.00    0.00    0.00    0.00    0.00  100.00
02:10:01 AM   32    0.00    0.00    0.00    0.00    0.00    0.00    0.00    0.00    0.00  100.00
02:10:01 AM   33    0.00    0.00    0.00    0.00    0.00    0.00    0.00    0.00    0.00  100.00
02:10:01 AM   34    0.00    0.00    0.00    0.00    0.00    0.00    0.00    0.00    0.00  100.00
02:10:01 AM   35    0.00    0.00    0.00    0.00    0.00    0.00    0.00    0.00    0.00  100.00

02:10:01 AM  CPU    %usr   %nice    %sys %iowait    %irq   %soft  %steal  %guest  %gnice   %idle
02:10:02 AM  all    6.27    0.00    2.87    0.06    0.00    0.87    0.00    0.00    0.00   89.93
02:10:02 AM    0    4.95    0.00    1.98    0.00    0.00    5.94    0.00    0.00    0.00   87.13
02:10:02 AM    1    6.06    0.00    3.03    0.00    0.00    2.02    0.00    0.00    0.00   88.89
02:10:02 AM    2    5.88    0.00    2.94    0.00    0.00    3.92    0.00    0.00    0.00   87.25
02:10:02 AM    3    6.19    0.00    3.09    0.00    0.00    0.00    0.00    0.00    0.00   90.72
02:10:02 AM    4    7.29    0.00    2.08    0.00    0.00    0.00    0.00    0.00    0.00   90.62
02:10:02 AM    5    4.12    0.00    3.09    0.00    0.00    1.03    0.00    0.00    0.00   91.75
02:10:02 AM    6    7.22    0.00    2.06    0.00    0.00    0.00    0.00    0.00    0.00   90.72
02:10:02 AM    7    4.04    0.00    2.02    0.00    0.00    2.02    0.00    0.00    0.00   91.92
02:10:02 AM    8    5.10    0.00    3.06    0.00    0.00    0.00    0.00    0.00    0.00   91.84
02:10:02 AM    9    6.12    0.00    2.04    0.00    0.00    1.02    0.00    0.00    0.00   90.82
02:10:02 AM   10    3.16    0.00    1.05    1.05    0.00    0.00    0.00    0.00    0.00   94.74
02:10:02 AM   11   10.20    0.00    4.08    0.00    0.00    0.00    0.00    0.00    0.00   85.71
02:10:02 AM   12    6.06    0.00    3.03    0.00    0.00    0.00    0.00    0.00    0.00   90.91
02:10:02 AM   13    4.17    0.00    3.12    0.00    0.00    0.00    0.00    0.00    0.00   92.71
02:10:02 AM   14    5.15    0.00    3.09    0.00    0.00    0.00    0.00    0.00    0.00   91.75
02:10:02 AM   15    4.21    0.00    2.11    0.00    0.00    0.00    0.00    0.00    0.00   93.68
02:10:02 AM   16    8.25    0.00    5.15    0.00    0.00    1.03    0.00    0.00    0.00   85.57
02:10:02 AM   17    2.06    0.00    1.03    1.03    0.00    0.00    0.00    0.00    0.00   95.88
02:10:02 AM   18    0.00    0.00    0.00    0.00    0.00    0.00    0.00    0.00    0.00  100.00
02:10:02 AM   19    0.99    0.00    0.00    0.00    0.00    0.00    0.00    0.00    0.00   99.01
02:10:02 AM   20   65.66    0.00   26.26    0.00    0.00    8.08    0.00    0.00    0.00    0.00
02:10:02 AM   21   59.60    0.00   27.27    0.00    0.00    6.06    0.00    0.00    0.00    7.07
02:10:02 AM   22    0.00    0.00    0.00    0.00    0.00    0.00    0.00    0.00    0.00  100.00
02:10:02 AM   23    0.00    0.00    0.00    0.00    0.00    0.00    0.00    0.00    0.00  100.00
02:10:02 AM   24    0.00    0.00    1.00    0.00    0.00    0.00    0.00    0.00    0.00   99.00
02:10:02 AM   25    0.00    0.00    0.00    0.00    0.00    0.00    0.00    0.00    0.00  100.00
02:10:02 AM   26    0.00    0.00    0.00    0.00    0.00    0.00    0.00    0.00    0.00  100.00
02:10:02 AM   27    0.00    0.00    0.00    0.00    0.00    0.00    0.00    0.00    0.00  100.00
02:10:02 AM   28    0.00    0.00    0.00    0.00    0.00    0.00    0.00    0.00    0.00  100.00
02:10:02 AM   29    0.00    0.00    0.00    0.00    0.00    0.00    0.00    0.00    0.00  100.00
02:10:02 AM   30    0.00    0.00    0.00    0.00    0.00    0.00    0.00    0.00    0.00  100.00
02:10:02 AM   31    0.00    0.00    0.00    0.00    0.00    0.00    0.00    0.00    0.00  100.00
02:10:02 AM   32    0.00    0.00    1.00    0.00    0.00    0.00    0.00    0.00    0.00   99.00
02:10:02 AM   33    0.00    0.00    0.00    0.00    0.00    0.00    0.00    0.00    0.00  100.00
02:10:02 AM   34    0.00    0.00    0.00    0.00    0.00    0.00    0.00    0.00    0.00  100.00
02:10:02 AM   35    0.00    0.00    0.00    0.00    0.00    0.00    0.00    0.00    0.00  100.00

Average:     CPU    %usr   %nice    %sys %iowait    %irq   %soft  %steal  %guest  %gnice   %idle
Average:     all    5.99    0.00    2.78    0.06    0.00    0.85    0.00    0.00    0.00   90.33
Average:       0    6.01    0.00    3.88    0.00    0.00    7.27    0.00    0.00    0.00   82.85
Average:       1    5.24    0.00    2.42    0.20    0.00    2.72    0.00    0.00    0.00   89.42
Average:       2    5.86    0.00    3.03    0.00    0.00    1.92    0.00    0.00    0.00   89.19
Average:       3    5.38    0.00    4.06    0.10    0.00    1.02    0.00    0.00    0.00   89.44
Average:       4    4.93    0.00    2.57    0.10    0.00    0.21    0.00    0.00    0.00   92.19
Average:       5    4.13    0.00    1.96    0.10    0.00    0.62    0.00    0.00    0.00   93.19
Average:       6    5.92    0.00    1.94    0.00    0.00    0.41    0.00    0.00    0.00   91.73
Average:       7    4.63    0.00    2.06    0.10    0.00    0.21    0.00    0.00    0.00   93.00
Average:       8    5.01    0.00    2.66    0.20    0.00    0.20    0.00    0.00    0.00   91.93
Average:       9    5.94    0.00    1.84    0.31    0.00    0.31    0.00    0.00    0.00   91.60
Average:      10    3.86    0.00    2.29    0.10    0.00    0.21    0.00    0.00    0.00   93.53
Average:      11    6.39    0.00    2.27    0.10    0.00    0.10    0.00    0.00    0.00   91.14
Average:      12    5.29    0.00    2.44    0.10    0.00    0.41    0.00    0.00    0.00   91.76
Average:      13    4.73    0.00    2.67    0.00    0.00    0.21    0.00    0.00    0.00   92.39
Average:      14    5.77    0.00    2.47    0.10    0.00    0.10    0.00    0.00    0.00   91.56
Average:      15    5.96    0.00    2.26    0.00    0.00    0.41    0.00    0.00    0.00   91.37
Average:      16    6.35    0.00    3.17    0.00    0.00    0.20    0.00    0.00    0.00   90.28
Average:      17    3.55    0.00    4.06    0.41    0.00    0.00    0.00    0.00    0.00   91.99
Average:      18    0.00    0.00    0.00    0.00    0.00    0.00    0.00    0.00    0.00  100.00
Average:      19    0.10    0.00    0.00    0.00    0.00    0.00    0.00    0.00    0.00   99.90
Average:      20   62.80    0.00   26.40    0.00    0.00    6.60    0.00    0.00    0.00    4.20
Average:      21   56.99    0.00   24.55    0.00    0.00    6.99    0.00    0.00    0.00   11.48
Average:      22    0.00    0.00    0.00    0.00    0.00    0.00    0.00    0.00    0.00  100.00
Average:      23    0.00    0.00    0.00    0.00    0.00    0.00    0.00    0.00    0.00  100.00
Average:      24    0.10    0.00    0.40    0.00    0.00    0.00    0.00    0.00    0.00   99.50
Average:      25    0.10    0.00    0.30    0.00    0.00    0.00    0.00    0.00    0.00   99.60
Average:      26    0.00    0.00    0.00    0.00    0.00    0.00    0.00    0.00    0.00  100.00
Average:      27    0.00    0.00    0.00    0.00    0.00    0.00    0.00    0.00    0.00  100.00
Average:      28    0.00    0.00    0.00    0.00    0.00    0.00    0.00    0.00    0.00  100.00
Average:      29    0.00    0.00    0.10    0.00    0.00    0.00    0.00    0.00    0.00   99.90
Average:      30    0.00    0.00    0.00    0.00    0.00    0.00    0.00    0.00    0.00  100.00
Average:      31    0.00    0.00    0.00    0.00    0.00    0.00    0.00    0.00    0.00  100.00
Average:      32    0.00    0.00    0.10    0.00    0.00    0.00    0.00    0.00    0.00   99.90
Average:      33    0.00    0.00    0.00    0.00    0.00    0.00    0.00    0.00    0.00  100.00
Average:      34    0.00    0.00    0.00    0.20    0.00    0.00    0.00    0.00    0.00   99.80
Average:      35    0.00    0.00    0.00    0.00    0.00    0.00    0.00    0.00    0.00  100.00
