Linux 5.15.0-186-generic (rapids4) 	08/11/2026 	_x86_64_	(36 CPU)

01:25:44 AM  CPU    %usr   %nice    %sys %iowait    %irq   %soft  %steal  %guest  %gnice   %idle
01:25:45 AM  all    4.57    0.00    1.52    0.03    0.00    0.11    0.00    0.00    0.00   93.77
01:25:45 AM    0    7.37    0.00    6.32    0.00    0.00    1.05    0.00    0.00    0.00   85.26
01:25:45 AM    1    3.06    0.00    3.06    0.00    0.00    0.00    0.00    0.00    0.00   93.88
01:25:45 AM    2    3.12    0.00    2.08    0.00    0.00    0.00    0.00    0.00    0.00   94.79
01:25:45 AM    3    4.08    0.00    2.04    0.00    0.00    0.00    0.00    0.00    0.00   93.88
01:25:45 AM    4    4.12    0.00    2.06    0.00    0.00    0.00    0.00    0.00    0.00   93.81
01:25:45 AM    5    5.15    0.00    3.09    0.00    0.00    0.00    0.00    0.00    0.00   91.75
01:25:45 AM    6    5.15    0.00    2.06    0.00    0.00    0.00    0.00    0.00    0.00   92.78
01:25:45 AM    7    2.11    0.00    1.05    0.00    0.00    0.00    0.00    0.00    0.00   96.84
01:25:45 AM    8    9.00    0.00    6.00    0.00    0.00    0.00    0.00    0.00    0.00   85.00
01:25:45 AM    9    6.93    0.00    2.97    0.99    0.00    0.99    0.00    0.00    0.00   88.12
01:25:45 AM   10    7.07    0.00    3.03    0.00    0.00    0.00    0.00    0.00    0.00   89.90
01:25:45 AM   11    4.12    0.00    2.06    0.00    0.00    1.03    0.00    0.00    0.00   92.78
01:25:45 AM   12    5.15    0.00    2.06    0.00    0.00    0.00    0.00    0.00    0.00   92.78
01:25:45 AM   13    4.08    0.00    3.06    0.00    0.00    0.00    0.00    0.00    0.00   92.86
01:25:45 AM   14    6.25    0.00    1.04    0.00    0.00    0.00    0.00    0.00    0.00   92.71
01:25:45 AM   15    5.15    0.00    2.06    0.00    0.00    0.00    0.00    0.00    0.00   92.78
01:25:45 AM   16    5.21    0.00    1.04    0.00    0.00    0.00    0.00    0.00    0.00   93.75
01:25:45 AM   17    3.12    0.00    3.12    0.00    0.00    0.00    0.00    0.00    0.00   93.75
01:25:45 AM   18    0.00    0.00    0.00    0.00    0.00    0.00    0.00    0.00    0.00  100.00
01:25:45 AM   19    0.00    0.00    0.00    0.00    0.00    0.00    0.00    0.00    0.00  100.00
01:25:45 AM   20    0.00    0.00    0.00    0.00    0.00    0.00    0.00    0.00    0.00  100.00
01:25:45 AM   21    0.00    0.00    0.00    0.00    0.00    0.00    0.00    0.00    0.00  100.00
01:25:45 AM   22    0.00    0.00    0.00    0.00    0.00    0.00    0.00    0.00    0.00  100.00
01:25:45 AM   23    0.00    0.00    0.00    0.00    0.00    0.00    0.00    0.00    0.00  100.00
01:25:45 AM   24    0.00    0.00    0.00    0.00    0.00    0.00    0.00    0.00    0.00  100.00
01:25:45 AM   25    0.00    0.00    0.00    0.00    0.00    0.00    0.00    0.00    0.00  100.00
01:25:45 AM   26   40.59    0.00    4.95    0.00    0.00    0.99    0.00    0.00    0.00   53.47
01:25:45 AM   27   34.02    0.00    2.06    0.00    0.00    0.00    0.00    0.00    0.00   63.92
01:25:45 AM   28    0.00    0.00    0.00    0.00    0.00    0.00    0.00    0.00    0.00  100.00
01:25:45 AM   29    0.00    0.00    0.00    0.00    0.00    0.00    0.00    0.00    0.00  100.00
01:25:45 AM   30    0.00    0.00    0.00    0.00    0.00    0.00    0.00    0.00    0.00  100.00
01:25:45 AM   31    0.00    0.00    0.00    0.00    0.00    0.00    0.00    0.00    0.00  100.00
01:25:45 AM   32    0.00    0.00    0.00    0.00    0.00    0.00    0.00    0.00    0.00  100.00
01:25:45 AM   33    0.00    0.00    0.00    0.00    0.00    0.00    0.00    0.00    0.00  100.00
01:25:45 AM   34    0.00    0.00    0.00    0.00    0.00    0.00    0.00    0.00    0.00  100.00
01:25:45 AM   35    0.00    0.00    0.00    0.00    0.00    0.00    0.00    0.00    0.00  100.00

01:25:45 AM  CPU    %usr   %nice    %sys %iowait    %irq   %soft  %steal  %guest  %gnice   %idle
01:25:46 AM  all    7.08    0.00    1.58    0.03    0.00    0.31    0.00    0.00    0.00   91.00
01:25:46 AM    0    5.15    0.00    2.06    0.00    0.00    1.03    0.00    0.00    0.00   91.75
01:25:46 AM    1    6.19    0.00    1.03    0.00    0.00    1.03    0.00    0.00    0.00   91.75
01:25:46 AM    2    8.25    0.00    3.09    0.00    0.00    0.00    0.00    0.00    0.00   88.66
01:25:46 AM    3    2.11    0.00    1.05    0.00    0.00    1.05    0.00    0.00    0.00   95.79
01:25:46 AM    4    3.16    0.00    1.05    0.00    0.00    0.00    0.00    0.00    0.00   95.79
01:25:46 AM    5    6.19    0.00    1.03    0.00    0.00    0.00    0.00    0.00    0.00   92.78
01:25:46 AM    6    4.08    0.00    3.06    1.02    0.00    0.00    0.00    0.00    0.00   91.84
01:25:46 AM    7    4.04    0.00    2.02    0.00    0.00    0.00    0.00    0.00    0.00   93.94
01:25:46 AM    8    5.10    0.00    2.04    0.00    0.00    0.00    0.00    0.00    0.00   92.86
01:25:46 AM    9    9.28    0.00    2.06    0.00    0.00    0.00    0.00    0.00    0.00   88.66
01:25:46 AM   10    7.07    0.00    3.03    0.00    0.00    0.00    0.00    0.00    0.00   89.90
01:25:46 AM   11    4.04    0.00    4.04    0.00    0.00    1.01    0.00    0.00    0.00   90.91
01:25:46 AM   12    1.05    0.00    2.11    0.00    0.00    0.00    0.00    0.00    0.00   96.84
01:25:46 AM   13    5.15    0.00    3.09    0.00    0.00    0.00    0.00    0.00    0.00   91.75
01:25:46 AM   14    4.12    0.00    4.12    0.00    0.00    0.00    0.00    0.00    0.00   91.75
01:25:46 AM   15    3.12    0.00    2.08    0.00    0.00    1.04    0.00    0.00    0.00   93.75
01:25:46 AM   16    8.42    0.00    3.16    0.00    0.00    0.00    0.00    0.00    0.00   88.42
01:25:46 AM   17    4.04    0.00    2.02    0.00    0.00    0.00    0.00    0.00    0.00   93.94
01:25:46 AM   18    0.00    0.00    0.00    0.00    0.00    0.00    0.00    0.00    0.00  100.00
01:25:46 AM   19    0.99    0.00    0.00    0.00    0.00    0.00    0.00    0.00    0.00   99.01
01:25:46 AM   20    0.00    0.00    0.00    0.00    0.00    0.00    0.00    0.00    0.00  100.00
01:25:46 AM   21    0.00    0.00    0.00    0.00    0.00    0.00    0.00    0.00    0.00  100.00
01:25:46 AM   22    0.00    0.00    0.00    0.00    0.00    0.00    0.00    0.00    0.00  100.00
01:25:46 AM   23    0.00    0.00    0.00    0.00    0.00    0.00    0.00    0.00    0.00  100.00
01:25:46 AM   24    0.00    0.00    0.00    0.00    0.00    0.00    0.00    0.00    0.00  100.00
01:25:46 AM   25    0.00    0.00    0.00    0.00    0.00    0.00    0.00    0.00    0.00  100.00
01:25:46 AM   26   84.85    0.00   11.11    0.00    0.00    4.04    0.00    0.00    0.00    0.00
01:25:46 AM   27   78.00    0.00    4.00    0.00    0.00    2.00    0.00    0.00    0.00   16.00
01:25:46 AM   28    0.00    0.00    0.00    0.00    0.00    0.00    0.00    0.00    0.00  100.00
01:25:46 AM   29    0.00    0.00    0.00    0.00    0.00    0.00    0.00    0.00    0.00  100.00
01:25:46 AM   30    0.00    0.00    0.00    0.00    0.00    0.00    0.00    0.00    0.00  100.00
01:25:46 AM   31    0.00    0.00    0.00    0.00    0.00    0.00    0.00    0.00    0.00  100.00
01:25:46 AM   32    0.00    0.00    0.00    0.00    0.00    0.00    0.00    0.00    0.00  100.00
01:25:46 AM   33    0.00    0.00    0.00    0.00    0.00    0.00    0.00    0.00    0.00  100.00
01:25:46 AM   34    0.00    0.00    0.00    0.00    0.00    0.00    0.00    0.00    0.00  100.00
01:25:46 AM   35    0.00    0.00    0.00    0.00    0.00    0.00    0.00    0.00    0.00  100.00

01:25:46 AM  CPU    %usr   %nice    %sys %iowait    %irq   %soft  %steal  %guest  %gnice   %idle
01:25:47 AM  all    7.42    0.00    2.00    0.08    0.00    0.28    0.00    0.00    0.00   90.21
01:25:47 AM    0    8.16    0.00   10.20    0.00    0.00    2.04    0.00    0.00    0.00   79.59
01:25:47 AM    1    5.21    0.00    1.04    0.00    0.00    0.00    0.00    0.00    0.00   93.75
01:25:47 AM    2    2.13    0.00    3.19    0.00    0.00    0.00    0.00    0.00    0.00   94.68
01:25:47 AM    3    4.26    0.00    1.06    0.00    0.00    0.00    0.00    0.00    0.00   94.68
01:25:47 AM    4    5.21    0.00    2.08    0.00    0.00    0.00    0.00    0.00    0.00   92.71
01:25:47 AM    5    5.10    0.00    2.04    0.00    0.00    1.02    0.00    0.00    0.00   91.84
01:25:47 AM    6    7.29    0.00    7.29    0.00    0.00    0.00    0.00    0.00    0.00   85.42
01:25:47 AM    7    4.12    0.00    4.12    0.00    0.00    0.00    0.00    0.00    0.00   91.75
01:25:47 AM    8    5.10    0.00    5.10    0.00    0.00    0.00    0.00    0.00    0.00   89.80
01:25:47 AM    9    5.10    0.00    3.06    1.02    0.00    0.00    0.00    0.00    0.00   90.82
01:25:47 AM   10    6.25    0.00    9.38    1.04    0.00    0.00    0.00    0.00    0.00   83.33
01:25:47 AM   11    6.25    0.00    1.04    0.00    0.00    0.00    0.00    0.00    0.00   92.71
01:25:47 AM   12    6.19    0.00    3.09    0.00    0.00    1.03    0.00    0.00    0.00   89.69
01:25:47 AM   13    5.26    0.00    0.00    0.00    0.00    0.00    0.00    0.00    0.00   94.74
01:25:47 AM   14    4.17    0.00    2.08    0.00    0.00    0.00    0.00    0.00    0.00   93.75
01:25:47 AM   15    7.00    0.00    4.00    0.00    0.00    0.00    0.00    0.00    0.00   89.00
01:25:47 AM   16    6.06    0.00    2.02    0.00    0.00    0.00    0.00    0.00    0.00   91.92
01:25:47 AM   17    3.06    0.00    1.02    1.02    0.00    0.00    0.00    0.00    0.00   94.90
01:25:47 AM   18    0.00    0.00    0.00    0.00    0.00    0.00    0.00    0.00    0.00  100.00
01:25:47 AM   19    0.00    0.00    0.00    0.00    0.00    0.00    0.00    0.00    0.00  100.00
01:25:47 AM   20    0.00    0.00    0.00    0.00    0.00    0.00    0.00    0.00    0.00  100.00
01:25:47 AM   21    0.00    0.00    0.00    0.00    0.00    0.00    0.00    0.00    0.00  100.00
01:25:47 AM   22    0.00    0.00    0.00    0.00    0.00    0.00    0.00    0.00    0.00  100.00
01:25:47 AM   23    0.00    0.00    0.00    0.00    0.00    0.00    0.00    0.00    0.00  100.00
01:25:47 AM   24    0.00    0.00    0.00    0.00    0.00    0.00    0.00    0.00    0.00  100.00
01:25:47 AM   25    0.00    0.00    0.00    0.00    0.00    0.00    0.00    0.00    0.00  100.00
01:25:47 AM   26   89.11    0.00    6.93    0.00    0.00    3.96    0.00    0.00    0.00    0.00
01:25:47 AM   27   78.43    0.00    3.92    0.00    0.00    1.96    0.00    0.00    0.00   15.69
01:25:47 AM   28    0.00    0.00    0.00    0.00    0.00    0.00    0.00    0.00    0.00  100.00
01:25:47 AM   29    0.00    0.00    0.00    0.00    0.00    0.00    0.00    0.00    0.00  100.00
01:25:47 AM   30    0.00    0.00    0.00    0.00    0.00    0.00    0.00    0.00    0.00  100.00
01:25:47 AM   31    0.00    0.00    0.00    0.00    0.00    0.00    0.00    0.00    0.00  100.00
01:25:47 AM   32    0.00    0.00    0.00    0.00    0.00    0.00    0.00    0.00    0.00  100.00
01:25:47 AM   33    0.00    0.00    0.00    0.00    0.00    0.00    0.00    0.00    0.00  100.00
01:25:47 AM   34    0.00    0.00    0.00    0.00    0.00    0.00    0.00    0.00    0.00  100.00
01:25:47 AM   35    0.00    0.00    0.00    0.00    0.00    0.00    0.00    0.00    0.00  100.00

01:25:47 AM  CPU    %usr   %nice    %sys %iowait    %irq   %soft  %steal  %guest  %gnice   %idle
01:25:48 AM  all    7.14    0.00    1.30    0.03    0.00    0.23    0.00    0.00    0.00   91.31
01:25:48 AM    0    2.08    0.00    2.08    0.00    0.00    2.08    0.00    0.00    0.00   93.75
01:25:48 AM    1    8.25    0.00    3.09    0.00    0.00    0.00    0.00    0.00    0.00   88.66
01:25:48 AM    2    3.12    0.00    1.04    0.00    0.00    0.00    0.00    0.00    0.00   95.83
01:25:48 AM    3    2.08    0.00    0.00    0.00    0.00    1.04    0.00    0.00    0.00   96.88
01:25:48 AM    4    5.15    0.00    3.09    1.03    0.00    0.00    0.00    0.00    0.00   90.72
01:25:48 AM    5    3.12    0.00    1.04    0.00    0.00    0.00    0.00    0.00    0.00   95.83
01:25:48 AM    6    6.06    0.00    1.01    0.00    0.00    0.00    0.00    0.00    0.00   92.93
01:25:48 AM    7    6.19    0.00    2.06    0.00    0.00    0.00    0.00    0.00    0.00   91.75
01:25:48 AM    8    4.08    0.00    3.06    0.00    0.00    0.00    0.00    0.00    0.00   92.86
01:25:48 AM    9    5.10    0.00    3.06    0.00    0.00    0.00    0.00    0.00    0.00   91.84
01:25:48 AM   10   17.17    0.00    2.02    0.00    0.00    0.00    0.00    0.00    0.00   80.81
01:25:48 AM   11    4.12    0.00    3.09    0.00    0.00    1.03    0.00    0.00    0.00   91.75
01:25:48 AM   12    5.05    0.00    2.02    0.00    0.00    0.00    0.00    0.00    0.00   92.93
01:25:48 AM   13    4.12    0.00    1.03    0.00    0.00    0.00    0.00    0.00    0.00   94.85
01:25:48 AM   14    4.08    0.00    3.06    0.00    0.00    0.00    0.00    0.00    0.00   92.86
01:25:48 AM   15    6.19    0.00    1.03    0.00    0.00    0.00    0.00    0.00    0.00   92.78
01:25:48 AM   16    3.19    0.00    0.00    0.00    0.00    0.00    0.00    0.00    0.00   96.81
01:25:48 AM   17    1.01    0.00    3.03    0.00    0.00    0.00    0.00    0.00    0.00   95.96
01:25:48 AM   18    0.00    0.00    0.00    0.00    0.00    0.00    0.00    0.00    0.00  100.00
01:25:48 AM   19    0.00    0.00    0.00    0.00    0.00    0.00    0.00    0.00    0.00  100.00
01:25:48 AM   20    0.00    0.00    0.99    0.00    0.00    0.00    0.00    0.00    0.00   99.01
01:25:48 AM   21    0.00    0.00    0.00    0.00    0.00    0.00    0.00    0.00    0.00  100.00
01:25:48 AM   22    0.00    0.00    0.00    0.00    0.00    0.00    0.00    0.00    0.00  100.00
01:25:48 AM   23    0.00    0.00    0.00    0.00    0.00    0.00    0.00    0.00    0.00  100.00
01:25:48 AM   24    0.00    0.00    0.00    0.00    0.00    0.00    0.00    0.00    0.00  100.00
01:25:48 AM   25    0.00    0.00    0.00    0.00    0.00    0.00    0.00    0.00    0.00  100.00
01:25:48 AM   26   90.91    0.00    7.07    0.00    0.00    2.02    0.00    0.00    0.00    0.00
01:25:48 AM   27   77.32    0.00    4.12    0.00    0.00    2.06    0.00    0.00    0.00   16.49
01:25:48 AM   28    0.00    0.00    0.00    0.00    0.00    0.00    0.00    0.00    0.00  100.00
01:25:48 AM   29    0.00    0.00    0.00    0.00    0.00    0.00    0.00    0.00    0.00  100.00
01:25:48 AM   30    0.00    0.00    0.00    0.00    0.00    0.00    0.00    0.00    0.00  100.00
01:25:48 AM   31    0.00    0.00    0.00    0.00    0.00    0.00    0.00    0.00    0.00  100.00
01:25:48 AM   32    0.00    0.00    0.00    0.00    0.00    0.00    0.00    0.00    0.00  100.00
01:25:48 AM   33    0.00    0.00    0.00    0.00    0.00    0.00    0.00    0.00    0.00  100.00
01:25:48 AM   34    0.00    0.00    0.00    0.00    0.00    0.00    0.00    0.00    0.00  100.00
01:25:48 AM   35    0.00    0.00    0.00    0.00    0.00    0.00    0.00    0.00    0.00  100.00

01:25:48 AM  CPU    %usr   %nice    %sys %iowait    %irq   %soft  %steal  %guest  %gnice   %idle
01:25:49 AM  all    6.57    0.00    1.61    0.11    0.00    0.34    0.00    0.00    0.00   91.38
01:25:49 AM    0    5.15    0.00    1.03    1.03    0.00    2.06    0.00    0.00    0.00   90.72
01:25:49 AM    1    4.12    0.00    2.06    0.00    0.00    0.00    0.00    0.00    0.00   93.81
01:25:49 AM    2    2.08    0.00    2.08    0.00    0.00    2.08    0.00    0.00    0.00   93.75
01:25:49 AM    3    5.21    0.00    1.04    0.00    0.00    0.00    0.00    0.00    0.00   93.75
01:25:49 AM    4    4.12    0.00    2.06    1.03    0.00    0.00    0.00    0.00    0.00   92.78
01:25:49 AM    5    5.15    0.00    1.03    0.00    0.00    0.00    0.00    0.00    0.00   93.81
01:25:49 AM    6    3.16    0.00    1.05    1.05    0.00    0.00    0.00    0.00    0.00   94.74
01:25:49 AM    7    4.12    0.00    1.03    0.00    0.00    0.00    0.00    0.00    0.00   94.85
01:25:49 AM    8    5.05    0.00    3.03    0.00    0.00    0.00    0.00    0.00    0.00   91.92
01:25:49 AM    9    5.05    0.00    2.02    0.00    0.00    0.00    0.00    0.00    0.00   92.93
01:25:49 AM   10    2.08    0.00    4.17    0.00    0.00    0.00    0.00    0.00    0.00   93.75
01:25:49 AM   11    3.03    0.00    3.03    0.00    0.00    0.00    0.00    0.00    0.00   93.94
01:25:49 AM   12    4.12    0.00    2.06    0.00    0.00    0.00    0.00    0.00    0.00   93.81
01:25:49 AM   13    6.06    0.00    2.02    0.00    0.00    0.00    0.00    0.00    0.00   91.92
01:25:49 AM   14    4.04    0.00    3.03    1.01    0.00    0.00    0.00    0.00    0.00   91.92
01:25:49 AM   15    1.04    0.00    3.12    0.00    0.00    0.00    0.00    0.00    0.00   95.83
01:25:49 AM   16    4.08    0.00    3.06    0.00    0.00    0.00    0.00    0.00    0.00   92.86
01:25:49 AM   17    4.04    0.00    8.08    0.00    0.00    0.00    0.00    0.00    0.00   87.88
01:25:49 AM   18    0.00    0.00    0.00    0.00    0.00    0.00    0.00    0.00    0.00  100.00
01:25:49 AM   19    0.00    0.00    0.00    0.00    0.00    0.00    0.00    0.00    0.00  100.00
01:25:49 AM   20    0.00    0.00    0.00    0.00    0.00    0.00    0.00    0.00    0.00  100.00
01:25:49 AM   21    0.00    0.00    0.00    0.00    0.00    0.00    0.00    0.00    0.00  100.00
01:25:49 AM   22    0.00    0.00    0.00    0.00    0.00    0.00    0.00    0.00    0.00  100.00
01:25:49 AM   23    0.00    0.00    0.00    0.00    0.00    0.00    0.00    0.00    0.00  100.00
01:25:49 AM   24    0.00    0.00    0.00    0.00    0.00    0.00    0.00    0.00    0.00  100.00
01:25:49 AM   25    1.00    0.00    0.00    0.00    0.00    0.00    0.00    0.00    0.00   99.00
01:25:49 AM   26   87.13    0.00    6.93    0.00    0.00    5.94    0.00    0.00    0.00    0.00
01:25:49 AM   27   75.51    0.00    6.12    0.00    0.00    2.04    0.00    0.00    0.00   16.33
01:25:49 AM   28    0.00    0.00    0.00    0.00    0.00    0.00    0.00    0.00    0.00  100.00
01:25:49 AM   29    0.00    0.00    0.00    0.00    0.00    0.00    0.00    0.00    0.00  100.00
01:25:49 AM   30    0.00    0.00    0.00    0.00    0.00    0.00    0.00    0.00    0.00  100.00
01:25:49 AM   31    0.00    0.00    0.00    0.00    0.00    0.00    0.00    0.00    0.00  100.00
01:25:49 AM   32    0.00    0.00    0.00    0.00    0.00    0.00    0.00    0.00    0.00  100.00
01:25:49 AM   33    0.00    0.00    0.00    0.00    0.00    0.00    0.00    0.00    0.00  100.00
01:25:49 AM   34    0.00    0.00    0.00    0.00    0.00    0.00    0.00    0.00    0.00  100.00
01:25:49 AM   35    0.00    0.00    0.00    0.00    0.00    0.00    0.00    0.00    0.00  100.00

01:25:49 AM  CPU    %usr   %nice    %sys %iowait    %irq   %soft  %steal  %guest  %gnice   %idle
01:25:50 AM  all    6.69    0.00    2.33    0.00    0.00    0.28    0.00    0.00    0.00   90.69
01:25:50 AM    0    4.17    0.00    2.08    0.00    0.00    1.04    0.00    0.00    0.00   92.71
01:25:50 AM    1    4.12    0.00    4.12    0.00    0.00    0.00    0.00    0.00    0.00   91.75
01:25:50 AM    2    7.07    0.00    5.05    0.00    0.00    0.00    0.00    0.00    0.00   87.88
01:25:50 AM    3    5.10    0.00    3.06    0.00    0.00    0.00    0.00    0.00    0.00   91.84
01:25:50 AM    4    5.10    0.00   10.20    0.00    0.00    0.00    0.00    0.00    0.00   84.69
01:25:50 AM    5   10.89    0.00    2.97    0.00    0.00    0.99    0.00    0.00    0.00   85.15
01:25:50 AM    6    4.08    0.00    6.12    0.00    0.00    1.02    0.00    0.00    0.00   88.78
01:25:50 AM    7    5.10    0.00    3.06    0.00    0.00    0.00    0.00    0.00    0.00   91.84
01:25:50 AM    8    6.12    0.00    1.02    0.00    0.00    1.02    0.00    0.00    0.00   91.84
01:25:50 AM    9    3.12    0.00    2.08    0.00    0.00    0.00    0.00    0.00    0.00   94.79
01:25:50 AM   10    3.12    0.00    2.08    0.00    0.00    0.00    0.00    0.00    0.00   94.79
01:25:50 AM   11    4.04    0.00    1.01    0.00    0.00    1.01    0.00    0.00    0.00   93.94
01:25:50 AM   12    3.12    0.00    1.04    0.00    0.00    0.00    0.00    0.00    0.00   95.83
01:25:50 AM   13    3.09    0.00    3.09    0.00    0.00    0.00    0.00    0.00    0.00   93.81
01:25:50 AM   14    4.04    0.00    6.06    0.00    0.00    0.00    0.00    0.00    0.00   89.90
01:25:50 AM   15    5.10    0.00    4.08    0.00    0.00    0.00    0.00    0.00    0.00   90.82
01:25:50 AM   16    5.05    0.00    3.03    0.00    0.00    0.00    0.00    0.00    0.00   91.92
01:25:50 AM   17    2.02    0.00    2.02    0.00    0.00    0.00    0.00    0.00    0.00   95.96
01:25:50 AM   18    0.00    0.00    0.00    0.00    0.00    0.00    0.00    0.00    0.00  100.00
01:25:50 AM   19    0.00    0.00    0.00    0.00    0.00    0.00    0.00    0.00    0.00  100.00
01:25:50 AM   20    0.00    0.00    0.99    0.00    0.00    0.00    0.00    0.00    0.00   99.01
01:25:50 AM   21    0.00    0.00    0.99    0.00    0.00    0.00    0.00    0.00    0.00   99.01
01:25:50 AM   22    0.00    0.00    0.00    0.00    0.00    0.00    0.00    0.00    0.00  100.00
01:25:50 AM   23    0.00    0.00    0.00    0.00    0.00    0.00    0.00    0.00    0.00  100.00
01:25:50 AM   24    0.00    0.00    0.00    0.00    0.00    0.00    0.00    0.00    0.00  100.00
01:25:50 AM   25    0.00    0.00    0.00    0.00    0.00    0.00    0.00    0.00    0.00  100.00
01:25:50 AM   26   84.85    0.00   13.13    0.00    0.00    2.02    0.00    0.00    0.00    0.00
01:25:50 AM   27   73.96    0.00    7.29    0.00    0.00    3.12    0.00    0.00    0.00   15.62
01:25:50 AM   28    0.00    0.00    0.00    0.00    0.00    0.00    0.00    0.00    0.00  100.00
01:25:50 AM   29    0.00    0.00    0.00    0.00    0.00    0.00    0.00    0.00    0.00  100.00
01:25:50 AM   30    0.00    0.00    0.00    0.00    0.00    0.00    0.00    0.00    0.00  100.00
01:25:50 AM   31    0.00    0.00    0.00    0.00    0.00    0.00    0.00    0.00    0.00  100.00
01:25:50 AM   32    0.00    0.00    0.00    0.00    0.00    0.00    0.00    0.00    0.00  100.00
01:25:50 AM   33    0.00    0.00    0.00    0.00    0.00    0.00    0.00    0.00    0.00  100.00
01:25:50 AM   34    0.00    0.00    0.00    0.00    0.00    0.00    0.00    0.00    0.00  100.00
01:25:50 AM   35    0.00    0.00    0.00    0.00    0.00    0.00    0.00    0.00    0.00  100.00

01:25:50 AM  CPU    %usr   %nice    %sys %iowait    %irq   %soft  %steal  %guest  %gnice   %idle
01:25:51 AM  all    6.96    0.00    1.66    0.20    0.00    0.34    0.00    0.00    0.00   90.84
01:25:51 AM    0    4.17    0.00    1.04    0.00    0.00    3.12    0.00    0.00    0.00   91.67
01:25:51 AM    1    5.00    0.00    2.00    1.00    0.00    1.00    0.00    0.00    0.00   91.00
01:25:51 AM    2    5.10    0.00    3.06    0.00    0.00    0.00    0.00    0.00    0.00   91.84
01:25:51 AM    3    3.12    0.00    1.04    2.08    0.00    1.04    0.00    0.00    0.00   92.71
01:25:51 AM    4    8.42    0.00    9.47    0.00    0.00    0.00    0.00    0.00    0.00   82.11
01:25:51 AM    5    3.16    0.00    2.11    1.05    0.00    0.00    0.00    0.00    0.00   93.68
01:25:51 AM    6    4.17    0.00    3.12    0.00    0.00    0.00    0.00    0.00    0.00   92.71
01:25:51 AM    7    5.15    0.00    5.15    0.00    0.00    0.00    0.00    0.00    0.00   89.69
01:25:51 AM    8    6.93    0.00    3.96    0.00    0.00    0.00    0.00    0.00    0.00   89.11
01:25:51 AM    9    3.12    0.00    3.12    0.00    0.00    0.00    0.00    0.00    0.00   93.75
01:25:51 AM   10    4.17    0.00    2.08    0.00    0.00    0.00    0.00    0.00    0.00   93.75
01:25:51 AM   11    2.13    0.00    1.06    0.00    0.00    0.00    0.00    0.00    0.00   96.81
01:25:51 AM   12    3.09    0.00    3.09    0.00    0.00    0.00    0.00    0.00    0.00   93.81
01:25:51 AM   13    5.00    0.00    3.00    0.00    0.00    1.00    0.00    0.00    0.00   91.00
01:25:51 AM   14    5.21    0.00    1.04    1.04    0.00    0.00    0.00    0.00    0.00   92.71
01:25:51 AM   15    4.08    0.00    2.04    1.02    0.00    0.00    0.00    0.00    0.00   92.86
01:25:51 AM   16    5.05    0.00    2.02    0.00    0.00    1.01    0.00    0.00    0.00   91.92
01:25:51 AM   17    2.06    0.00    1.03    0.00    0.00    0.00    0.00    0.00    0.00   96.91
01:25:51 AM   18    0.00    0.00    0.00    0.00    0.00    0.00    0.00    0.00    0.00  100.00
01:25:51 AM   19    0.00    0.00    0.99    0.00    0.00    0.00    0.00    0.00    0.00   99.01
01:25:51 AM   20    0.00    0.00    0.00    0.00    0.00    0.00    0.00    0.00    0.00  100.00
01:25:51 AM   21    0.00    0.00    0.00    0.00    0.00    0.00    0.00    0.00    0.00  100.00
01:25:51 AM   22    0.00    0.00    0.00    0.00    0.00    0.00    0.00    0.00    0.00  100.00
01:25:51 AM   23    0.00    0.00    0.00    0.00    0.00    0.00    0.00    0.00    0.00  100.00
01:25:51 AM   24    0.00    0.00    0.00    0.00    0.00    0.00    0.00    0.00    0.00  100.00
01:25:51 AM   25    0.00    0.00    0.00    0.00    0.00    0.00    0.00    0.00    0.00  100.00
01:25:51 AM   26   92.08    0.00    4.95    0.00    0.00    2.97    0.00    0.00    0.00    0.00
01:25:51 AM   27   77.00    0.00    5.00    0.00    0.00    2.00    0.00    0.00    0.00   16.00
01:25:51 AM   28    0.00    0.00    0.00    0.00    0.00    0.00    0.00    0.00    0.00  100.00
01:25:51 AM   29    0.00    0.00    0.00    0.00    0.00    0.00    0.00    0.00    0.00  100.00
01:25:51 AM   30    0.00    0.00    0.00    0.00    0.00    0.00    0.00    0.00    0.00  100.00
01:25:51 AM   31    0.00    0.00    0.00    0.00    0.00    0.00    0.00    0.00    0.00  100.00
01:25:51 AM   32    0.00    0.00    0.00    0.00    0.00    0.00    0.00    0.00    0.00  100.00
01:25:51 AM   33    0.00    0.00    0.00    0.00    0.00    0.00    0.00    0.00    0.00  100.00
01:25:51 AM   34    0.00    0.00    0.00    0.99    0.00    0.00    0.00    0.00    0.00   99.01
01:25:51 AM   35    0.00    0.00    0.00    0.00    0.00    0.00    0.00    0.00    0.00  100.00

01:25:51 AM  CPU    %usr   %nice    %sys %iowait    %irq   %soft  %steal  %guest  %gnice   %idle
01:25:52 AM  all    8.37    0.00    2.43    0.11    0.00    0.25    0.00    0.00    0.00   88.83
01:25:52 AM    0    5.05    0.00    4.04    0.00    0.00    2.02    0.00    0.00    0.00   88.89
01:25:52 AM    1    6.32    0.00    3.16    0.00    0.00    0.00    0.00    0.00    0.00   90.53
01:25:52 AM    2    5.32    0.00    1.06    1.06    0.00    0.00    0.00    0.00    0.00   92.55
01:25:52 AM    3    5.15    0.00    3.09    0.00    0.00    0.00    0.00    0.00    0.00   91.75
01:25:52 AM    4    8.25    0.00    6.19    0.00    0.00    1.03    0.00    0.00    0.00   84.54
01:25:52 AM    5    4.26    0.00    2.13    0.00    0.00    0.00    0.00    0.00    0.00   93.62
01:25:52 AM    6   12.24    0.00    8.16    0.00    0.00    0.00    0.00    0.00    0.00   79.59
01:25:52 AM    7   12.00    0.00    6.00    0.00    0.00    0.00    0.00    0.00    0.00   82.00
01:25:52 AM    8    7.14    0.00    4.08    1.02    0.00    0.00    0.00    0.00    0.00   87.76
01:25:52 AM    9   12.12    0.00    1.01    0.00    0.00    0.00    0.00    0.00    0.00   86.87
01:25:52 AM   10    6.25    0.00    4.17    0.00    0.00    0.00    0.00    0.00    0.00   89.58
01:25:52 AM   11    8.33    0.00    3.12    0.00    0.00    1.04    0.00    0.00    0.00   87.50
01:25:52 AM   12   11.11    0.00    5.05    1.01    0.00    0.00    0.00    0.00    0.00   82.83
01:25:52 AM   13    9.18    0.00    6.12    0.00    0.00    0.00    0.00    0.00    0.00   84.69
01:25:52 AM   14    9.09    0.00    4.04    0.00    0.00    0.00    0.00    0.00    0.00   86.87
01:25:52 AM   15    8.16    0.00    5.10    0.00    0.00    0.00    0.00    0.00    0.00   86.73
01:25:52 AM   16    4.30    0.00    1.08    0.00    0.00    0.00    0.00    0.00    0.00   94.62
01:25:52 AM   17    5.10    0.00    5.10    1.02    0.00    1.02    0.00    0.00    0.00   87.76
01:25:52 AM   18    0.00    0.00    0.00    0.00    0.00    0.00    0.00    0.00    0.00  100.00
01:25:52 AM   19    0.00    0.00    0.00    0.00    0.00    0.00    0.00    0.00    0.00  100.00
01:25:52 AM   20    0.00    0.00    0.00    0.00    0.00    0.00    0.00    0.00    0.00  100.00
01:25:52 AM   21    0.00    0.00    0.00    0.00    0.00    0.00    0.00    0.00    0.00  100.00
01:25:52 AM   22    0.00    0.00    0.00    0.00    0.00    0.00    0.00    0.00    0.00  100.00
01:25:52 AM   23    0.00    0.00    0.99    0.00    0.00    0.00    0.00    0.00    0.00   99.01
01:25:52 AM   24    0.00    0.00    0.00    0.00    0.00    0.00    0.00    0.00    0.00  100.00
01:25:52 AM   25    0.00    0.00    0.00    0.00    0.00    0.00    0.00    0.00    0.00  100.00
01:25:52 AM   26   88.00    0.00    9.00    0.00    0.00    3.00    0.00    0.00    0.00    0.00
01:25:52 AM   27   77.42    0.00    5.38    0.00    0.00    1.08    0.00    0.00    0.00   16.13
01:25:52 AM   28    0.00    0.00    0.00    0.00    0.00    0.00    0.00    0.00    0.00  100.00
01:25:52 AM   29    0.00    0.00    0.00    0.00    0.00    0.00    0.00    0.00    0.00  100.00
01:25:52 AM   30    0.00    0.00    0.00    0.00    0.00    0.00    0.00    0.00    0.00  100.00
01:25:52 AM   31    0.00    0.00    0.00    0.00    0.00    0.00    0.00    0.00    0.00  100.00
01:25:52 AM   32    0.00    0.00    0.00    0.00    0.00    0.00    0.00    0.00    0.00  100.00
01:25:52 AM   33    0.00    0.00    0.00    0.00    0.00    0.00    0.00    0.00    0.00  100.00
01:25:52 AM   34    0.00    0.00    0.00    0.00    0.00    0.00    0.00    0.00    0.00  100.00
01:25:52 AM   35    0.00    0.00    0.00    0.00    0.00    0.00    0.00    0.00    0.00  100.00

01:25:52 AM  CPU    %usr   %nice    %sys %iowait    %irq   %soft  %steal  %guest  %gnice   %idle
01:25:53 AM  all    8.17    0.00    2.00    0.06    0.00    0.31    0.00    0.00    0.00   89.46
01:25:53 AM    0    8.00    0.00    3.00    0.00    0.00    2.00    0.00    0.00    0.00   87.00
01:25:53 AM    1    8.00    0.00    5.00    0.00    0.00    1.00    0.00    0.00    0.00   86.00
01:25:53 AM    2    5.26    0.00    2.11    1.05    0.00    1.05    0.00    0.00    0.00   90.53
01:25:53 AM    3    5.32    0.00    2.13    0.00    0.00    0.00    0.00    0.00    0.00   92.55
01:25:53 AM    4    7.29    0.00    2.08    0.00    0.00    0.00    0.00    0.00    0.00   90.62
01:25:53 AM    5    6.32    0.00    2.11    0.00    0.00    0.00    0.00    0.00    0.00   91.58
01:25:53 AM    6    5.32    0.00    1.06    0.00    0.00    0.00    0.00    0.00    0.00   93.62
01:25:53 AM    7    8.16    0.00    3.06    0.00    0.00    0.00    0.00    0.00    0.00   88.78
01:25:53 AM    8    7.22    0.00    6.19    0.00    0.00    0.00    0.00    0.00    0.00   86.60
01:25:53 AM    9    7.14    0.00    3.06    0.00    0.00    0.00    0.00    0.00    0.00   89.80
01:25:53 AM   10    7.14    0.00    4.08    0.00    0.00    0.00    0.00    0.00    0.00   88.78
01:25:53 AM   11    8.16    0.00    5.10    0.00    0.00    0.00    0.00    0.00    0.00   86.73
01:25:53 AM   12    7.14    0.00    4.08    0.00    0.00    1.02    0.00    0.00    0.00   87.76
01:25:53 AM   13    8.25    0.00    2.06    0.00    0.00    0.00    0.00    0.00    0.00   89.69
01:25:53 AM   14    6.06    0.00    3.03    0.00    0.00    1.01    0.00    0.00    0.00   89.90
01:25:53 AM   15    4.12    0.00    4.12    0.00    0.00    0.00    0.00    0.00    0.00   91.75
01:25:53 AM   16   11.88    0.00    8.91    0.00    0.00    0.00    0.00    0.00    0.00   79.21
01:25:53 AM   17    5.05    0.00    2.02    0.00    0.00    0.00    0.00    0.00    0.00   92.93
01:25:53 AM   18    0.00    0.00    0.00    0.00    0.00    0.00    0.00    0.00    0.00  100.00
01:25:53 AM   19    0.00    0.00    0.00    0.00    0.00    0.00    0.00    0.00    0.00  100.00
01:25:53 AM   20    0.00    0.00    0.00    0.00    0.00    0.00    0.00    0.00    0.00  100.00
01:25:53 AM   21    0.00    0.00    0.00    0.00    0.00    0.00    0.00    0.00    0.00  100.00
01:25:53 AM   22    0.00    0.00    0.00    0.00    0.00    0.00    0.00    0.00    0.00  100.00
01:25:53 AM   23    0.00    0.00    0.00    0.00    0.00    0.00    0.00    0.00    0.00  100.00
01:25:53 AM   24    0.00    0.00    0.00    0.00    0.00    0.00    0.00    0.00    0.00  100.00
01:25:53 AM   25    0.00    0.00    0.00    0.00    0.00    0.00    0.00    0.00    0.00  100.00
01:25:53 AM   26   91.00    0.00    6.00    0.00    0.00    3.00    0.00    0.00    0.00    0.00
01:25:53 AM   27   78.35    0.00    3.09    0.00    0.00    2.06    0.00    0.00    0.00   16.49
01:25:53 AM   28    0.00    0.00    0.00    0.00    0.00    0.00    0.00    0.00    0.00  100.00
01:25:53 AM   29    0.00    0.00    0.00    0.00    0.00    0.00    0.00    0.00    0.00  100.00
01:25:53 AM   30    0.00    0.00    0.00    0.00    0.00    0.00    0.00    0.00    0.00  100.00
01:25:53 AM   31    0.00    0.00    0.00    0.00    0.00    0.00    0.00    0.00    0.00  100.00
01:25:53 AM   32    0.00    0.00    0.00    0.00    0.00    0.00    0.00    0.00    0.00  100.00
01:25:53 AM   33    0.00    0.00    0.00    0.00    0.00    0.00    0.00    0.00    0.00  100.00
01:25:53 AM   34    0.00    0.00    0.00    0.99    0.00    0.00    0.00    0.00    0.00   99.01
01:25:53 AM   35    0.00    0.00    0.00    0.00    0.00    0.00    0.00    0.00    0.00  100.00

01:25:53 AM  CPU    %usr   %nice    %sys %iowait    %irq   %soft  %steal  %guest  %gnice   %idle
01:25:54 AM  all    7.25    0.00    2.00    0.06    0.00    0.31    0.00    0.00    0.00   90.39
01:25:54 AM    0    7.14    0.00    2.04    0.00    0.00    1.02    0.00    0.00    0.00   89.80
01:25:54 AM    1    6.06    0.00    4.04    0.00    0.00    1.01    0.00    0.00    0.00   88.89
01:25:54 AM    2    4.12    0.00    4.12    0.00    0.00    1.03    0.00    0.00    0.00   90.72
01:25:54 AM    3    5.10    0.00    4.08    0.00    0.00    0.00    0.00    0.00    0.00   90.82
01:25:54 AM    4    4.17    0.00    1.04    0.00    0.00    1.04    0.00    0.00    0.00   93.75
01:25:54 AM    5    3.12    0.00    1.04    1.04    0.00    0.00    0.00    0.00    0.00   94.79
01:25:54 AM    6    4.17    0.00    2.08    0.00    0.00    0.00    0.00    0.00    0.00   93.75
01:25:54 AM    7    9.28    0.00    2.06    0.00    0.00    0.00    0.00    0.00    0.00   88.66
01:25:54 AM    8    5.26    0.00    1.05    0.00    0.00    0.00    0.00    0.00    0.00   93.68
01:25:54 AM    9    4.08    0.00    3.06    0.00    0.00    0.00    0.00    0.00    0.00   92.86
01:25:54 AM   10    5.88    0.00    6.86    0.00    0.00    0.00    0.00    0.00    0.00   87.25
01:25:54 AM   11    5.15    0.00    2.06    0.00    0.00    0.00    0.00    0.00    0.00   92.78
01:25:54 AM   12    7.00    0.00    3.00    1.00    0.00    0.00    0.00    0.00    0.00   89.00
01:25:54 AM   13    6.12    0.00    2.04    0.00    0.00    0.00    0.00    0.00    0.00   91.84
01:25:54 AM   14    4.12    0.00    3.09    0.00    0.00    0.00    0.00    0.00    0.00   92.78
01:25:54 AM   15    4.08    0.00    3.06    0.00    0.00    0.00    0.00    0.00    0.00   92.86
01:25:54 AM   16    8.33    0.00    2.08    0.00    0.00    0.00    0.00    0.00    0.00   89.58
01:25:54 AM   17    4.08    0.00    7.14    0.00    0.00    0.00    0.00    0.00    0.00   88.78
01:25:54 AM   18    0.00    0.00    0.00    0.00    0.00    0.00    0.00    0.00    0.00  100.00
01:25:54 AM   19    0.00    0.00    0.00    0.00    0.00    0.00    0.00    0.00    0.00  100.00
01:25:54 AM   20    0.00    0.00    0.00    0.00    0.00    0.00    0.00    0.00    0.00  100.00
01:25:54 AM   21    0.00    0.00    0.00    0.00    0.00    0.00    0.00    0.00    0.00  100.00
01:25:54 AM   22    0.00    0.00    0.00    0.00    0.00    0.00    0.00    0.00    0.00  100.00
01:25:54 AM   23    0.00    0.00    0.00    0.00    0.00    0.00    0.00    0.00    0.00  100.00
01:25:54 AM   24    0.00    0.00    0.99    0.00    0.00    0.00    0.00    0.00    0.00   99.01
01:25:54 AM   25    0.00    0.00    0.99    0.00    0.00    0.00    0.00    0.00    0.00   99.01
01:25:54 AM   26   84.00    0.00   13.00    0.00    0.00    3.00    0.00    0.00    0.00    0.00
01:25:54 AM   27   78.22    0.00    2.97    0.00    0.00    3.96    0.00    0.00    0.00   14.85
01:25:54 AM   28    0.00    0.00    0.00    0.00    0.00    0.00    0.00    0.00    0.00  100.00
01:25:54 AM   29    0.00    0.00    0.00    0.00    0.00    0.00    0.00    0.00    0.00  100.00
01:25:54 AM   30    0.00    0.00    0.00    0.00    0.00    0.00    0.00    0.00    0.00  100.00
01:25:54 AM   31    0.00    0.00    0.00    0.00    0.00    0.00    0.00    0.00    0.00  100.00
01:25:54 AM   32    0.00    0.00    0.00    0.00    0.00    0.00    0.00    0.00    0.00  100.00
01:25:54 AM   33    0.00    0.00    0.00    0.00    0.00    0.00    0.00    0.00    0.00  100.00
01:25:54 AM   34    0.00    0.00    0.00    0.00    0.00    0.00    0.00    0.00    0.00  100.00
01:25:54 AM   35    0.00    0.00    0.00    0.00    0.00    0.00    0.00    0.00    0.00  100.00

Average:     CPU    %usr   %nice    %sys %iowait    %irq   %soft  %steal  %guest  %gnice   %idle
Average:     all    7.02    0.00    1.84    0.07    0.00    0.28    0.00    0.00    0.00   90.79
Average:       0    5.66    0.00    3.40    0.10    0.00    1.75    0.00    0.00    0.00   89.09
Average:       1    5.64    0.00    2.87    0.10    0.00    0.41    0.00    0.00    0.00   90.98
Average:       2    4.57    0.00    2.70    0.21    0.00    0.42    0.00    0.00    0.00   92.10
Average:       3    4.16    0.00    1.87    0.21    0.00    0.31    0.00    0.00    0.00   93.45
Average:       4    5.50    0.00    3.94    0.21    0.00    0.21    0.00    0.00    0.00   90.15
Average:       5    5.28    0.00    1.86    0.21    0.00    0.21    0.00    0.00    0.00   92.44
Average:       6    5.58    0.00    3.52    0.21    0.00    0.10    0.00    0.00    0.00   90.59
Average:       7    6.05    0.00    2.97    0.00    0.00    0.00    0.00    0.00    0.00   90.97
Average:       8    6.11    0.00    3.56    0.10    0.00    0.10    0.00    0.00    0.00   90.12
Average:       9    6.12    0.00    2.55    0.20    0.00    0.10    0.00    0.00    0.00   91.02
Average:      10    6.65    0.00    4.09    0.10    0.00    0.00    0.00    0.00    0.00   89.15
Average:      11    4.94    0.00    2.57    0.00    0.00    0.51    0.00    0.00    0.00   91.98
Average:      12    5.33    0.00    2.77    0.21    0.00    0.21    0.00    0.00    0.00   91.49
Average:      13    5.64    0.00    2.56    0.00    0.00    0.10    0.00    0.00    0.00   91.70
Average:      14    5.12    0.00    3.07    0.20    0.00    0.10    0.00    0.00    0.00   91.50
Average:      15    4.82    0.00    3.08    0.10    0.00    0.10    0.00    0.00    0.00   91.90
Average:      16    6.19    0.00    2.68    0.00    0.00    0.10    0.00    0.00    0.00   91.03
Average:      17    3.36    0.00    3.46    0.20    0.00    0.10    0.00    0.00    0.00   92.87
Average:      18    0.00    0.00    0.00    0.00    0.00    0.00    0.00    0.00    0.00  100.00
Average:      19    0.10    0.00    0.10    0.00    0.00    0.00    0.00    0.00    0.00   99.80
Average:      20    0.00    0.00    0.20    0.00    0.00    0.00    0.00    0.00    0.00   99.80
Average:      21    0.00    0.00    0.10    0.00    0.00    0.00    0.00    0.00    0.00   99.90
Average:      22    0.00    0.00    0.00    0.00    0.00    0.00    0.00    0.00    0.00  100.00
Average:      23    0.00    0.00    0.10    0.00    0.00    0.00    0.00    0.00    0.00   99.90
Average:      24    0.00    0.00    0.10    0.00    0.00    0.00    0.00    0.00    0.00   99.90
Average:      25    0.10    0.00    0.10    0.00    0.00    0.00    0.00    0.00    0.00   99.80
Average:      26   83.22    0.00    8.29    0.00    0.00    3.10    0.00    0.00    0.00    5.39
Average:      27   72.88    0.00    4.38    0.00    0.00    2.04    0.00    0.00    0.00   20.69
Average:      28    0.00    0.00    0.00    0.00    0.00    0.00    0.00    0.00    0.00  100.00
Average:      29    0.00    0.00    0.00    0.00    0.00    0.00    0.00    0.00    0.00  100.00
Average:      30    0.00    0.00    0.00    0.00    0.00    0.00    0.00    0.00    0.00  100.00
Average:      31    0.00    0.00    0.00    0.00    0.00    0.00    0.00    0.00    0.00  100.00
Average:      32    0.00    0.00    0.00    0.00    0.00    0.00    0.00    0.00    0.00  100.00
Average:      33    0.00    0.00    0.00    0.00    0.00    0.00    0.00    0.00    0.00  100.00
Average:      34    0.00    0.00    0.00    0.20    0.00    0.00    0.00    0.00    0.00   99.80
Average:      35    0.00    0.00    0.00    0.00    0.00    0.00    0.00    0.00    0.00  100.00
