Linux 5.15.0-186-generic (rapids4) 	08/11/2026 	_x86_64_	(36 CPU)

01:53:37 AM  CPU    %usr   %nice    %sys %iowait    %irq   %soft  %steal  %guest  %gnice   %idle
01:53:38 AM  all    4.08    0.00    1.77    0.00    0.00    0.20    0.00    0.00    0.00   93.95
01:53:38 AM    0    3.06    0.00    3.06    0.00    0.00    3.06    0.00    0.00    0.00   90.82
01:53:38 AM    1    4.08    0.00    4.08    0.00    0.00    0.00    0.00    0.00    0.00   91.84
01:53:38 AM    2    2.06    0.00    2.06    0.00    0.00    2.06    0.00    0.00    0.00   93.81
01:53:38 AM    3    3.09    0.00    1.03    0.00    0.00    1.03    0.00    0.00    0.00   94.85
01:53:38 AM    4    6.06    0.00    1.01    0.00    0.00    1.01    0.00    0.00    0.00   91.92
01:53:38 AM    5    2.11    0.00    1.05    0.00    0.00    0.00    0.00    0.00    0.00   96.84
01:53:38 AM    6    4.08    0.00    4.08    0.00    0.00    0.00    0.00    0.00    0.00   91.84
01:53:38 AM    7    4.04    0.00    2.02    0.00    0.00    0.00    0.00    0.00    0.00   93.94
01:53:38 AM    8    4.04    0.00    4.04    0.00    0.00    0.00    0.00    0.00    0.00   91.92
01:53:38 AM    9    6.12    0.00    1.02    0.00    0.00    0.00    0.00    0.00    0.00   92.86
01:53:38 AM   10    4.12    0.00    2.06    0.00    0.00    0.00    0.00    0.00    0.00   93.81
01:53:38 AM   11    3.06    0.00    2.04    0.00    0.00    0.00    0.00    0.00    0.00   94.90
01:53:38 AM   12    2.06    0.00    2.06    0.00    0.00    0.00    0.00    0.00    0.00   95.88
01:53:38 AM   13    8.16    0.00    3.06    0.00    0.00    0.00    0.00    0.00    0.00   88.78
01:53:38 AM   14    3.12    0.00    2.08    0.00    0.00    0.00    0.00    0.00    0.00   94.79
01:53:38 AM   15    2.08    0.00    1.04    0.00    0.00    0.00    0.00    0.00    0.00   96.88
01:53:38 AM   16    4.08    0.00    2.04    0.00    0.00    0.00    0.00    0.00    0.00   93.88
01:53:38 AM   17    2.04    0.00    1.02    0.00    0.00    0.00    0.00    0.00    0.00   96.94
01:53:38 AM   18   43.00    0.00   12.00    0.00    0.00    0.00    0.00    0.00    0.00   45.00
01:53:38 AM   19   34.65    0.00   12.87    0.00    0.00    0.00    0.00    0.00    0.00   52.48
01:53:38 AM   20    0.00    0.00    0.00    0.00    0.00    0.00    0.00    0.00    0.00  100.00
01:53:38 AM   21    0.00    0.00    0.00    0.00    0.00    0.00    0.00    0.00    0.00  100.00
01:53:38 AM   22    0.00    0.00    0.00    0.00    0.00    0.00    0.00    0.00    0.00  100.00
01:53:38 AM   23    0.00    0.00    0.00    0.00    0.00    0.00    0.00    0.00    0.00  100.00
01:53:38 AM   24    0.00    0.00    0.00    0.00    0.00    0.00    0.00    0.00    0.00  100.00
01:53:38 AM   25    1.00    0.00    0.00    0.00    0.00    0.00    0.00    0.00    0.00   99.00
01:53:38 AM   26    0.00    0.00    0.00    0.00    0.00    0.00    0.00    0.00    0.00  100.00
01:53:38 AM   27    0.00    0.00    0.00    0.00    0.00    0.00    0.00    0.00    0.00  100.00
01:53:38 AM   28    0.00    0.00    0.00    0.00    0.00    0.00    0.00    0.00    0.00  100.00
01:53:38 AM   29    0.00    0.00    0.00    0.00    0.00    0.00    0.00    0.00    0.00  100.00
01:53:38 AM   30    0.00    0.00    0.00    0.00    0.00    0.00    0.00    0.00    0.00  100.00
01:53:38 AM   31    0.00    0.00    0.00    0.00    0.00    0.00    0.00    0.00    0.00  100.00
01:53:38 AM   32    0.00    0.00    0.00    0.00    0.00    0.00    0.00    0.00    0.00  100.00
01:53:38 AM   33    0.00    0.00    0.00    0.00    0.00    0.00    0.00    0.00    0.00  100.00
01:53:38 AM   34    0.00    0.00    0.00    0.00    0.00    0.00    0.00    0.00    0.00  100.00
01:53:38 AM   35    0.00    0.00    0.00    0.00    0.00    0.00    0.00    0.00    0.00  100.00

01:53:38 AM  CPU    %usr   %nice    %sys %iowait    %irq   %soft  %steal  %guest  %gnice   %idle
01:53:39 AM  all    5.85    0.00    3.23    0.08    0.00    0.37    0.00    0.00    0.00   90.46
01:53:39 AM    0    4.08    0.00    9.18    0.00    0.00    3.06    0.00    0.00    0.00   83.67
01:53:39 AM    1   10.89    0.00    5.94    0.00    0.00    5.94    0.00    0.00    0.00   77.23
01:53:39 AM    2    4.08    0.00    2.04    0.00    0.00    2.04    0.00    0.00    0.00   91.84
01:53:39 AM    3    4.12    0.00    2.06    0.00    0.00    0.00    0.00    0.00    0.00   93.81
01:53:39 AM    4    4.12    0.00    2.06    1.03    0.00    0.00    0.00    0.00    0.00   92.78
01:53:39 AM    5    5.88    0.00    7.84    0.98    0.00    0.98    0.00    0.00    0.00   84.31
01:53:39 AM    6    4.12    0.00    4.12    0.00    0.00    0.00    0.00    0.00    0.00   91.75
01:53:39 AM    7    3.12    0.00    2.08    0.00    0.00    0.00    0.00    0.00    0.00   94.79
01:53:39 AM    8    9.28    0.00    5.15    0.00    0.00    0.00    0.00    0.00    0.00   85.57
01:53:39 AM    9    3.09    0.00    3.09    0.00    0.00    0.00    0.00    0.00    0.00   93.81
01:53:39 AM   10    1.03    0.00    4.12    0.00    0.00    0.00    0.00    0.00    0.00   94.85
01:53:39 AM   11    5.10    0.00    1.02    0.00    0.00    0.00    0.00    0.00    0.00   93.88
01:53:39 AM   12    7.22    0.00    2.06    0.00    0.00    0.00    0.00    0.00    0.00   90.72
01:53:39 AM   13    4.04    0.00    3.03    0.00    0.00    0.00    0.00    0.00    0.00   92.93
01:53:39 AM   14    2.06    0.00    2.06    0.00    0.00    1.03    0.00    0.00    0.00   94.85
01:53:39 AM   15    3.12    0.00    2.08    0.00    0.00    0.00    0.00    0.00    0.00   94.79
01:53:39 AM   16    3.12    0.00    0.00    0.00    0.00    0.00    0.00    0.00    0.00   96.88
01:53:39 AM   17    2.04    0.00    1.02    1.02    0.00    0.00    0.00    0.00    0.00   95.92
01:53:39 AM   18   70.00    0.00   28.00    0.00    0.00    0.00    0.00    0.00    0.00    2.00
01:53:39 AM   19   59.60    0.00   26.26    0.00    0.00    0.00    0.00    0.00    0.00   14.14
01:53:39 AM   20    0.00    0.00    0.00    0.00    0.00    0.00    0.00    0.00    0.00  100.00
01:53:39 AM   21    0.00    0.00    1.00    0.00    0.00    0.00    0.00    0.00    0.00   99.00
01:53:39 AM   22    0.00    0.00    0.00    0.00    0.00    0.00    0.00    0.00    0.00  100.00
01:53:39 AM   23    0.00    0.00    0.00    0.00    0.00    0.00    0.00    0.00    0.00  100.00
01:53:39 AM   24    0.00    0.00    1.01    0.00    0.00    0.00    0.00    0.00    0.00   98.99
01:53:39 AM   25    0.00    0.00    1.00    0.00    0.00    0.00    0.00    0.00    0.00   99.00
01:53:39 AM   26    0.00    0.00    0.00    0.00    0.00    0.00    0.00    0.00    0.00  100.00
01:53:39 AM   27    0.00    0.00    0.00    0.00    0.00    0.00    0.00    0.00    0.00  100.00
01:53:39 AM   28    0.00    0.00    0.00    0.00    0.00    0.00    0.00    0.00    0.00  100.00
01:53:39 AM   29    0.00    0.00    0.00    0.00    0.00    0.00    0.00    0.00    0.00  100.00
01:53:39 AM   30    0.00    0.00    0.00    0.00    0.00    0.00    0.00    0.00    0.00  100.00
01:53:39 AM   31    0.00    0.00    0.00    0.00    0.00    0.00    0.00    0.00    0.00  100.00
01:53:39 AM   32    0.00    0.00    0.00    0.00    0.00    0.00    0.00    0.00    0.00  100.00
01:53:39 AM   33    0.00    0.00    0.00    0.00    0.00    0.00    0.00    0.00    0.00  100.00
01:53:39 AM   34    0.00    0.00    0.00    0.00    0.00    0.00    0.00    0.00    0.00  100.00
01:53:39 AM   35    0.00    0.00    0.00    0.00    0.00    0.00    0.00    0.00    0.00  100.00

01:53:39 AM  CPU    %usr   %nice    %sys %iowait    %irq   %soft  %steal  %guest  %gnice   %idle
01:53:40 AM  all    5.62    0.00    2.17    0.03    0.00    0.42    0.00    0.00    0.00   91.76
01:53:40 AM    0    3.03    0.00    2.02    0.00    0.00    5.05    0.00    0.00    0.00   89.90
01:53:40 AM    1    4.00    0.00    1.00    0.00    0.00    4.00    0.00    0.00    0.00   91.00
01:53:40 AM    2    3.06    0.00    2.04    0.00    0.00    2.04    0.00    0.00    0.00   92.86
01:53:40 AM    3    4.08    0.00    2.04    0.00    0.00    1.02    0.00    0.00    0.00   92.86
01:53:40 AM    4    4.95    0.00    4.95    0.00    0.00    0.00    0.00    0.00    0.00   90.10
01:53:40 AM    5    2.13    0.00    1.06    0.00    0.00    0.00    0.00    0.00    0.00   96.81
01:53:40 AM    6    2.13    0.00    0.00    0.00    0.00    0.00    0.00    0.00    0.00   97.87
01:53:40 AM    7    2.11    0.00    1.05    1.05    0.00    0.00    0.00    0.00    0.00   95.79
01:53:40 AM    8    2.06    0.00    1.03    0.00    0.00    2.06    0.00    0.00    0.00   94.85
01:53:40 AM    9    3.12    0.00    1.04    0.00    0.00    0.00    0.00    0.00    0.00   95.83
01:53:40 AM   10    6.19    0.00    2.06    0.00    0.00    0.00    0.00    0.00    0.00   91.75
01:53:40 AM   11    2.06    0.00    4.12    0.00    0.00    0.00    0.00    0.00    0.00   93.81
01:53:40 AM   12    4.12    0.00    1.03    0.00    0.00    0.00    0.00    0.00    0.00   94.85
01:53:40 AM   13    5.10    0.00    2.04    0.00    0.00    0.00    0.00    0.00    0.00   92.86
01:53:40 AM   14    3.06    0.00    3.06    0.00    0.00    0.00    0.00    0.00    0.00   93.88
01:53:40 AM   15    4.04    0.00    3.03    0.00    0.00    1.01    0.00    0.00    0.00   91.92
01:53:40 AM   16    3.09    0.00    4.12    0.00    0.00    0.00    0.00    0.00    0.00   92.78
01:53:40 AM   17    2.02    0.00    1.01    0.00    0.00    0.00    0.00    0.00    0.00   96.97
01:53:40 AM   18   68.32    0.00   22.77    0.00    0.00    0.00    0.00    0.00    0.00    8.91
01:53:40 AM   19   69.61    0.00   16.67    0.00    0.00    0.00    0.00    0.00    0.00   13.73
01:53:40 AM   20    0.00    0.00    0.00    0.00    0.00    0.00    0.00    0.00    0.00  100.00
01:53:40 AM   21    0.00    0.00    1.00    0.00    0.00    0.00    0.00    0.00    0.00   99.00
01:53:40 AM   22    0.00    0.00    0.00    0.00    0.00    0.00    0.00    0.00    0.00  100.00
01:53:40 AM   23    0.00    0.00    0.00    0.00    0.00    0.00    0.00    0.00    0.00  100.00
01:53:40 AM   24    0.00    0.00    0.00    0.00    0.00    0.00    0.00    0.00    0.00  100.00
01:53:40 AM   25    0.00    0.00    0.00    0.00    0.00    0.00    0.00    0.00    0.00  100.00
01:53:40 AM   26    0.00    0.00    0.00    0.00    0.00    0.00    0.00    0.00    0.00  100.00
01:53:40 AM   27    0.00    0.00    0.00    0.00    0.00    0.00    0.00    0.00    0.00  100.00
01:53:40 AM   28    0.00    0.00    0.00    0.00    0.00    0.00    0.00    0.00    0.00  100.00
01:53:40 AM   29    0.99    0.00    0.00    0.00    0.00    0.00    0.00    0.00    0.00   99.01
01:53:40 AM   30    0.00    0.00    0.00    0.00    0.00    0.00    0.00    0.00    0.00  100.00
01:53:40 AM   31    0.00    0.00    0.00    0.00    0.00    0.00    0.00    0.00    0.00  100.00
01:53:40 AM   32    0.00    0.00    0.00    0.00    0.00    0.00    0.00    0.00    0.00  100.00
01:53:40 AM   33    0.00    0.00    0.00    0.00    0.00    0.00    0.00    0.00    0.00  100.00
01:53:40 AM   34    0.00    0.00    0.00    0.00    0.00    0.00    0.00    0.00    0.00  100.00
01:53:40 AM   35    0.00    0.00    0.00    0.00    0.00    0.00    0.00    0.00    0.00  100.00

01:53:40 AM  CPU    %usr   %nice    %sys %iowait    %irq   %soft  %steal  %guest  %gnice   %idle
01:53:41 AM  all    8.19    0.00    3.29    0.08    0.00    0.37    0.00    0.00    0.00   88.06
01:53:41 AM    0    6.00    0.00    3.00    0.00    0.00    4.00    0.00    0.00    0.00   87.00
01:53:41 AM    1    9.18    0.00    2.04    1.02    0.00    1.02    0.00    0.00    0.00   86.73
01:53:41 AM    2    7.22    0.00    5.15    0.00    0.00    1.03    0.00    0.00    0.00   86.60
01:53:41 AM    3   22.45    0.00   12.24    0.00    0.00    0.00    0.00    0.00    0.00   65.31
01:53:41 AM    4    7.14    0.00   11.22    0.00    0.00    1.02    0.00    0.00    0.00   80.61
01:53:41 AM    5   11.34    0.00    4.12    0.00    0.00    1.03    0.00    0.00    0.00   83.51
01:53:41 AM    6    8.33    0.00    2.08    0.00    0.00    0.00    0.00    0.00    0.00   89.58
01:53:41 AM    7    7.29    0.00    2.08    0.00    0.00    0.00    0.00    0.00    0.00   90.62
01:53:41 AM    8    4.17    0.00    3.12    0.00    0.00    2.08    0.00    0.00    0.00   90.62
01:53:41 AM    9   10.20    0.00    3.06    0.00    0.00    0.00    0.00    0.00    0.00   86.73
01:53:41 AM   10    6.12    0.00    3.06    0.00    0.00    1.02    0.00    0.00    0.00   89.80
01:53:41 AM   11    5.15    0.00    3.09    1.03    0.00    1.03    0.00    0.00    0.00   89.69
01:53:41 AM   12    6.25    0.00    3.12    0.00    0.00    0.00    0.00    0.00    0.00   90.62
01:53:41 AM   13    7.29    0.00    3.12    0.00    0.00    0.00    0.00    0.00    0.00   89.58
01:53:41 AM   14    9.09    0.00    2.02    0.00    0.00    1.01    0.00    0.00    0.00   87.88
01:53:41 AM   15    7.29    0.00    1.04    0.00    0.00    0.00    0.00    0.00    0.00   91.67
01:53:41 AM   16    6.12    0.00    7.14    0.00    0.00    0.00    0.00    0.00    0.00   86.73
01:53:41 AM   17    3.09    0.00    2.06    1.03    0.00    0.00    0.00    0.00    0.00   93.81
01:53:41 AM   18   72.28    0.00   20.79    0.00    0.00    0.00    0.00    0.00    0.00    6.93
01:53:41 AM   19   77.00    0.00   23.00    0.00    0.00    0.00    0.00    0.00    0.00    0.00
01:53:41 AM   20    0.00    0.00    1.00    0.00    0.00    0.00    0.00    0.00    0.00   99.00
01:53:41 AM   21    0.00    0.00    0.00    0.00    0.00    0.00    0.00    0.00    0.00  100.00
01:53:41 AM   22    0.00    0.00    0.00    0.00    0.00    0.00    0.00    0.00    0.00  100.00
01:53:41 AM   23    0.00    0.00    0.00    0.00    0.00    0.00    0.00    0.00    0.00  100.00
01:53:41 AM   24    0.00    0.00    0.00    0.00    0.00    0.00    0.00    0.00    0.00  100.00
01:53:41 AM   25    0.99    0.00    0.99    0.00    0.00    0.00    0.00    0.00    0.00   98.02
01:53:41 AM   26    0.00    0.00    0.00    0.00    0.00    0.00    0.00    0.00    0.00  100.00
01:53:41 AM   27    0.00    0.00    0.00    0.00    0.00    0.00    0.00    0.00    0.00  100.00
01:53:41 AM   28    0.00    0.00    0.00    0.00    0.00    0.00    0.00    0.00    0.00  100.00
01:53:41 AM   29    0.00    0.00    0.00    0.00    0.00    0.00    0.00    0.00    0.00  100.00
01:53:41 AM   30    0.00    0.00    0.00    0.00    0.00    0.00    0.00    0.00    0.00  100.00
01:53:41 AM   31    0.00    0.00    0.00    0.00    0.00    0.00    0.00    0.00    0.00  100.00
01:53:41 AM   32    0.00    0.00    0.00    0.00    0.00    0.00    0.00    0.00    0.00  100.00
01:53:41 AM   33    0.00    0.00    0.00    0.00    0.00    0.00    0.00    0.00    0.00  100.00
01:53:41 AM   34    0.00    0.00    0.00    0.00    0.00    0.00    0.00    0.00    0.00  100.00
01:53:41 AM   35    0.00    0.00    0.00    0.00    0.00    0.00    0.00    0.00    0.00  100.00

01:53:41 AM  CPU    %usr   %nice    %sys %iowait    %irq   %soft  %steal  %guest  %gnice   %idle
01:53:42 AM  all    6.32    0.00    2.80    0.08    0.00    0.17    0.00    0.00    0.00   90.63
01:53:42 AM    0    3.12    0.00    2.08    1.04    0.00    1.04    0.00    0.00    0.00   92.71
01:53:42 AM    1    4.17    0.00    2.08    0.00    0.00    2.08    0.00    0.00    0.00   91.67
01:53:42 AM    2    3.12    0.00    2.08    0.00    0.00    1.04    0.00    0.00    0.00   93.75
01:53:42 AM    3   10.10    0.00   16.16    0.00    0.00    0.00    0.00    0.00    0.00   73.74
01:53:42 AM    4    3.09    0.00    2.06    0.00    0.00    0.00    0.00    0.00    0.00   94.85
01:53:42 AM    5    3.06    0.00    3.06    0.00    0.00    0.00    0.00    0.00    0.00   93.88
01:53:42 AM    6    6.12    0.00    1.02    0.00    0.00    0.00    0.00    0.00    0.00   92.86
01:53:42 AM    7    3.09    0.00    3.09    0.00    0.00    0.00    0.00    0.00    0.00   93.81
01:53:42 AM    8    5.05    0.00    4.04    0.00    0.00    0.00    0.00    0.00    0.00   90.91
01:53:42 AM    9    8.16    0.00    0.00    0.00    0.00    1.02    0.00    0.00    0.00   90.82
01:53:42 AM   10    3.12    0.00    2.08    1.04    0.00    0.00    0.00    0.00    0.00   93.75
01:53:42 AM   11    7.00    0.00    6.00    0.00    0.00    1.00    0.00    0.00    0.00   86.00
01:53:42 AM   12    4.21    0.00    2.11    0.00    0.00    0.00    0.00    0.00    0.00   93.68
01:53:42 AM   13    4.12    0.00    4.12    0.00    0.00    0.00    0.00    0.00    0.00   91.75
01:53:42 AM   14    4.17    0.00    2.08    0.00    0.00    0.00    0.00    0.00    0.00   93.75
01:53:42 AM   15    3.12    0.00    1.04    0.00    0.00    0.00    0.00    0.00    0.00   95.83
01:53:42 AM   16    2.08    0.00    2.08    0.00    0.00    0.00    0.00    0.00    0.00   95.83
01:53:42 AM   17    3.00    0.00    1.00    1.00    0.00    0.00    0.00    0.00    0.00   95.00
01:53:42 AM   18   64.00    0.00   26.00    0.00    0.00    0.00    0.00    0.00    0.00   10.00
01:53:42 AM   19   82.00    0.00   18.00    0.00    0.00    0.00    0.00    0.00    0.00    0.00
01:53:42 AM   20    0.00    0.00    0.00    0.00    0.00    0.00    0.00    0.00    0.00  100.00
01:53:42 AM   21    0.00    0.00    0.00    0.00    0.00    0.00    0.00    0.00    0.00  100.00
01:53:42 AM   22    0.00    0.00    0.00    0.00    0.00    0.00    0.00    0.00    0.00  100.00
01:53:42 AM   23    0.00    0.00    0.00    0.00    0.00    0.00    0.00    0.00    0.00  100.00
01:53:42 AM   24    0.00    0.00    0.00    0.00    0.00    0.00    0.00    0.00    0.00  100.00
01:53:42 AM   25    0.00    0.00    0.00    0.00    0.00    0.00    0.00    0.00    0.00  100.00
01:53:42 AM   26    0.00    0.00    0.00    0.00    0.00    0.00    0.00    0.00    0.00  100.00
01:53:42 AM   27    0.00    0.00    0.00    0.00    0.00    0.00    0.00    0.00    0.00  100.00
01:53:42 AM   28    0.00    0.00    0.00    0.00    0.00    0.00    0.00    0.00    0.00  100.00
01:53:42 AM   29    0.00    0.00    0.00    0.00    0.00    0.00    0.00    0.00    0.00  100.00
01:53:42 AM   30    0.00    0.00    0.00    0.00    0.00    0.00    0.00    0.00    0.00  100.00
01:53:42 AM   31    0.00    0.00    0.00    0.00    0.00    0.00    0.00    0.00    0.00  100.00
01:53:42 AM   32    0.00    0.00    0.00    0.00    0.00    0.00    0.00    0.00    0.00  100.00
01:53:42 AM   33    0.00    0.00    0.00    0.00    0.00    0.00    0.00    0.00    0.00  100.00
01:53:42 AM   34    0.00    0.00    0.00    0.00    0.00    0.00    0.00    0.00    0.00  100.00
01:53:42 AM   35    0.00    0.00    0.00    0.00    0.00    0.00    0.00    0.00    0.00  100.00

01:53:42 AM  CPU    %usr   %nice    %sys %iowait    %irq   %soft  %steal  %guest  %gnice   %idle
01:53:43 AM  all    7.32    0.00    2.79    0.00    0.00    0.37    0.00    0.00    0.00   89.52
01:53:43 AM    0    5.83    0.00    3.88    0.00    0.00    3.88    0.00    0.00    0.00   86.41
01:53:43 AM    1   11.11    0.00    4.04    0.00    0.00    1.01    0.00    0.00    0.00   83.84
01:53:43 AM    2    4.08    0.00    2.04    0.00    0.00    2.04    0.00    0.00    0.00   91.84
01:53:43 AM    3    5.88    0.00    4.90    0.00    0.00    0.98    0.00    0.00    0.00   88.24
01:53:43 AM    4    4.21    0.00    1.05    0.00    0.00    0.00    0.00    0.00    0.00   94.74
01:53:43 AM    5    4.08    0.00    2.04    0.00    0.00    1.02    0.00    0.00    0.00   92.86
01:53:43 AM    6    6.19    0.00    1.03    0.00    0.00    1.03    0.00    0.00    0.00   91.75
01:53:43 AM    7    7.37    0.00    2.11    0.00    0.00    1.05    0.00    0.00    0.00   89.47
01:53:43 AM    8   12.00    0.00    8.00    0.00    0.00    0.00    0.00    0.00    0.00   80.00
01:53:43 AM    9    4.08    0.00    4.08    0.00    0.00    0.00    0.00    0.00    0.00   91.84
01:53:43 AM   10    9.18    0.00    5.10    0.00    0.00    1.02    0.00    0.00    0.00   84.69
01:53:43 AM   11    5.26    0.00    1.05    0.00    0.00    0.00    0.00    0.00    0.00   93.68
01:53:43 AM   12    7.22    0.00    3.09    0.00    0.00    0.00    0.00    0.00    0.00   89.69
01:53:43 AM   13    5.21    0.00    3.12    0.00    0.00    0.00    0.00    0.00    0.00   91.67
01:53:43 AM   14    4.04    0.00    5.05    0.00    0.00    0.00    0.00    0.00    0.00   90.91
01:53:43 AM   15    6.19    0.00    4.12    0.00    0.00    0.00    0.00    0.00    0.00   89.69
01:53:43 AM   16    2.15    0.00    0.00    0.00    0.00    1.08    0.00    0.00    0.00   96.77
01:53:43 AM   17    2.06    0.00    1.03    0.00    0.00    0.00    0.00    0.00    0.00   96.91
01:53:43 AM   18   82.00    0.00   17.00    0.00    0.00    0.00    0.00    0.00    0.00    1.00
01:53:43 AM   19   73.74    0.00   26.26    0.00    0.00    0.00    0.00    0.00    0.00    0.00
01:53:43 AM   20    0.00    0.00    0.00    0.00    0.00    0.00    0.00    0.00    0.00  100.00
01:53:43 AM   21    0.00    0.00    0.00    0.00    0.00    0.00    0.00    0.00    0.00  100.00
01:53:43 AM   22    0.00    0.00    0.00    0.00    0.00    0.00    0.00    0.00    0.00  100.00
01:53:43 AM   23    0.00    0.00    0.00    0.00    0.00    0.00    0.00    0.00    0.00  100.00
01:53:43 AM   24    0.00    0.00    1.01    0.00    0.00    0.00    0.00    0.00    0.00   98.99
01:53:43 AM   25    0.00    0.00    0.00    0.00    0.00    0.00    0.00    0.00    0.00  100.00
01:53:43 AM   26    0.00    0.00    0.00    0.00    0.00    0.00    0.00    0.00    0.00  100.00
01:53:43 AM   27    0.00    0.00    0.00    0.00    0.00    0.00    0.00    0.00    0.00  100.00
01:53:43 AM   28    0.00    0.00    0.00    0.00    0.00    0.00    0.00    0.00    0.00  100.00
01:53:43 AM   29    0.00    0.00    0.00    0.00    0.00    0.00    0.00    0.00    0.00  100.00
01:53:43 AM   30    0.00    0.00    0.00    0.00    0.00    0.00    0.00    0.00    0.00  100.00
01:53:43 AM   31    0.99    0.00    0.00    0.00    0.00    0.00    0.00    0.00    0.00   99.01
01:53:43 AM   32    0.00    0.00    0.00    0.00    0.00    0.00    0.00    0.00    0.00  100.00
01:53:43 AM   33    0.00    0.00    0.00    0.00    0.00    0.00    0.00    0.00    0.00  100.00
01:53:43 AM   34    0.00    0.00    0.00    0.00    0.00    0.00    0.00    0.00    0.00  100.00
01:53:43 AM   35    0.00    0.00    0.00    0.00    0.00    0.00    0.00    0.00    0.00  100.00

01:53:43 AM  CPU    %usr   %nice    %sys %iowait    %irq   %soft  %steal  %guest  %gnice   %idle
01:53:44 AM  all    6.39    0.00    2.50    0.00    0.00    0.31    0.00    0.00    0.00   90.80
01:53:44 AM    0    5.88    0.00    1.96    0.00    0.00    5.88    0.00    0.00    0.00   86.27
01:53:44 AM    1    5.10    0.00    1.02    0.00    0.00    1.02    0.00    0.00    0.00   92.86
01:53:44 AM    2    4.08    0.00    2.04    0.00    0.00    2.04    0.00    0.00    0.00   91.84
01:53:44 AM    3    5.10    0.00    2.04    0.00    0.00    1.02    0.00    0.00    0.00   91.84
01:53:44 AM    4    7.07    0.00    1.01    0.00    0.00    0.00    0.00    0.00    0.00   91.92
01:53:44 AM    5    3.16    0.00    2.11    0.00    0.00    0.00    0.00    0.00    0.00   94.74
01:53:44 AM    6    2.08    0.00    2.08    0.00    0.00    0.00    0.00    0.00    0.00   95.83
01:53:44 AM    7    5.15    0.00    0.00    0.00    0.00    0.00    0.00    0.00    0.00   94.85
01:53:44 AM    8    4.17    0.00   17.71    0.00    0.00    0.00    0.00    0.00    0.00   78.12
01:53:44 AM    9    5.15    0.00    1.03    0.00    0.00    0.00    0.00    0.00    0.00   93.81
01:53:44 AM   10    3.09    0.00    2.06    0.00    0.00    0.00    0.00    0.00    0.00   94.85
01:53:44 AM   11    6.93    0.00    2.97    0.00    0.00    0.00    0.00    0.00    0.00   90.10
01:53:44 AM   12    3.12    0.00    2.08    0.00    0.00    0.00    0.00    0.00    0.00   94.79
01:53:44 AM   13    4.12    0.00    1.03    0.00    0.00    0.00    0.00    0.00    0.00   94.85
01:53:44 AM   14    5.15    0.00    2.06    0.00    0.00    0.00    0.00    0.00    0.00   92.78
01:53:44 AM   15    5.10    0.00    2.04    0.00    0.00    1.02    0.00    0.00    0.00   91.84
01:53:44 AM   16    3.16    0.00    1.05    0.00    0.00    0.00    0.00    0.00    0.00   95.79
01:53:44 AM   17    2.04    0.00    1.02    0.00    0.00    0.00    0.00    0.00    0.00   96.94
01:53:44 AM   18   67.96    0.00   22.33    0.00    0.00    0.00    0.00    0.00    0.00    9.71
01:53:44 AM   19   79.00    0.00   21.00    0.00    0.00    0.00    0.00    0.00    0.00    0.00
01:53:44 AM   20    0.00    0.00    0.99    0.00    0.00    0.00    0.00    0.00    0.00   99.01
01:53:44 AM   21    0.00    0.00    0.00    0.00    0.00    0.00    0.00    0.00    0.00  100.00
01:53:44 AM   22    0.00    0.00    0.00    0.00    0.00    0.00    0.00    0.00    0.00  100.00
01:53:44 AM   23    0.00    0.00    0.00    0.00    0.00    0.00    0.00    0.00    0.00  100.00
01:53:44 AM   24    0.00    0.00    0.00    0.00    0.00    0.00    0.00    0.00    0.00  100.00
01:53:44 AM   25    0.00    0.00    0.00    0.00    0.00    0.00    0.00    0.00    0.00  100.00
01:53:44 AM   26    0.00    0.00    0.00    0.00    0.00    0.00    0.00    0.00    0.00  100.00
01:53:44 AM   27    0.00    0.00    0.00    0.00    0.00    0.00    0.00    0.00    0.00  100.00
01:53:44 AM   28    0.00    0.00    0.00    0.00    0.00    0.00    0.00    0.00    0.00  100.00
01:53:44 AM   29    0.00    0.00    0.00    0.00    0.00    0.00    0.00    0.00    0.00  100.00
01:53:44 AM   30    0.00    0.00    0.00    0.00    0.00    0.00    0.00    0.00    0.00  100.00
01:53:44 AM   31    0.00    0.00    0.00    0.00    0.00    0.00    0.00    0.00    0.00  100.00
01:53:44 AM   32    0.00    0.00    0.00    0.00    0.00    0.00    0.00    0.00    0.00  100.00
01:53:44 AM   33    0.00    0.00    0.00    0.00    0.00    0.00    0.00    0.00    0.00  100.00
01:53:44 AM   34    0.00    0.00    0.00    0.00    0.00    0.00    0.00    0.00    0.00  100.00
01:53:44 AM   35    0.00    0.00    0.00    0.00    0.00    0.00    0.00    0.00    0.00  100.00

01:53:44 AM  CPU    %usr   %nice    %sys %iowait    %irq   %soft  %steal  %guest  %gnice   %idle
01:53:45 AM  all    6.65    0.00    2.37    0.03    0.00    0.25    0.00    0.00    0.00   90.70
01:53:45 AM    0    7.07    0.00    3.03    0.00    0.00    3.03    0.00    0.00    0.00   86.87
01:53:45 AM    1    4.17    0.00    2.08    0.00    0.00    1.04    0.00    0.00    0.00   92.71
01:53:45 AM    2    5.15    0.00    2.06    0.00    0.00    1.03    0.00    0.00    0.00   91.75
01:53:45 AM    3    4.08    0.00    2.04    0.00    0.00    1.02    0.00    0.00    0.00   92.86
01:53:45 AM    4    4.04    0.00    2.02    0.00    0.00    1.01    0.00    0.00    0.00   92.93
01:53:45 AM    5    5.05    0.00    1.01    0.00    0.00    1.01    0.00    0.00    0.00   92.93
01:53:45 AM    6    8.08    0.00    0.00    0.00    0.00    0.00    0.00    0.00    0.00   91.92
01:53:45 AM    7    4.17    0.00    2.08    0.00    0.00    0.00    0.00    0.00    0.00   93.75
01:53:45 AM    8    2.11    0.00    1.05    0.00    0.00    0.00    0.00    0.00    0.00   96.84
01:53:45 AM    9    4.12    0.00    2.06    0.00    0.00    0.00    0.00    0.00    0.00   93.81
01:53:45 AM   10    8.33    0.00    3.12    0.00    0.00    0.00    0.00    0.00    0.00   88.54
01:53:45 AM   11    6.19    0.00    1.03    0.00    0.00    0.00    0.00    0.00    0.00   92.78
01:53:45 AM   12    4.12    0.00    2.06    0.00    0.00    0.00    0.00    0.00    0.00   93.81
01:53:45 AM   13    5.05    0.00    3.03    0.00    0.00    1.01    0.00    0.00    0.00   90.91
01:53:45 AM   14    4.08    0.00    3.06    0.00    0.00    0.00    0.00    0.00    0.00   92.86
01:53:45 AM   15    7.37    0.00    2.11    1.05    0.00    0.00    0.00    0.00    0.00   89.47
01:53:45 AM   16    6.19    0.00    1.03    0.00    0.00    0.00    0.00    0.00    0.00   92.78
01:53:45 AM   17    2.04    0.00    1.02    0.00    0.00    0.00    0.00    0.00    0.00   96.94
01:53:45 AM   18   73.27    0.00   21.78    0.00    0.00    0.00    0.00    0.00    0.00    4.95
01:53:45 AM   19   72.28    0.00   27.72    0.00    0.00    0.00    0.00    0.00    0.00    0.00
01:53:45 AM   20    0.00    0.00    0.00    0.00    0.00    0.00    0.00    0.00    0.00  100.00
01:53:45 AM   21    0.00    0.00    1.00    0.00    0.00    0.00    0.00    0.00    0.00   99.00
01:53:45 AM   22    0.00    0.00    0.00    0.00    0.00    0.00    0.00    0.00    0.00  100.00
01:53:45 AM   23    0.00    0.00    0.00    0.00    0.00    0.00    0.00    0.00    0.00  100.00
01:53:45 AM   24    0.00    0.00    0.00    0.00    0.00    0.00    0.00    0.00    0.00  100.00
01:53:45 AM   25    0.00    0.00    0.00    0.00    0.00    0.00    0.00    0.00    0.00  100.00
01:53:45 AM   26    0.00    0.00    0.00    0.00    0.00    0.00    0.00    0.00    0.00  100.00
01:53:45 AM   27    0.00    0.00    0.00    0.00    0.00    0.00    0.00    0.00    0.00  100.00
01:53:45 AM   28    0.00    0.00    0.00    0.00    0.00    0.00    0.00    0.00    0.00  100.00
01:53:45 AM   29    0.00    0.00    0.00    0.00    0.00    0.00    0.00    0.00    0.00  100.00
01:53:45 AM   30    0.00    0.00    0.00    0.00    0.00    0.00    0.00    0.00    0.00  100.00
01:53:45 AM   31    0.00    0.00    0.00    0.00    0.00    0.00    0.00    0.00    0.00  100.00
01:53:45 AM   32    0.00    0.00    0.00    0.00    0.00    0.00    0.00    0.00    0.00  100.00
01:53:45 AM   33    0.00    0.00    0.00    0.00    0.00    0.00    0.00    0.00    0.00  100.00
01:53:45 AM   34    0.00    0.00    0.00    0.00    0.00    0.00    0.00    0.00    0.00  100.00
01:53:45 AM   35    0.00    0.00    0.00    0.00    0.00    0.00    0.00    0.00    0.00  100.00

01:53:45 AM  CPU    %usr   %nice    %sys %iowait    %irq   %soft  %steal  %guest  %gnice   %idle
01:53:46 AM  all    6.53    0.00    2.84    0.00    0.00    0.25    0.00    0.00    0.00   90.37
01:53:46 AM    0    2.08    0.00    3.12    0.00    0.00    2.08    0.00    0.00    0.00   92.71
01:53:46 AM    1    5.94    0.00    1.98    0.00    0.00    2.97    0.00    0.00    0.00   89.11
01:53:46 AM    2    6.12    0.00    4.08    0.00    0.00    2.04    0.00    0.00    0.00   87.76
01:53:46 AM    3    7.45    0.00   15.96    0.00    0.00    0.00    0.00    0.00    0.00   76.60
01:53:46 AM    4    6.25    0.00    3.12    0.00    0.00    0.00    0.00    0.00    0.00   90.62
01:53:46 AM    5    2.08    0.00    2.08    0.00    0.00    0.00    0.00    0.00    0.00   95.83
01:53:46 AM    6    4.08    0.00    2.04    0.00    0.00    1.02    0.00    0.00    0.00   92.86
01:53:46 AM    7    5.10    0.00    3.06    0.00    0.00    0.00    0.00    0.00    0.00   91.84
01:53:46 AM    8    5.00    0.00    4.00    0.00    0.00    1.00    0.00    0.00    0.00   90.00
01:53:46 AM    9    5.15    0.00    2.06    0.00    0.00    0.00    0.00    0.00    0.00   92.78
01:53:46 AM   10    4.00    0.00    3.00    0.00    0.00    0.00    0.00    0.00    0.00   93.00
01:53:46 AM   11    3.09    0.00    2.06    0.00    0.00    0.00    0.00    0.00    0.00   94.85
01:53:46 AM   12    6.12    0.00    2.04    0.00    0.00    0.00    0.00    0.00    0.00   91.84
01:53:46 AM   13    4.17    0.00    0.00    0.00    0.00    0.00    0.00    0.00    0.00   95.83
01:53:46 AM   14    3.16    0.00    2.11    0.00    0.00    0.00    0.00    0.00    0.00   94.74
01:53:46 AM   15    7.22    0.00    3.09    0.00    0.00    0.00    0.00    0.00    0.00   89.69
01:53:46 AM   16    5.05    0.00    2.02    0.00    0.00    0.00    0.00    0.00    0.00   92.93
01:53:46 AM   17    3.03    0.00    2.02    0.00    0.00    0.00    0.00    0.00    0.00   94.95
01:53:46 AM   18   65.35    0.00   26.73    0.00    0.00    0.00    0.00    0.00    0.00    7.92
01:53:46 AM   19   83.00    0.00   17.00    0.00    0.00    0.00    0.00    0.00    0.00    0.00
01:53:46 AM   20    0.00    0.00    0.00    0.00    0.00    0.00    0.00    0.00    0.00  100.00
01:53:46 AM   21    0.00    0.00    0.00    0.00    0.00    0.00    0.00    0.00    0.00  100.00
01:53:46 AM   22    0.00    0.00    0.00    0.00    0.00    0.00    0.00    0.00    0.00  100.00
01:53:46 AM   23    0.00    0.00    0.00    0.00    0.00    0.00    0.00    0.00    0.00  100.00
01:53:46 AM   24    0.00    0.00    0.00    0.00    0.00    0.00    0.00    0.00    0.00  100.00
01:53:46 AM   25    0.00    0.00    1.00    0.00    0.00    0.00    0.00    0.00    0.00   99.00
01:53:46 AM   26    0.00    0.00    0.00    0.00    0.00    0.00    0.00    0.00    0.00  100.00
01:53:46 AM   27    0.00    0.00    0.00    0.00    0.00    0.00    0.00    0.00    0.00  100.00
01:53:46 AM   28    0.00    0.00    0.00    0.00    0.00    0.00    0.00    0.00    0.00  100.00
01:53:46 AM   29    0.00    0.00    0.00    0.00    0.00    0.00    0.00    0.00    0.00  100.00
01:53:46 AM   30    0.00    0.00    0.00    0.00    0.00    0.00    0.00    0.00    0.00  100.00
01:53:46 AM   31    0.00    0.00    0.00    0.00    0.00    0.00    0.00    0.00    0.00  100.00
01:53:46 AM   32    0.00    0.00    0.00    0.00    0.00    0.00    0.00    0.00    0.00  100.00
01:53:46 AM   33    0.00    0.00    0.00    0.00    0.00    0.00    0.00    0.00    0.00  100.00
01:53:46 AM   34    0.00    0.00    0.00    0.00    0.00    0.00    0.00    0.00    0.00  100.00
01:53:46 AM   35    0.00    0.00    0.00    0.00    0.00    0.00    0.00    0.00    0.00  100.00

01:53:46 AM  CPU    %usr   %nice    %sys %iowait    %irq   %soft  %steal  %guest  %gnice   %idle
01:53:47 AM  all    6.88    0.00    3.48    0.06    0.00    0.20    0.00    0.00    0.00   89.38
01:53:47 AM    0    6.93    0.00    2.97    0.00    0.00    3.96    0.00    0.00    0.00   86.14
01:53:47 AM    1   10.20    0.00    3.06    0.00    0.00    1.02    0.00    0.00    0.00   85.71
01:53:47 AM    2    4.04    0.00    3.03    1.01    0.00    0.00    0.00    0.00    0.00   91.92
01:53:47 AM    3    6.12    0.00   17.35    0.00    0.00    1.02    0.00    0.00    0.00   75.51
01:53:47 AM    4    6.38    0.00    1.06    0.00    0.00    0.00    0.00    0.00    0.00   92.55
01:53:47 AM    5    6.25    0.00    2.08    0.00    0.00    0.00    0.00    0.00    0.00   91.67
01:53:47 AM    6    6.06    0.00    2.02    0.00    0.00    0.00    0.00    0.00    0.00   91.92
01:53:47 AM    7    5.05    0.00    2.02    0.00    0.00    1.01    0.00    0.00    0.00   91.92
01:53:47 AM    8    5.15    0.00    3.09    0.00    0.00    0.00    0.00    0.00    0.00   91.75
01:53:47 AM    9    5.05    0.00    4.04    1.01    0.00    0.00    0.00    0.00    0.00   89.90
01:53:47 AM   10    9.09    0.00    4.04    0.00    0.00    0.00    0.00    0.00    0.00   86.87
01:53:47 AM   11    4.21    0.00    3.16    0.00    0.00    0.00    0.00    0.00    0.00   92.63
01:53:47 AM   12    6.19    0.00    1.03    0.00    0.00    0.00    0.00    0.00    0.00   92.78
01:53:47 AM   13    4.12    0.00    2.06    0.00    0.00    0.00    0.00    0.00    0.00   93.81
01:53:47 AM   14    6.06    0.00    3.03    0.00    0.00    0.00    0.00    0.00    0.00   90.91
01:53:47 AM   15    5.88    0.00    4.90    0.00    0.00    0.00    0.00    0.00    0.00   89.22
01:53:47 AM   16    7.29    0.00    3.12    0.00    0.00    0.00    0.00    0.00    0.00   89.58
01:53:47 AM   17    3.06    0.00    1.02    0.00    0.00    0.00    0.00    0.00    0.00   95.92
01:53:47 AM   18   76.00    0.00   24.00    0.00    0.00    0.00    0.00    0.00    0.00    0.00
01:53:47 AM   19   62.63    0.00   37.37    0.00    0.00    0.00    0.00    0.00    0.00    0.00
01:53:47 AM   20    0.00    0.00    1.00    0.00    0.00    0.00    0.00    0.00    0.00   99.00
01:53:47 AM   21    1.98    0.00    0.00    0.00    0.00    0.00    0.00    0.00    0.00   98.02
01:53:47 AM   22    0.00    0.00    0.00    0.00    0.00    0.00    0.00    0.00    0.00  100.00
01:53:47 AM   23    0.00    0.00    0.00    0.00    0.00    0.00    0.00    0.00    0.00  100.00
01:53:47 AM   24    0.00    0.00    0.00    0.00    0.00    0.00    0.00    0.00    0.00  100.00
01:53:47 AM   25    0.00    0.00    0.00    0.00    0.00    0.00    0.00    0.00    0.00  100.00
01:53:47 AM   26    0.00    0.00    0.00    0.00    0.00    0.00    0.00    0.00    0.00  100.00
01:53:47 AM   27    0.00    0.00    0.00    0.00    0.00    0.00    0.00    0.00    0.00  100.00
01:53:47 AM   28    0.00    0.00    0.00    0.00    0.00    0.00    0.00    0.00    0.00  100.00
01:53:47 AM   29    0.00    0.00    0.00    0.00    0.00    0.00    0.00    0.00    0.00  100.00
01:53:47 AM   30    0.00    0.00    0.00    0.00    0.00    0.00    0.00    0.00    0.00  100.00
01:53:47 AM   31    0.00    0.00    0.00    0.00    0.00    0.00    0.00    0.00    0.00  100.00
01:53:47 AM   32    0.00    0.00    0.00    0.00    0.00    0.00    0.00    0.00    0.00  100.00
01:53:47 AM   33    0.00    0.00    0.00    0.00    0.00    0.00    0.00    0.00    0.00  100.00
01:53:47 AM   34    0.00    0.00    0.00    0.00    0.00    0.00    0.00    0.00    0.00  100.00
01:53:47 AM   35    0.00    0.00    0.00    0.00    0.00    0.00    0.00    0.00    0.00  100.00

01:53:47 AM  CPU    %usr   %nice    %sys %iowait    %irq   %soft  %steal  %guest  %gnice   %idle
01:53:48 AM  all    6.01    0.00    2.70    0.03    0.00    0.37    0.00    0.00    0.00   90.90
01:53:48 AM    0    3.96    0.00    2.97    0.00    0.00    4.95    0.00    0.00    0.00   88.12
01:53:48 AM    1    4.08    0.00    2.04    0.00    0.00    2.04    0.00    0.00    0.00   91.84
01:53:48 AM    2    3.12    0.00    3.12    0.00    0.00    1.04    0.00    0.00    0.00   92.71
01:53:48 AM    3    3.03    0.00    1.01    0.00    0.00    1.01    0.00    0.00    0.00   94.95
01:53:48 AM    4    4.08    0.00    3.06    0.00    0.00    0.00    0.00    0.00    0.00   92.86
01:53:48 AM    5    5.15    0.00    2.06    0.00    0.00    0.00    0.00    0.00    0.00   92.78
01:53:48 AM    6    4.17    0.00    1.04    0.00    0.00    0.00    0.00    0.00    0.00   94.79
01:53:48 AM    7    4.04    0.00    4.04    0.00    0.00    1.01    0.00    0.00    0.00   90.91
01:53:48 AM    8    3.16    0.00    1.05    0.00    0.00    0.00    0.00    0.00    0.00   95.79
01:53:48 AM    9    4.08    0.00    3.06    0.00    0.00    1.02    0.00    0.00    0.00   91.84
01:53:48 AM   10    3.06    0.00    2.04    0.00    0.00    1.02    0.00    0.00    0.00   93.88
01:53:48 AM   11    4.04    0.00    4.04    0.00    0.00    0.00    0.00    0.00    0.00   91.92
01:53:48 AM   12    4.04    0.00    6.06    0.00    0.00    0.00    0.00    0.00    0.00   89.90
01:53:48 AM   13    4.08    0.00    2.04    0.00    0.00    0.00    0.00    0.00    0.00   93.88
01:53:48 AM   14    4.08    0.00    1.02    0.00    0.00    0.00    0.00    0.00    0.00   94.90
01:53:48 AM   15    4.17    0.00    2.08    0.00    0.00    0.00    0.00    0.00    0.00   93.75
01:53:48 AM   16    4.04    0.00    1.01    0.00    0.00    1.01    0.00    0.00    0.00   93.94
01:53:48 AM   17    2.04    0.00    1.02    1.02    0.00    0.00    0.00    0.00    0.00   95.92
01:53:48 AM   18   69.31    0.00   27.72    0.00    0.00    0.00    0.00    0.00    0.00    2.97
01:53:48 AM   19   76.24    0.00   23.76    0.00    0.00    0.00    0.00    0.00    0.00    0.00
01:53:48 AM   20    0.00    0.00    0.00    0.00    0.00    0.00    0.00    0.00    0.00  100.00
01:53:48 AM   21    0.00    0.00    1.00    0.00    0.00    0.00    0.00    0.00    0.00   99.00
01:53:48 AM   22    0.00    0.00    0.00    0.00    0.00    0.00    0.00    0.00    0.00  100.00
01:53:48 AM   23    0.00    0.00    0.00    0.00    0.00    0.00    0.00    0.00    0.00  100.00
01:53:48 AM   24    0.00    0.00    1.00    0.00    0.00    0.00    0.00    0.00    0.00   99.00
01:53:48 AM   25    0.00    0.00    0.00    0.00    0.00    0.00    0.00    0.00    0.00  100.00
01:53:48 AM   26    0.00    0.00    0.00    0.00    0.00    0.00    0.00    0.00    0.00  100.00
01:53:48 AM   27    0.00    0.00    0.00    0.00    0.00    0.00    0.00    0.00    0.00  100.00
01:53:48 AM   28    0.00    0.00    0.00    0.00    0.00    0.00    0.00    0.00    0.00  100.00
01:53:48 AM   29    0.00    0.00    0.00    0.00    0.00    0.00    0.00    0.00    0.00  100.00
01:53:48 AM   30    0.00    0.00    0.00    0.00    0.00    0.00    0.00    0.00    0.00  100.00
01:53:48 AM   31    0.00    0.00    0.00    0.00    0.00    0.00    0.00    0.00    0.00  100.00
01:53:48 AM   32    0.00    0.00    0.00    0.00    0.00    0.00    0.00    0.00    0.00  100.00
01:53:48 AM   33    0.00    0.00    0.00    0.00    0.00    0.00    0.00    0.00    0.00  100.00
01:53:48 AM   34    0.00    0.00    0.00    0.00    0.00    0.00    0.00    0.00    0.00  100.00
01:53:48 AM   35    0.00    0.00    0.00    0.00    0.00    0.00    0.00    0.00    0.00  100.00

Average:     CPU    %usr   %nice    %sys %iowait    %irq   %soft  %steal  %guest  %gnice   %idle
Average:     all    6.35    0.00    2.72    0.04    0.00    0.30    0.00    0.00    0.00   90.59
Average:       0    4.67    0.00    3.39    0.09    0.00    3.66    0.00    0.00    0.00   88.20
Average:       1    6.65    0.00    2.68    0.09    0.00    2.03    0.00    0.00    0.00   88.55
Average:       2    4.20    0.00    2.71    0.09    0.00    1.49    0.00    0.00    0.00   91.51
Average:       3    6.86    0.00    6.96    0.00    0.00    0.65    0.00    0.00    0.00   85.53
Average:       4    5.22    0.00    2.98    0.09    0.00    0.28    0.00    0.00    0.00   91.43
Average:       5    4.59    0.00    2.62    0.09    0.00    0.37    0.00    0.00    0.00   92.31
Average:       6    5.06    0.00    1.78    0.00    0.00    0.19    0.00    0.00    0.00   92.98
Average:       7    4.59    0.00    2.16    0.09    0.00    0.28    0.00    0.00    0.00   92.88
Average:       8    5.14    0.00    4.76    0.00    0.00    0.47    0.00    0.00    0.00   89.64
Average:       9    5.31    0.00    2.24    0.09    0.00    0.19    0.00    0.00    0.00   92.17
Average:      10    5.22    0.00    2.98    0.09    0.00    0.28    0.00    0.00    0.00   91.43
Average:      11    4.75    0.00    2.79    0.09    0.00    0.19    0.00    0.00    0.00   92.18
Average:      12    4.97    0.00    2.44    0.00    0.00    0.00    0.00    0.00    0.00   92.59
Average:      13    5.04    0.00    2.43    0.00    0.00    0.09    0.00    0.00    0.00   92.44
Average:      14    4.38    0.00    2.52    0.00    0.00    0.19    0.00    0.00    0.00   92.91
Average:      15    5.06    0.00    2.43    0.09    0.00    0.19    0.00    0.00    0.00   92.23
Average:      16    4.23    0.00    2.16    0.00    0.00    0.19    0.00    0.00    0.00   93.42
Average:      17    2.41    0.00    1.20    0.37    0.00    0.00    0.00    0.00    0.00   96.02
Average:      18   68.32    0.00   22.65    0.00    0.00    0.00    0.00    0.00    0.00    9.03
Average:      19   69.96    0.00   22.69    0.00    0.00    0.00    0.00    0.00    0.00    7.35
Average:      20    0.00    0.00    0.27    0.00    0.00    0.00    0.00    0.00    0.00   99.73
Average:      21    0.18    0.00    0.37    0.00    0.00    0.00    0.00    0.00    0.00   99.45
Average:      22    0.00    0.00    0.00    0.00    0.00    0.00    0.00    0.00    0.00  100.00
Average:      23    0.00    0.00    0.00    0.00    0.00    0.00    0.00    0.00    0.00  100.00
Average:      24    0.00    0.00    0.28    0.00    0.00    0.00    0.00    0.00    0.00   99.72
Average:      25    0.18    0.00    0.27    0.00    0.00    0.00    0.00    0.00    0.00   99.54
Average:      26    0.00    0.00    0.00    0.00    0.00    0.00    0.00    0.00    0.00  100.00
Average:      27    0.00    0.00    0.00    0.00    0.00    0.00    0.00    0.00    0.00  100.00
Average:      28    0.00    0.00    0.00    0.00    0.00    0.00    0.00    0.00    0.00  100.00
Average:      29    0.09    0.00    0.00    0.00    0.00    0.00    0.00    0.00    0.00   99.91
Average:      30    0.00    0.00    0.00    0.00    0.00    0.00    0.00    0.00    0.00  100.00
Average:      31    0.09    0.00    0.00    0.00    0.00    0.00    0.00    0.00    0.00   99.91
Average:      32    0.00    0.00    0.00    0.00    0.00    0.00    0.00    0.00    0.00  100.00
Average:      33    0.00    0.00    0.00    0.00    0.00    0.00    0.00    0.00    0.00  100.00
Average:      34    0.00    0.00    0.00    0.00    0.00    0.00    0.00    0.00    0.00  100.00
Average:      35    0.00    0.00    0.00    0.00    0.00    0.00    0.00    0.00    0.00  100.00
