Linux 5.15.0-186-generic (rapids4) 	07/28/2026 	_x86_64_	(36 CPU)

02:18:59 AM  CPU    %usr   %nice    %sys %iowait    %irq   %soft  %steal  %guest  %gnice   %idle
02:19:00 AM  all    0.61    0.00    0.44    0.06    0.00    0.06    0.00    0.00    0.00   98.83
02:19:00 AM    0    3.00    0.00    1.00    0.00    0.00    0.00    0.00    0.00    0.00   96.00
02:19:00 AM    1    1.00    0.00    1.00    0.00    0.00    0.00    0.00    0.00    0.00   98.00
02:19:00 AM    2    0.00    0.00    0.00    0.00    0.00    0.00    0.00    0.00    0.00  100.00
02:19:00 AM    3    0.00    0.00    1.01    0.00    0.00    0.00    0.00    0.00    0.00   98.99
02:19:00 AM    4    0.00    0.00    0.00    0.00    0.00    0.00    0.00    0.00    0.00  100.00
02:19:00 AM    5    0.00    0.00    1.00    0.00    0.00    0.00    0.00    0.00    0.00   99.00
02:19:00 AM    6    0.00    0.00    1.01    0.00    0.00    0.00    0.00    0.00    0.00   98.99
02:19:00 AM    7    1.00    0.00    0.00    0.00    0.00    0.00    0.00    0.00    0.00   99.00
02:19:00 AM    8    0.99    0.00    0.00    0.00    0.00    0.00    0.00    0.00    0.00   99.01
02:19:00 AM    9    0.00    0.00    0.00    0.00    0.00    0.00    0.00    0.00    0.00  100.00
02:19:00 AM   10    0.00    0.00    0.00    0.00    0.00    0.00    0.00    0.00    0.00  100.00
02:19:00 AM   11    0.00    0.00    0.00    0.00    0.00    0.00    0.00    0.00    0.00  100.00
02:19:00 AM   12    1.00    0.00    0.00    0.00    0.00    0.00    0.00    0.00    0.00   99.00
02:19:00 AM   13    0.00    0.00    0.00    0.00    0.00    0.00    0.00    0.00    0.00  100.00
02:19:00 AM   14    1.98    0.00    0.99    0.00    0.00    0.00    0.00    0.00    0.00   97.03
02:19:00 AM   15    0.00    0.00    0.00    0.00    0.00    0.00    0.00    0.00    0.00  100.00
02:19:00 AM   16    0.00    0.00    0.00    0.00    0.00    0.00    0.00    0.00    0.00  100.00
02:19:00 AM   17    0.00    0.00    0.00    0.00    0.00    0.00    0.00    0.00    0.00  100.00
02:19:00 AM   18    1.00    0.00    1.00    0.00    0.00    0.00    0.00    0.00    0.00   98.00
02:19:00 AM   19    1.00    0.00    1.00    0.00    0.00    0.00    0.00    0.00    0.00   98.00
02:19:00 AM   20    0.99    0.00    0.99    0.00    0.00    0.00    0.00    0.00    0.00   98.02
02:19:00 AM   21    1.00    0.00    0.00    0.00    0.00    0.00    0.00    0.00    0.00   99.00
02:19:00 AM   22    0.00    0.00    1.00    0.00    0.00    0.00    0.00    0.00    0.00   99.00
02:19:00 AM   23    0.00    0.00    0.00    0.00    0.00    0.00    0.00    0.00    0.00  100.00
02:19:00 AM   24    0.00    0.00    1.00    0.00    0.00    0.00    0.00    0.00    0.00   99.00
02:19:00 AM   25    0.99    0.00    0.99    0.00    0.00    0.00    0.00    0.00    0.00   98.02
02:19:00 AM   26    1.00    0.00    0.00    0.00    0.00    0.00    0.00    0.00    0.00   99.00
02:19:00 AM   27    1.00    0.00    0.00    0.00    0.00    0.00    0.00    0.00    0.00   99.00
02:19:00 AM   28    0.99    0.00    0.99    0.00    0.00    0.99    0.00    0.00    0.00   97.03
02:19:00 AM   29    0.00    0.00    1.01    0.00    0.00    0.00    0.00    0.00    0.00   98.99
02:19:00 AM   30    1.01    0.00    0.00    0.00    0.00    0.00    0.00    0.00    0.00   98.99
02:19:00 AM   31    0.00    0.00    0.00    0.00    0.00    0.00    0.00    0.00    0.00  100.00
02:19:00 AM   32    1.01    0.00    0.00    0.00    0.00    0.00    0.00    0.00    0.00   98.99
02:19:00 AM   33    1.96    0.00    0.98    0.00    0.00    0.00    0.00    0.00    0.00   97.06
02:19:00 AM   34    0.00    0.00    0.00    0.00    0.00    1.00    0.00    0.00    0.00   99.00
02:19:00 AM   35    0.99    0.00    0.99    1.98    0.00    0.00    0.00    0.00    0.00   96.04

02:19:00 AM  CPU    %usr   %nice    %sys %iowait    %irq   %soft  %steal  %guest  %gnice   %idle
02:19:01 AM  all    0.67    0.06    0.56    0.08    0.00    0.00    0.00    0.00    0.00   98.63
02:19:01 AM    0    1.00    1.00    0.00    0.00    0.00    0.00    0.00    0.00    0.00   98.00
02:19:01 AM    1    1.00    0.00    0.00    0.00    0.00    0.00    0.00    0.00    0.00   99.00
02:19:01 AM    2    0.00    0.00    0.00    0.00    0.00    0.00    0.00    0.00    0.00  100.00
02:19:01 AM    3    0.00    0.00    0.00    0.00    0.00    0.00    0.00    0.00    0.00  100.00
02:19:01 AM    4    2.02    0.00    7.07    1.01    0.00    0.00    0.00    0.00    0.00   89.90
02:19:01 AM    5    0.00    0.00    0.00    0.00    0.00    0.00    0.00    0.00    0.00  100.00
02:19:01 AM    6    1.00    0.00    0.00    0.00    0.00    0.00    0.00    0.00    0.00   99.00
02:19:01 AM    7    0.00    0.00    0.00    0.00    0.00    0.00    0.00    0.00    0.00  100.00
02:19:01 AM    8    0.00    0.00    0.00    0.00    0.00    0.00    0.00    0.00    0.00  100.00
02:19:01 AM    9    1.01    0.00    0.00    0.00    0.00    0.00    0.00    0.00    0.00   98.99
02:19:01 AM   10    1.00    0.00    0.00    0.00    0.00    0.00    0.00    0.00    0.00   99.00
02:19:01 AM   11    0.00    0.00    0.00    0.00    0.00    0.00    0.00    0.00    0.00  100.00
02:19:01 AM   12    1.00    0.00    0.00    0.00    0.00    0.00    0.00    0.00    0.00   99.00
02:19:01 AM   13    0.99    0.00    0.99    0.00    0.00    0.00    0.00    0.00    0.00   98.02
02:19:01 AM   14    0.00    0.00    0.00    0.00    0.00    0.00    0.00    0.00    0.00  100.00
02:19:01 AM   15    0.99    0.99    0.00    0.00    0.00    0.00    0.00    0.00    0.00   98.02
02:19:01 AM   16    0.00    0.00    1.01    0.00    0.00    0.00    0.00    0.00    0.00   98.99
02:19:01 AM   17    1.00    0.00    0.00    0.00    0.00    0.00    0.00    0.00    0.00   99.00
02:19:01 AM   18    2.91    0.00    2.91    0.00    0.00    0.00    0.00    0.00    0.00   94.17
02:19:01 AM   19    0.00    0.00    2.02    0.00    0.00    0.00    0.00    0.00    0.00   97.98
02:19:01 AM   20    1.01    0.00    0.00    0.00    0.00    0.00    0.00    0.00    0.00   98.99
02:19:01 AM   21    0.00    0.00    0.00    1.01    0.00    0.00    0.00    0.00    0.00   98.99
02:19:01 AM   22    1.00    0.00    0.00    0.00    0.00    0.00    0.00    0.00    0.00   99.00
02:19:01 AM   23    0.00    0.00    0.00    0.00    0.00    0.00    0.00    0.00    0.00  100.00
02:19:01 AM   24    0.00    0.00    0.00    0.00    0.00    0.00    0.00    0.00    0.00  100.00
02:19:01 AM   25    0.00    0.00    0.00    0.00    0.00    0.00    0.00    0.00    0.00  100.00
02:19:01 AM   26    0.00    0.00    1.01    0.00    0.00    0.00    0.00    0.00    0.00   98.99
02:19:01 AM   27    1.98    0.00    0.99    0.00    0.00    0.00    0.00    0.00    0.00   97.03
02:19:01 AM   28    0.99    0.00    0.99    0.99    0.00    0.00    0.00    0.00    0.00   97.03
02:19:01 AM   29    1.00    0.00    0.00    0.00    0.00    0.00    0.00    0.00    0.00   99.00
02:19:01 AM   30    0.00    0.00    1.00    0.00    0.00    0.00    0.00    0.00    0.00   99.00
02:19:01 AM   31    0.99    0.00    0.99    0.00    0.00    0.00    0.00    0.00    0.00   98.02
02:19:01 AM   32    0.00    0.00    0.00    0.00    0.00    0.00    0.00    0.00    0.00  100.00
02:19:01 AM   33    1.00    0.00    1.00    0.00    0.00    0.00    0.00    0.00    0.00   98.00
02:19:01 AM   34    1.01    0.00    0.00    0.00    0.00    0.00    0.00    0.00    0.00   98.99
02:19:01 AM   35    1.01    0.00    0.00    0.00    0.00    0.00    0.00    0.00    0.00   98.99

02:19:01 AM  CPU    %usr   %nice    %sys %iowait    %irq   %soft  %steal  %guest  %gnice   %idle
02:19:02 AM  all    0.84    0.03    0.36    0.03    0.00    0.03    0.00    0.00    0.00   98.72
02:19:02 AM    0    1.00    0.00    0.00    0.00    0.00    0.00    0.00    0.00    0.00   99.00
02:19:02 AM    1    0.00    0.00    0.00    0.00    0.00    0.00    0.00    0.00    0.00  100.00
02:19:02 AM    2    2.00    0.00    0.00    0.00    0.00    0.00    0.00    0.00    0.00   98.00
02:19:02 AM    3    1.98    0.00    0.99    0.00    0.00    0.00    0.00    0.00    0.00   97.03
02:19:02 AM    4    2.02    0.00    7.07    0.00    0.00    0.00    0.00    0.00    0.00   90.91
02:19:02 AM    5    1.00    0.00    0.00    0.00    0.00    1.00    0.00    0.00    0.00   98.00
02:19:02 AM    6    1.01    0.00    0.00    0.00    0.00    0.00    0.00    0.00    0.00   98.99
02:19:02 AM    7    1.00    0.00    0.00    0.00    0.00    0.00    0.00    0.00    0.00   99.00
02:19:02 AM    8    1.00    0.00    0.00    0.00    0.00    0.00    0.00    0.00    0.00   99.00
02:19:02 AM    9    1.00    0.00    0.00    0.00    0.00    0.00    0.00    0.00    0.00   99.00
02:19:02 AM   10    1.01    0.00    0.00    0.00    0.00    0.00    0.00    0.00    0.00   98.99
02:19:02 AM   11    1.00    1.00    0.00    0.00    0.00    0.00    0.00    0.00    0.00   98.00
02:19:02 AM   12    2.97    0.00    0.00    0.00    0.00    0.00    0.00    0.00    0.00   97.03
02:19:02 AM   13    0.00    0.00    0.00    0.00    0.00    0.00    0.00    0.00    0.00  100.00
02:19:02 AM   14    1.00    0.00    0.00    1.00    0.00    0.00    0.00    0.00    0.00   98.00
02:19:02 AM   15    0.00    0.00    0.00    0.00    0.00    0.00    0.00    0.00    0.00  100.00
02:19:02 AM   16    1.00    0.00    0.00    0.00    0.00    0.00    0.00    0.00    0.00   99.00
02:19:02 AM   17    1.00    0.00    0.00    0.00    0.00    0.00    0.00    0.00    0.00   99.00
02:19:02 AM   18    0.00    0.00    0.00    0.00    0.00    0.00    0.00    0.00    0.00  100.00
02:19:02 AM   19    1.00    0.00    1.00    0.00    0.00    0.00    0.00    0.00    0.00   98.00
02:19:02 AM   20    0.00    0.00    0.00    0.00    0.00    0.00    0.00    0.00    0.00  100.00
02:19:02 AM   21    0.00    0.00    0.00    0.00    0.00    0.00    0.00    0.00    0.00  100.00
02:19:02 AM   22    1.00    0.00    1.00    0.00    0.00    0.00    0.00    0.00    0.00   98.00
02:19:02 AM   23    1.01    0.00    0.00    0.00    0.00    0.00    0.00    0.00    0.00   98.99
02:19:02 AM   24    0.00    0.00    1.01    0.00    0.00    0.00    0.00    0.00    0.00   98.99
02:19:02 AM   25    1.98    0.00    0.00    0.00    0.00    0.00    0.00    0.00    0.00   98.02
02:19:02 AM   26    0.00    0.00    0.00    0.00    0.00    0.00    0.00    0.00    0.00  100.00
02:19:02 AM   27    0.00    0.00    0.00    0.00    0.00    0.00    0.00    0.00    0.00  100.00
02:19:02 AM   28    1.01    0.00    0.00    0.00    0.00    0.00    0.00    0.00    0.00   98.99
02:19:02 AM   29    0.00    0.00    0.00    0.00    0.00    0.00    0.00    0.00    0.00  100.00
02:19:02 AM   30    1.98    0.00    0.99    0.00    0.00    0.00    0.00    0.00    0.00   97.03
02:19:02 AM   31    1.01    0.00    0.00    0.00    0.00    0.00    0.00    0.00    0.00   98.99
02:19:02 AM   32    0.00    0.00    0.00    0.00    0.00    0.00    0.00    0.00    0.00  100.00
02:19:02 AM   33    0.99    0.00    0.99    0.00    0.00    0.00    0.00    0.00    0.00   98.02
02:19:02 AM   34    0.00    0.00    0.00    0.00    0.00    0.00    0.00    0.00    0.00  100.00
02:19:02 AM   35    0.00    0.00    0.00    0.00    0.00    0.00    0.00    0.00    0.00  100.00

02:19:02 AM  CPU    %usr   %nice    %sys %iowait    %irq   %soft  %steal  %guest  %gnice   %idle
02:19:03 AM  all    0.83    0.03    0.53    0.08    0.00    0.00    0.00    0.00    0.00   98.53
02:19:03 AM    0    1.01    0.00    0.00    0.00    0.00    0.00    0.00    0.00    0.00   98.99
02:19:03 AM    1    1.01    0.00    0.00    0.00    0.00    0.00    0.00    0.00    0.00   98.99
02:19:03 AM    2    1.00    0.00    1.00    0.00    0.00    0.00    0.00    0.00    0.00   98.00
02:19:03 AM    3    1.01    0.00    0.00    0.00    0.00    0.00    0.00    0.00    0.00   98.99
02:19:03 AM    4    0.99    0.00    0.99    0.00    0.00    0.00    0.00    0.00    0.00   98.02
02:19:03 AM    5    1.00    0.00    0.00    0.00    0.00    0.00    0.00    0.00    0.00   99.00
02:19:03 AM    6    1.98    0.00    0.99    0.00    0.00    0.00    0.00    0.00    0.00   97.03
02:19:03 AM    7    0.00    0.00    0.00    0.00    0.00    0.00    0.00    0.00    0.00  100.00
02:19:03 AM    8    0.00    0.00    1.00    0.00    0.00    0.00    0.00    0.00    0.00   99.00
02:19:03 AM    9    1.00    0.00    0.00    0.00    0.00    0.00    0.00    0.00    0.00   99.00
02:19:03 AM   10    0.99    0.00    0.99    0.00    0.00    0.00    0.00    0.00    0.00   98.02
02:19:03 AM   11    2.02    0.00    1.01    0.00    0.00    0.00    0.00    0.00    0.00   96.97
02:19:03 AM   12    1.01    0.00    1.01    0.00    0.00    0.00    0.00    0.00    0.00   97.98
02:19:03 AM   13    2.00    0.00    0.00    0.00    0.00    0.00    0.00    0.00    0.00   98.00
02:19:03 AM   14    1.02    0.00    0.00    0.00    0.00    0.00    0.00    0.00    0.00   98.98
02:19:03 AM   15    2.94    0.00    0.98    0.00    0.00    0.00    0.00    0.00    0.00   96.08
02:19:03 AM   16    2.00    0.00    0.00    0.00    0.00    0.00    0.00    0.00    0.00   98.00
02:19:03 AM   17    1.00    0.00    1.00    1.00    0.00    0.00    0.00    0.00    0.00   97.00
02:19:03 AM   18    2.00    0.00    0.00    0.00    0.00    0.00    0.00    0.00    0.00   98.00
02:19:03 AM   19    0.00    0.00    0.00    1.01    0.00    0.00    0.00    0.00    0.00   98.99
02:19:03 AM   20    1.00    0.00    1.00    0.00    0.00    0.00    0.00    0.00    0.00   98.00
02:19:03 AM   21    0.00    0.00    1.00    0.00    0.00    0.00    0.00    0.00    0.00   99.00
02:19:03 AM   22    0.00    0.00    0.00    0.00    0.00    0.00    0.00    0.00    0.00  100.00
02:19:03 AM   23    0.00    0.00    1.00    0.00    0.00    0.00    0.00    0.00    0.00   99.00
02:19:03 AM   24    0.00    0.00    0.00    0.00    0.00    0.00    0.00    0.00    0.00  100.00
02:19:03 AM   25    1.98    0.00    0.00    0.00    0.00    0.00    0.00    0.00    0.00   98.02
02:19:03 AM   26    0.00    0.00    1.00    0.00    0.00    0.00    0.00    0.00    0.00   99.00
02:19:03 AM   27    0.00    0.00    0.99    0.00    0.00    0.00    0.00    0.00    0.00   99.01
02:19:03 AM   28    0.00    0.00    0.00    1.01    0.00    0.00    0.00    0.00    0.00   98.99
02:19:03 AM   29    0.00    0.00    1.00    0.00    0.00    0.00    0.00    0.00    0.00   99.00
02:19:03 AM   30    0.00    0.00    0.00    0.00    0.00    0.00    0.00    0.00    0.00  100.00
02:19:03 AM   31    0.00    0.00    0.00    0.00    0.00    0.00    0.00    0.00    0.00  100.00
02:19:03 AM   32    1.96    0.98    0.98    0.00    0.00    0.00    0.00    0.00    0.00   96.08
02:19:03 AM   33    0.00    0.00    1.01    0.00    0.00    0.00    0.00    0.00    0.00   98.99
02:19:03 AM   34    0.99    0.00    0.99    0.00    0.00    0.00    0.00    0.00    0.00   98.02
02:19:03 AM   35    0.00    0.00    0.99    0.00    0.00    0.00    0.00    0.00    0.00   99.01

02:19:03 AM  CPU    %usr   %nice    %sys %iowait    %irq   %soft  %steal  %guest  %gnice   %idle
02:19:04 AM  all    0.53    0.03    0.47    0.08    0.00    0.11    0.00    0.00    0.00   98.77
02:19:04 AM    0    0.00    0.00    0.00    0.00    0.00    1.01    0.00    0.00    0.00   98.99
02:19:04 AM    1    0.00    0.00    0.00    0.00    0.00    0.00    0.00    0.00    0.00  100.00
02:19:04 AM    2    1.01    0.00    0.00    0.00    0.00    0.00    0.00    0.00    0.00   98.99
02:19:04 AM    3    0.00    0.00    0.00    0.00    0.00    0.00    0.00    0.00    0.00  100.00
02:19:04 AM    4    1.02    0.00    7.14    0.00    0.00    0.00    0.00    0.00    0.00   91.84
02:19:04 AM    5    0.00    0.00    0.00    0.00    0.00    1.00    0.00    0.00    0.00   99.00
02:19:04 AM    6    0.99    0.00    0.00    0.00    0.00    0.00    0.00    0.00    0.00   99.01
02:19:04 AM    7    0.00    0.00    0.00    0.00    0.00    0.00    0.00    0.00    0.00  100.00
02:19:04 AM    8    1.00    0.00    0.00    1.00    0.00    0.00    0.00    0.00    0.00   98.00
02:19:04 AM    9    0.00    0.00    0.00    0.00    0.00    1.00    0.00    0.00    0.00   99.00
02:19:04 AM   10    0.00    0.00    0.99    0.00    0.00    0.00    0.00    0.00    0.00   99.01
02:19:04 AM   11    1.01    0.00    0.00    0.00    0.00    0.00    0.00    0.00    0.00   98.99
02:19:04 AM   12    0.00    0.00    0.00    0.00    0.00    0.00    0.00    0.00    0.00  100.00
02:19:04 AM   13    0.99    0.00    0.99    0.00    0.00    0.00    0.00    0.00    0.00   98.02
02:19:04 AM   14    0.00    0.00    0.00    0.00    0.00    0.00    0.00    0.00    0.00  100.00
02:19:04 AM   15    1.00    0.00    0.00    0.00    0.00    0.00    0.00    0.00    0.00   99.00
02:19:04 AM   16    0.00    0.00    0.00    1.01    0.00    0.00    0.00    0.00    0.00   98.99
02:19:04 AM   17    0.00    0.00    0.00    0.00    0.00    0.00    0.00    0.00    0.00  100.00
02:19:04 AM   18    0.00    0.00    0.00    0.00    0.00    0.00    0.00    0.00    0.00  100.00
02:19:04 AM   19    1.00    0.00    1.00    0.00    0.00    0.00    0.00    0.00    0.00   98.00
02:19:04 AM   20    0.00    0.00    1.01    0.00    0.00    0.00    0.00    0.00    0.00   98.99
02:19:04 AM   21    0.00    1.01    1.01    0.00    0.00    0.00    0.00    0.00    0.00   97.98
02:19:04 AM   22    1.00    0.00    2.00    0.00    0.00    0.00    0.00    0.00    0.00   97.00
02:19:04 AM   23    1.00    0.00    1.00    0.00    0.00    0.00    0.00    0.00    0.00   98.00
02:19:04 AM   24    1.98    0.00    0.99    0.00    0.00    0.00    0.00    0.00    0.00   97.03
02:19:04 AM   25    1.01    0.00    0.00    0.00    0.00    0.00    0.00    0.00    0.00   98.99
02:19:04 AM   26    0.00    0.00    0.00    0.00    0.00    0.00    0.00    0.00    0.00  100.00
02:19:04 AM   27    1.98    0.00    0.00    0.00    0.00    0.00    0.00    0.00    0.00   98.02
02:19:04 AM   28    1.00    0.00    0.00    0.00    0.00    0.00    0.00    0.00    0.00   99.00
02:19:04 AM   29    0.00    0.00    0.00    0.00    0.00    0.00    0.00    0.00    0.00  100.00
02:19:04 AM   30    0.00    0.00    0.00    1.00    0.00    0.00    0.00    0.00    0.00   99.00
02:19:04 AM   31    0.00    0.00    0.00    0.00    0.00    0.00    0.00    0.00    0.00  100.00
02:19:04 AM   32    1.00    0.00    0.00    0.00    0.00    0.00    0.00    0.00    0.00   99.00
02:19:04 AM   33    1.01    0.00    0.00    0.00    0.00    0.00    0.00    0.00    0.00   98.99
02:19:04 AM   34    0.00    0.00    1.00    0.00    0.00    0.00    0.00    0.00    0.00   99.00
02:19:04 AM   35    0.99    0.00    0.00    0.00    0.00    0.99    0.00    0.00    0.00   98.02

Average:     CPU    %usr   %nice    %sys %iowait    %irq   %soft  %steal  %guest  %gnice   %idle
Average:     all    0.70    0.03    0.47    0.07    0.00    0.04    0.00    0.00    0.00   98.70
Average:       0    1.20    0.20    0.20    0.00    0.00    0.20    0.00    0.00    0.00   98.19
Average:       1    0.60    0.00    0.20    0.00    0.00    0.00    0.00    0.00    0.00   99.20
Average:       2    0.80    0.00    0.20    0.00    0.00    0.00    0.00    0.00    0.00   98.99
Average:       3    0.60    0.00    0.40    0.00    0.00    0.00    0.00    0.00    0.00   98.99
Average:       4    1.21    0.00    4.43    0.20    0.00    0.00    0.00    0.00    0.00   94.16
Average:       5    0.40    0.00    0.20    0.00    0.00    0.40    0.00    0.00    0.00   99.00
Average:       6    1.00    0.00    0.40    0.00    0.00    0.00    0.00    0.00    0.00   98.60
Average:       7    0.40    0.00    0.00    0.00    0.00    0.00    0.00    0.00    0.00   99.60
Average:       8    0.60    0.00    0.20    0.20    0.00    0.00    0.00    0.00    0.00   99.00
Average:       9    0.60    0.00    0.00    0.00    0.00    0.20    0.00    0.00    0.00   99.20
Average:      10    0.60    0.00    0.40    0.00    0.00    0.00    0.00    0.00    0.00   99.00
Average:      11    0.81    0.20    0.20    0.00    0.00    0.00    0.00    0.00    0.00   98.79
Average:      12    1.20    0.00    0.20    0.00    0.00    0.00    0.00    0.00    0.00   98.60
Average:      13    0.80    0.00    0.40    0.00    0.00    0.00    0.00    0.00    0.00   98.80
Average:      14    0.80    0.00    0.20    0.20    0.00    0.00    0.00    0.00    0.00   98.80
Average:      15    1.00    0.20    0.20    0.00    0.00    0.00    0.00    0.00    0.00   98.60
Average:      16    0.60    0.00    0.20    0.20    0.00    0.00    0.00    0.00    0.00   99.00
Average:      17    0.60    0.00    0.20    0.20    0.00    0.00    0.00    0.00    0.00   99.00
Average:      18    1.20    0.00    0.80    0.00    0.00    0.00    0.00    0.00    0.00   98.00
Average:      19    0.60    0.00    1.00    0.20    0.00    0.00    0.00    0.00    0.00   98.19
Average:      20    0.60    0.00    0.60    0.00    0.00    0.00    0.00    0.00    0.00   98.80
Average:      21    0.20    0.20    0.40    0.20    0.00    0.00    0.00    0.00    0.00   98.99
Average:      22    0.60    0.00    0.80    0.00    0.00    0.00    0.00    0.00    0.00   98.59
Average:      23    0.40    0.00    0.40    0.00    0.00    0.00    0.00    0.00    0.00   99.20
Average:      24    0.40    0.00    0.60    0.00    0.00    0.00    0.00    0.00    0.00   98.99
Average:      25    1.20    0.00    0.20    0.00    0.00    0.00    0.00    0.00    0.00   98.60
Average:      26    0.20    0.00    0.40    0.00    0.00    0.00    0.00    0.00    0.00   99.40
Average:      27    1.00    0.00    0.40    0.00    0.00    0.00    0.00    0.00    0.00   98.60
Average:      28    0.80    0.00    0.40    0.40    0.00    0.20    0.00    0.00    0.00   98.20
Average:      29    0.20    0.00    0.40    0.00    0.00    0.00    0.00    0.00    0.00   99.40
Average:      30    0.60    0.00    0.40    0.20    0.00    0.00    0.00    0.00    0.00   98.80
Average:      31    0.40    0.00    0.20    0.00    0.00    0.00    0.00    0.00    0.00   99.40
Average:      32    0.80    0.20    0.20    0.00    0.00    0.00    0.00    0.00    0.00   98.79
Average:      33    1.00    0.00    0.80    0.00    0.00    0.00    0.00    0.00    0.00   98.20
Average:      34    0.40    0.00    0.40    0.00    0.00    0.20    0.00    0.00    0.00   99.00
Average:      35    0.60    0.00    0.40    0.40    0.00    0.20    0.00    0.00    0.00   98.40
