Linux 5.15.0-186-generic (rapids4) 	07/28/2026 	_x86_64_	(36 CPU)

02:19:11 AM  CPU    %usr   %nice    %sys %iowait    %irq   %soft  %steal  %guest  %gnice   %idle
02:19:12 AM  all    1.11    0.00    0.42    0.06    0.00    0.03    0.00    0.00    0.00   98.39
02:19:12 AM    0    3.03    0.00    7.07    0.00    0.00    0.00    0.00    0.00    0.00   89.90
02:19:12 AM    1    1.02    0.00    0.00    0.00    0.00    0.00    0.00    0.00    0.00   98.98
02:19:12 AM    2    2.00    0.00    0.00    0.00    0.00    0.00    0.00    0.00    0.00   98.00
02:19:12 AM    3    1.98    0.00    0.00    0.99    0.00    0.00    0.00    0.00    0.00   97.03
02:19:12 AM    4    1.98    0.00    0.99    0.00    0.00    0.00    0.00    0.00    0.00   97.03
02:19:12 AM    5    1.98    0.00    0.99    0.00    0.00    0.00    0.00    0.00    0.00   97.03
02:19:12 AM    6    0.98    0.00    1.96    0.00    0.00    0.98    0.00    0.00    0.00   96.08
02:19:12 AM    7    1.01    0.00    0.00    0.00    0.00    0.00    0.00    0.00    0.00   98.99
02:19:12 AM    8    0.00    0.00    0.00    0.00    0.00    0.00    0.00    0.00    0.00  100.00
02:19:12 AM    9    2.00    0.00    0.00    0.00    0.00    0.00    0.00    0.00    0.00   98.00
02:19:12 AM   10    0.99    0.00    0.00    0.00    0.00    0.00    0.00    0.00    0.00   99.01
02:19:12 AM   11    0.00    0.00    0.00    0.00    0.00    0.00    0.00    0.00    0.00  100.00
02:19:12 AM   12    0.99    0.00    0.99    0.99    0.00    0.00    0.00    0.00    0.00   97.03
02:19:12 AM   13    2.00    0.00    0.00    0.00    0.00    0.00    0.00    0.00    0.00   98.00
02:19:12 AM   14    0.99    0.00    0.99    0.00    0.00    0.00    0.00    0.00    0.00   98.02
02:19:12 AM   15    1.00    0.00    0.00    0.00    0.00    0.00    0.00    0.00    0.00   99.00
02:19:12 AM   16    0.99    0.00    0.99    0.00    0.00    0.00    0.00    0.00    0.00   98.02
02:19:12 AM   17    1.01    0.00    0.00    0.00    0.00    0.00    0.00    0.00    0.00   98.99
02:19:12 AM   18    0.00    0.00    0.00    0.00    0.00    0.00    0.00    0.00    0.00  100.00
02:19:12 AM   19    1.01    0.00    0.00    0.00    0.00    0.00    0.00    0.00    0.00   98.99
02:19:12 AM   20    0.00    0.00    0.00    0.00    0.00    0.00    0.00    0.00    0.00  100.00
02:19:12 AM   21    1.00    0.00    0.00    0.00    0.00    0.00    0.00    0.00    0.00   99.00
02:19:12 AM   22    1.00    0.00    0.00    0.00    0.00    0.00    0.00    0.00    0.00   99.00
02:19:12 AM   23    1.00    0.00    1.00    0.00    0.00    0.00    0.00    0.00    0.00   98.00
02:19:12 AM   24    0.00    0.00    0.00    0.00    0.00    0.00    0.00    0.00    0.00  100.00
02:19:12 AM   25    1.00    0.00    0.00    0.00    0.00    0.00    0.00    0.00    0.00   99.00
02:19:12 AM   26    1.00    0.00    0.00    0.00    0.00    0.00    0.00    0.00    0.00   99.00
02:19:12 AM   27    1.01    0.00    0.00    0.00    0.00    0.00    0.00    0.00    0.00   98.99
02:19:12 AM   28    1.01    0.00    0.00    0.00    0.00    0.00    0.00    0.00    0.00   98.99
02:19:12 AM   29    1.00    0.00    0.00    0.00    0.00    0.00    0.00    0.00    0.00   99.00
02:19:12 AM   30    1.01    0.00    0.00    0.00    0.00    0.00    0.00    0.00    0.00   98.99
02:19:12 AM   31    0.00    0.00    0.00    0.00    0.00    0.00    0.00    0.00    0.00  100.00
02:19:12 AM   32    1.00    0.00    0.00    0.00    0.00    0.00    0.00    0.00    0.00   99.00
02:19:12 AM   33    1.00    0.00    0.00    0.00    0.00    0.00    0.00    0.00    0.00   99.00
02:19:12 AM   34    2.00    0.00    0.00    0.00    0.00    0.00    0.00    0.00    0.00   98.00
02:19:12 AM   35    1.98    0.00    0.00    0.00    0.00    0.00    0.00    0.00    0.00   98.02

02:19:12 AM  CPU    %usr   %nice    %sys %iowait    %irq   %soft  %steal  %guest  %gnice   %idle
02:19:13 AM  all    0.76    0.00    0.20    0.06    0.00    0.03    0.00    0.00    0.00   98.97
02:19:13 AM    0    0.00    0.00    0.00    0.00    0.00    0.00    0.00    0.00    0.00  100.00
02:19:13 AM    1    0.00    0.00    0.00    0.00    0.00    0.00    0.00    0.00    0.00  100.00
02:19:13 AM    2    0.00    0.00    1.00    0.00    0.00    0.00    0.00    0.00    0.00   99.00
02:19:13 AM    3    0.00    0.00    1.01    0.00    0.00    0.00    0.00    0.00    0.00   98.99
02:19:13 AM    4    0.99    0.00    0.99    0.00    0.00    0.00    0.00    0.00    0.00   98.02
02:19:13 AM    5    0.00    0.00    0.00    0.00    0.00    1.01    0.00    0.00    0.00   98.99
02:19:13 AM    6    1.00    0.00    0.00    0.00    0.00    0.00    0.00    0.00    0.00   99.00
02:19:13 AM    7    0.00    0.00    0.00    0.00    0.00    0.00    0.00    0.00    0.00  100.00
02:19:13 AM    8    1.00    0.00    0.00    1.00    0.00    0.00    0.00    0.00    0.00   98.00
02:19:13 AM    9    0.00    0.00    0.00    0.00    0.00    0.00    0.00    0.00    0.00  100.00
02:19:13 AM   10    0.00    0.00    0.00    0.00    0.00    0.00    0.00    0.00    0.00  100.00
02:19:13 AM   11    1.00    0.00    0.00    0.00    0.00    0.00    0.00    0.00    0.00   99.00
02:19:13 AM   12    0.00    0.00    0.00    0.00    0.00    0.00    0.00    0.00    0.00  100.00
02:19:13 AM   13    2.00    0.00    0.00    0.00    0.00    0.00    0.00    0.00    0.00   98.00
02:19:13 AM   14    0.00    0.00    0.00    0.00    0.00    0.00    0.00    0.00    0.00  100.00
02:19:13 AM   15    0.00    0.00    0.00    0.00    0.00    0.00    0.00    0.00    0.00  100.00
02:19:13 AM   16    0.00    0.00    0.00    0.00    0.00    0.00    0.00    0.00    0.00  100.00
02:19:13 AM   17    1.00    0.00    0.00    0.00    0.00    0.00    0.00    0.00    0.00   99.00
02:19:13 AM   18    1.01    0.00    0.00    0.00    0.00    0.00    0.00    0.00    0.00   98.99
02:19:13 AM   19    1.01    0.00    0.00    0.00    0.00    0.00    0.00    0.00    0.00   98.99
02:19:13 AM   20    1.01    0.00    0.00    0.00    0.00    0.00    0.00    0.00    0.00   98.99
02:19:13 AM   21    3.00    0.00    1.00    0.00    0.00    0.00    0.00    0.00    0.00   96.00
02:19:13 AM   22    1.02    0.00    0.00    0.00    0.00    0.00    0.00    0.00    0.00   98.98
02:19:13 AM   23    1.01    0.00    0.00    0.00    0.00    0.00    0.00    0.00    0.00   98.99
02:19:13 AM   24    0.00    0.00    1.01    0.00    0.00    0.00    0.00    0.00    0.00   98.99
02:19:13 AM   25    2.02    0.00    0.00    0.00    0.00    0.00    0.00    0.00    0.00   97.98
02:19:13 AM   26    2.00    0.00    1.00    0.00    0.00    0.00    0.00    0.00    0.00   97.00
02:19:13 AM   27    1.00    0.00    0.00    0.00    0.00    0.00    0.00    0.00    0.00   99.00
02:19:13 AM   28    1.01    0.00    0.00    0.00    0.00    0.00    0.00    0.00    0.00   98.99
02:19:13 AM   29    0.00    0.00    0.00    0.00    0.00    0.00    0.00    0.00    0.00  100.00
02:19:13 AM   30    2.00    0.00    0.00    0.00    0.00    0.00    0.00    0.00    0.00   98.00
02:19:13 AM   31    2.00    0.00    0.00    1.00    0.00    0.00    0.00    0.00    0.00   97.00
02:19:13 AM   32    1.01    0.00    0.00    0.00    0.00    0.00    0.00    0.00    0.00   98.99
02:19:13 AM   33    0.00    0.00    0.00    0.00    0.00    0.00    0.00    0.00    0.00  100.00
02:19:13 AM   34    0.99    0.00    0.99    0.00    0.00    0.00    0.00    0.00    0.00   98.02
02:19:13 AM   35    0.00    0.00    0.00    0.00    0.00    0.00    0.00    0.00    0.00  100.00

02:19:13 AM  CPU    %usr   %nice    %sys %iowait    %irq   %soft  %steal  %guest  %gnice   %idle
02:19:14 AM  all    0.56    0.03    0.33    0.08    0.00    0.03    0.00    0.00    0.00   98.97
02:19:14 AM    0    3.03    0.00    6.06    0.00    0.00    0.00    0.00    0.00    0.00   90.91
02:19:14 AM    1    0.99    0.00    0.99    0.00    0.00    0.00    0.00    0.00    0.00   98.02
02:19:14 AM    2    0.99    0.00    0.99    0.00    0.00    0.00    0.00    0.00    0.00   98.02
02:19:14 AM    3    1.00    0.00    0.00    0.00    0.00    0.00    0.00    0.00    0.00   99.00
02:19:14 AM    4    1.00    0.00    1.00    0.00    0.00    0.00    0.00    0.00    0.00   98.00
02:19:14 AM    5    1.00    0.00    0.00    0.00    0.00    0.00    0.00    0.00    0.00   99.00
02:19:14 AM    6    0.00    0.00    0.00    0.00    0.00    0.00    0.00    0.00    0.00  100.00
02:19:14 AM    7    0.00    0.00    0.00    0.00    0.00    0.00    0.00    0.00    0.00  100.00
02:19:14 AM    8    2.00    0.00    0.00    0.00    0.00    0.00    0.00    0.00    0.00   98.00
02:19:14 AM    9    0.00    0.00    0.00    0.00    0.00    0.00    0.00    0.00    0.00  100.00
02:19:14 AM   10    0.00    0.00    0.00    0.00    0.00    0.00    0.00    0.00    0.00  100.00
02:19:14 AM   11    0.00    1.00    0.00    0.00    0.00    0.00    0.00    0.00    0.00   99.00
02:19:14 AM   12    1.00    0.00    0.00    0.00    0.00    0.00    0.00    0.00    0.00   99.00
02:19:14 AM   13    1.01    0.00    0.00    0.00    0.00    0.00    0.00    0.00    0.00   98.99
02:19:14 AM   14    0.00    0.00    0.00    0.00    0.00    0.00    0.00    0.00    0.00  100.00
02:19:14 AM   15    0.00    0.00    0.00    0.00    0.00    0.00    0.00    0.00    0.00  100.00
02:19:14 AM   16    0.00    0.00    0.00    0.00    0.00    0.00    0.00    0.00    0.00  100.00
02:19:14 AM   17    0.00    0.00    0.00    0.00    0.00    0.00    0.00    0.00    0.00  100.00
02:19:14 AM   18    0.98    0.00    0.00    0.98    0.00    0.98    0.00    0.00    0.00   97.06
02:19:14 AM   19    0.00    0.00    0.00    0.00    0.00    0.00    0.00    0.00    0.00  100.00
02:19:14 AM   20    0.00    0.00    0.00    0.00    0.00    0.00    0.00    0.00    0.00  100.00
02:19:14 AM   21    1.01    0.00    0.00    0.00    0.00    0.00    0.00    0.00    0.00   98.99
02:19:14 AM   22    1.00    0.00    0.00    0.00    0.00    0.00    0.00    0.00    0.00   99.00
02:19:14 AM   23    1.00    0.00    0.00    1.00    0.00    0.00    0.00    0.00    0.00   98.00
02:19:14 AM   24    0.00    0.00    0.00    1.01    0.00    0.00    0.00    0.00    0.00   98.99
02:19:14 AM   25    0.00    0.00    0.00    0.00    0.00    0.00    0.00    0.00    0.00  100.00
02:19:14 AM   26    0.00    0.00    0.00    0.00    0.00    0.00    0.00    0.00    0.00  100.00
02:19:14 AM   27    0.99    0.00    0.99    0.00    0.00    0.00    0.00    0.00    0.00   98.02
02:19:14 AM   28    0.00    0.00    0.00    0.00    0.00    0.00    0.00    0.00    0.00  100.00
02:19:14 AM   29    0.99    0.00    0.99    0.00    0.00    0.00    0.00    0.00    0.00   98.02
02:19:14 AM   30    0.00    0.00    0.00    0.00    0.00    0.00    0.00    0.00    0.00  100.00
02:19:14 AM   31    0.00    0.00    1.01    0.00    0.00    0.00    0.00    0.00    0.00   98.99
02:19:14 AM   32    0.00    0.00    0.00    0.00    0.00    0.00    0.00    0.00    0.00  100.00
02:19:14 AM   33    1.01    0.00    0.00    0.00    0.00    0.00    0.00    0.00    0.00   98.99
02:19:14 AM   34    0.00    0.00    0.00    0.00    0.00    0.00    0.00    0.00    0.00  100.00
02:19:14 AM   35    1.00    0.00    0.00    0.00    0.00    0.00    0.00    0.00    0.00   99.00

02:19:14 AM  CPU    %usr   %nice    %sys %iowait    %irq   %soft  %steal  %guest  %gnice   %idle
02:19:15 AM  all    0.61    0.03    0.50    0.11    0.00    0.06    0.00    0.00    0.00   98.69
02:19:15 AM    0    4.04    0.00    5.05    0.00    0.00    0.00    0.00    0.00    0.00   90.91
02:19:15 AM    1    0.00    0.00    1.00    0.00    0.00    0.00    0.00    0.00    0.00   99.00
02:19:15 AM    2    0.00    0.00    0.00    0.00    0.00    0.00    0.00    0.00    0.00  100.00
02:19:15 AM    3    1.00    0.00    0.00    0.00    0.00    0.00    0.00    0.00    0.00   99.00
02:19:15 AM    4    0.99    0.00    0.99    0.00    0.00    0.00    0.00    0.00    0.00   98.02
02:19:15 AM    5    0.00    0.00    0.00    0.00    0.00    0.00    0.00    0.00    0.00  100.00
02:19:15 AM    6    0.00    0.00    0.00    0.00    0.00    0.00    0.00    0.00    0.00  100.00
02:19:15 AM    7    0.00    0.00    1.00    0.00    0.00    0.00    0.00    0.00    0.00   99.00
02:19:15 AM    8    0.00    1.01    0.00    0.00    0.00    0.00    0.00    0.00    0.00   98.99
02:19:15 AM    9    0.00    0.00    1.00    0.00    0.00    0.00    0.00    0.00    0.00   99.00
02:19:15 AM   10    0.00    0.00    0.00    0.00    0.00    0.00    0.00    0.00    0.00  100.00
02:19:15 AM   11    0.00    0.00    0.00    0.00    0.00    0.00    0.00    0.00    0.00  100.00
02:19:15 AM   12    0.00    0.00    1.00    0.00    0.00    0.00    0.00    0.00    0.00   99.00
02:19:15 AM   13    2.00    0.00    0.00    0.00    0.00    0.00    0.00    0.00    0.00   98.00
02:19:15 AM   14    1.00    0.00    0.00    0.00    0.00    0.00    0.00    0.00    0.00   99.00
02:19:15 AM   15    0.00    0.00    0.00    0.00    0.00    0.00    0.00    0.00    0.00  100.00
02:19:15 AM   16    0.00    0.00    0.00    0.00    0.00    0.00    0.00    0.00    0.00  100.00
02:19:15 AM   17    0.99    0.00    0.99    0.00    0.00    0.00    0.00    0.00    0.00   98.02
02:19:15 AM   18    1.01    0.00    0.00    0.00    0.00    0.00    0.00    0.00    0.00   98.99
02:19:15 AM   19    1.00    0.00    1.00    0.00    0.00    0.00    0.00    0.00    0.00   98.00
02:19:15 AM   20    0.99    0.00    0.99    0.00    0.00    0.00    0.00    0.00    0.00   98.02
02:19:15 AM   21    0.00    0.00    1.01    0.00    0.00    0.00    0.00    0.00    0.00   98.99
02:19:15 AM   22    1.01    0.00    1.01    0.00    0.00    0.00    0.00    0.00    0.00   97.98
02:19:15 AM   23    0.00    0.00    0.00    0.00    0.00    0.00    0.00    0.00    0.00  100.00
02:19:15 AM   24    0.00    0.00    1.01    0.00    0.00    0.00    0.00    0.00    0.00   98.99
02:19:15 AM   25    2.00    0.00    0.00    0.00    0.00    0.00    0.00    0.00    0.00   98.00
02:19:15 AM   26    1.01    0.00    0.00    0.00    0.00    0.00    0.00    0.00    0.00   98.99
02:19:15 AM   27    0.00    0.00    0.00    0.00    0.00    0.00    0.00    0.00    0.00  100.00
02:19:15 AM   28    0.00    0.00    0.00    0.00    0.00    0.00    0.00    0.00    0.00  100.00
02:19:15 AM   29    0.98    0.00    0.98    0.98    0.00    0.00    0.00    0.00    0.00   97.06
02:19:15 AM   30    1.98    0.00    0.00    0.00    0.00    0.99    0.00    0.00    0.00   97.03
02:19:15 AM   31    1.00    0.00    0.00    1.00    0.00    0.00    0.00    0.00    0.00   98.00
02:19:15 AM   32    0.00    0.00    0.00    0.00    0.00    1.00    0.00    0.00    0.00   99.00
02:19:15 AM   33    0.00    0.00    0.00    1.00    0.00    0.00    0.00    0.00    0.00   99.00
02:19:15 AM   34    1.00    0.00    0.00    0.00    0.00    0.00    0.00    0.00    0.00   99.00
02:19:15 AM   35    0.00    0.00    1.00    1.00    0.00    0.00    0.00    0.00    0.00   98.00

02:19:15 AM  CPU    %usr   %nice    %sys %iowait    %irq   %soft  %steal  %guest  %gnice   %idle
02:19:16 AM  all    1.20    0.00    0.39    0.00    0.00    0.06    0.00    0.00    0.00   98.36
02:19:16 AM    0    1.01    0.00    0.00    0.00    0.00    0.00    0.00    0.00    0.00   98.99
02:19:16 AM    1    1.01    0.00    0.00    0.00    0.00    0.00    0.00    0.00    0.00   98.99
02:19:16 AM    2    3.00    0.00    1.00    0.00    0.00    0.00    0.00    0.00    0.00   96.00
02:19:16 AM    3    1.00    0.00    0.00    0.00    0.00    0.00    0.00    0.00    0.00   99.00
02:19:16 AM    4    1.00    0.00    0.00    0.00    0.00    0.00    0.00    0.00    0.00   99.00
02:19:16 AM    5    1.00    0.00    0.00    0.00    0.00    1.00    0.00    0.00    0.00   98.00
02:19:16 AM    6    2.00    0.00    0.00    0.00    0.00    0.00    0.00    0.00    0.00   98.00
02:19:16 AM    7    2.00    0.00    0.00    0.00    0.00    0.00    0.00    0.00    0.00   98.00
02:19:16 AM    8    1.00    0.00    0.00    0.00    0.00    0.00    0.00    0.00    0.00   99.00
02:19:16 AM    9    1.98    0.00    0.00    0.00    0.00    0.00    0.00    0.00    0.00   98.02
02:19:16 AM   10    0.99    0.00    0.99    0.00    0.00    0.00    0.00    0.00    0.00   98.02
02:19:16 AM   11    1.00    0.00    0.00    0.00    0.00    0.00    0.00    0.00    0.00   99.00
02:19:16 AM   12    2.00    0.00    0.00    0.00    0.00    0.00    0.00    0.00    0.00   98.00
02:19:16 AM   13    1.00    0.00    0.00    0.00    0.00    0.00    0.00    0.00    0.00   99.00
02:19:16 AM   14    2.00    0.00    0.00    0.00    0.00    0.00    0.00    0.00    0.00   98.00
02:19:16 AM   15    1.98    0.00    0.99    0.00    0.00    0.00    0.00    0.00    0.00   97.03
02:19:16 AM   16    0.99    0.00    0.99    0.00    0.00    0.00    0.00    0.00    0.00   98.02
02:19:16 AM   17    1.98    0.00    2.97    0.00    0.00    0.00    0.00    0.00    0.00   95.05
02:19:16 AM   18    0.00    0.00    0.00    0.00    0.00    0.00    0.00    0.00    0.00  100.00
02:19:16 AM   19    1.01    0.00    0.00    0.00    0.00    0.00    0.00    0.00    0.00   98.99
02:19:16 AM   20    1.01    0.00    0.00    0.00    0.00    0.00    0.00    0.00    0.00   98.99
02:19:16 AM   21    1.00    0.00    1.00    0.00    0.00    0.00    0.00    0.00    0.00   98.00
02:19:16 AM   22    1.01    0.00    0.00    0.00    0.00    0.00    0.00    0.00    0.00   98.99
02:19:16 AM   23    1.00    0.00    1.00    0.00    0.00    0.00    0.00    0.00    0.00   98.00
02:19:16 AM   24    0.99    0.00    0.99    0.00    0.00    0.00    0.00    0.00    0.00   98.02
02:19:16 AM   25    0.00    0.00    1.00    0.00    0.00    0.00    0.00    0.00    0.00   99.00
02:19:16 AM   26    1.00    0.00    0.00    0.00    0.00    0.00    0.00    0.00    0.00   99.00
02:19:16 AM   27    1.00    0.00    0.00    0.00    0.00    0.00    0.00    0.00    0.00   99.00
02:19:16 AM   28    1.98    0.00    0.00    0.00    0.00    0.00    0.00    0.00    0.00   98.02
02:19:16 AM   29    0.00    0.00    0.00    0.00    0.00    1.01    0.00    0.00    0.00   98.99
02:19:16 AM   30    2.00    0.00    0.00    0.00    0.00    0.00    0.00    0.00    0.00   98.00
02:19:16 AM   31    1.02    0.00    0.00    0.00    0.00    0.00    0.00    0.00    0.00   98.98
02:19:16 AM   32    1.00    0.00    2.00    0.00    0.00    0.00    0.00    0.00    0.00   97.00
02:19:16 AM   33    1.00    0.00    1.00    0.00    0.00    0.00    0.00    0.00    0.00   98.00
02:19:16 AM   34    1.00    0.00    0.00    0.00    0.00    0.00    0.00    0.00    0.00   99.00
02:19:16 AM   35    0.00    0.00    0.00    0.00    0.00    0.00    0.00    0.00    0.00  100.00

Average:     CPU    %usr   %nice    %sys %iowait    %irq   %soft  %steal  %guest  %gnice   %idle
Average:     all    0.85    0.01    0.37    0.06    0.00    0.04    0.00    0.00    0.00   98.67
Average:       0    2.22    0.00    3.64    0.00    0.00    0.00    0.00    0.00    0.00   94.14
Average:       1    0.60    0.00    0.40    0.00    0.00    0.00    0.00    0.00    0.00   98.99
Average:       2    1.20    0.00    0.60    0.00    0.00    0.00    0.00    0.00    0.00   98.20
Average:       3    1.00    0.00    0.20    0.20    0.00    0.00    0.00    0.00    0.00   98.60
Average:       4    1.19    0.00    0.80    0.00    0.00    0.00    0.00    0.00    0.00   98.01
Average:       5    0.80    0.00    0.20    0.00    0.00    0.40    0.00    0.00    0.00   98.60
Average:       6    0.80    0.00    0.40    0.00    0.00    0.20    0.00    0.00    0.00   98.60
Average:       7    0.60    0.00    0.20    0.00    0.00    0.00    0.00    0.00    0.00   99.20
Average:       8    0.80    0.20    0.00    0.20    0.00    0.00    0.00    0.00    0.00   98.80
Average:       9    0.80    0.00    0.20    0.00    0.00    0.00    0.00    0.00    0.00   99.00
Average:      10    0.40    0.00    0.20    0.00    0.00    0.00    0.00    0.00    0.00   99.40
Average:      11    0.40    0.20    0.00    0.00    0.00    0.00    0.00    0.00    0.00   99.40
Average:      12    0.80    0.00    0.40    0.20    0.00    0.00    0.00    0.00    0.00   98.60
Average:      13    1.60    0.00    0.00    0.00    0.00    0.00    0.00    0.00    0.00   98.40
Average:      14    0.80    0.00    0.20    0.00    0.00    0.00    0.00    0.00    0.00   99.00
Average:      15    0.60    0.00    0.20    0.00    0.00    0.00    0.00    0.00    0.00   99.20
Average:      16    0.40    0.00    0.40    0.00    0.00    0.00    0.00    0.00    0.00   99.20
Average:      17    1.00    0.00    0.80    0.00    0.00    0.00    0.00    0.00    0.00   98.20
Average:      18    0.60    0.00    0.00    0.20    0.00    0.20    0.00    0.00    0.00   98.99
Average:      19    0.81    0.00    0.20    0.00    0.00    0.00    0.00    0.00    0.00   98.99
Average:      20    0.60    0.00    0.20    0.00    0.00    0.00    0.00    0.00    0.00   99.20
Average:      21    1.20    0.00    0.60    0.00    0.00    0.00    0.00    0.00    0.00   98.19
Average:      22    1.01    0.00    0.20    0.00    0.00    0.00    0.00    0.00    0.00   98.79
Average:      23    0.80    0.00    0.40    0.20    0.00    0.00    0.00    0.00    0.00   98.59
Average:      24    0.20    0.00    0.60    0.20    0.00    0.00    0.00    0.00    0.00   98.99
Average:      25    1.00    0.00    0.20    0.00    0.00    0.00    0.00    0.00    0.00   98.80
Average:      26    1.01    0.00    0.20    0.00    0.00    0.00    0.00    0.00    0.00   98.79
Average:      27    0.80    0.00    0.20    0.00    0.00    0.00    0.00    0.00    0.00   99.00
Average:      28    0.80    0.00    0.00    0.00    0.00    0.00    0.00    0.00    0.00   99.20
Average:      29    0.60    0.00    0.40    0.20    0.00    0.20    0.00    0.00    0.00   98.60
Average:      30    1.40    0.00    0.00    0.00    0.00    0.20    0.00    0.00    0.00   98.40
Average:      31    0.81    0.00    0.20    0.40    0.00    0.00    0.00    0.00    0.00   98.59
Average:      32    0.60    0.00    0.40    0.00    0.00    0.20    0.00    0.00    0.00   98.80
Average:      33    0.60    0.00    0.20    0.20    0.00    0.00    0.00    0.00    0.00   99.00
Average:      34    1.00    0.00    0.20    0.00    0.00    0.00    0.00    0.00    0.00   98.80
Average:      35    0.60    0.00    0.20    0.20    0.00    0.00    0.00    0.00    0.00   98.99
