Linux 5.15.0-186-generic (rapids4) 	07/28/2026 	_x86_64_	(36 CPU)

02:18:48 AM  CPU    %usr   %nice    %sys %iowait    %irq   %soft  %steal  %guest  %gnice   %idle
02:18:49 AM  all    0.75    0.00    0.50    0.08    0.00    0.00    0.00    0.00    0.00   98.66
02:18:49 AM    0    0.00    0.00    1.02    0.00    0.00    0.00    0.00    0.00    0.00   98.98
02:18:49 AM    1    0.00    0.00    0.00    0.00    0.00    0.00    0.00    0.00    0.00  100.00
02:18:49 AM    2    0.00    0.00    0.00    0.00    0.00    0.00    0.00    0.00    0.00  100.00
02:18:49 AM    3    1.00    0.00    0.00    1.00    0.00    0.00    0.00    0.00    0.00   98.00
02:18:49 AM    4    2.97    0.00    0.00    0.99    0.00    0.00    0.00    0.00    0.00   96.04
02:18:49 AM    5    0.00    0.00    0.00    0.00    0.00    0.00    0.00    0.00    0.00  100.00
02:18:49 AM    6    1.00    0.00    1.00    0.00    0.00    0.00    0.00    0.00    0.00   98.00
02:18:49 AM    7    1.00    0.00    1.00    0.00    0.00    0.00    0.00    0.00    0.00   98.00
02:18:49 AM    8    1.00    0.00    0.00    0.00    0.00    0.00    0.00    0.00    0.00   99.00
02:18:49 AM    9    1.01    0.00    0.00    0.00    0.00    0.00    0.00    0.00    0.00   98.99
02:18:49 AM   10    0.00    0.00    0.00    0.00    0.00    0.00    0.00    0.00    0.00  100.00
02:18:49 AM   11    1.01    0.00    2.02    0.00    0.00    0.00    0.00    0.00    0.00   96.97
02:18:49 AM   12    0.00    0.00    1.00    0.00    0.00    0.00    0.00    0.00    0.00   99.00
02:18:49 AM   13    1.00    0.00    0.00    0.00    0.00    0.00    0.00    0.00    0.00   99.00
02:18:49 AM   14    0.00    0.00    0.00    0.00    0.00    0.00    0.00    0.00    0.00  100.00
02:18:49 AM   15    1.00    0.00    0.00    1.00    0.00    0.00    0.00    0.00    0.00   98.00
02:18:49 AM   16    0.00    0.00    0.00    0.00    0.00    0.00    0.00    0.00    0.00  100.00
02:18:49 AM   17    1.96    0.00    1.96    0.00    0.00    0.00    0.00    0.00    0.00   96.08
02:18:49 AM   18    1.00    0.00    1.00    0.00    0.00    0.00    0.00    0.00    0.00   98.00
02:18:49 AM   19    3.00    0.00    0.00    0.00    0.00    0.00    0.00    0.00    0.00   97.00
02:18:49 AM   20    1.00    0.00    0.00    0.00    0.00    0.00    0.00    0.00    0.00   99.00
02:18:49 AM   21    0.99    0.00    0.99    0.00    0.00    0.00    0.00    0.00    0.00   98.02
02:18:49 AM   22    1.98    0.00    0.99    0.00    0.00    0.00    0.00    0.00    0.00   97.03
02:18:49 AM   23    0.99    0.00    0.99    0.00    0.00    0.00    0.00    0.00    0.00   98.02
02:18:49 AM   24    0.99    0.00    0.99    0.00    0.00    0.00    0.00    0.00    0.00   98.02
02:18:49 AM   25    1.00    0.00    1.00    0.00    0.00    0.00    0.00    0.00    0.00   98.00
02:18:49 AM   26    0.00    0.00    1.00    0.00    0.00    0.00    0.00    0.00    0.00   99.00
02:18:49 AM   27    0.00    0.00    0.00    0.00    0.00    0.00    0.00    0.00    0.00  100.00
02:18:49 AM   28    0.00    0.00    0.00    0.00    0.00    0.00    0.00    0.00    0.00  100.00
02:18:49 AM   29    0.00    0.00    0.00    0.00    0.00    0.00    0.00    0.00    0.00  100.00
02:18:49 AM   30    1.00    0.00    0.00    0.00    0.00    0.00    0.00    0.00    0.00   99.00
02:18:49 AM   31    0.00    0.00    0.00    0.00    0.00    0.00    0.00    0.00    0.00  100.00
02:18:49 AM   32    0.00    0.00    0.00    0.00    0.00    0.00    0.00    0.00    0.00  100.00
02:18:49 AM   33    0.99    0.00    0.99    0.00    0.00    0.00    0.00    0.00    0.00   98.02
02:18:49 AM   34    0.00    0.00    1.01    0.00    0.00    0.00    0.00    0.00    0.00   98.99
02:18:49 AM   35    0.99    0.00    0.99    0.00    0.00    0.00    0.00    0.00    0.00   98.02

02:18:49 AM  CPU    %usr   %nice    %sys %iowait    %irq   %soft  %steal  %guest  %gnice   %idle
02:18:50 AM  all    0.53    0.00    0.70    0.03    0.00    0.00    0.00    0.00    0.00   98.75
02:18:50 AM    0    2.02    0.00    0.00    0.00    0.00    0.00    0.00    0.00    0.00   97.98
02:18:50 AM    1    0.00    0.00    0.00    0.00    0.00    0.00    0.00    0.00    0.00  100.00
02:18:50 AM    2    0.00    0.00    0.00    0.00    0.00    0.00    0.00    0.00    0.00  100.00
02:18:50 AM    3    0.00    0.00    1.00    0.00    0.00    0.00    0.00    0.00    0.00   99.00
02:18:50 AM    4    0.99    0.00    1.98    0.00    0.00    0.00    0.00    0.00    0.00   97.03
02:18:50 AM    5    0.00    0.00    1.00    0.00    0.00    0.00    0.00    0.00    0.00   99.00
02:18:50 AM    6    3.06    0.00    5.10    0.00    0.00    0.00    0.00    0.00    0.00   91.84
02:18:50 AM    7    0.00    0.00    1.98    0.00    0.00    0.00    0.00    0.00    0.00   98.02
02:18:50 AM    8    0.00    0.00    1.00    0.00    0.00    0.00    0.00    0.00    0.00   99.00
02:18:50 AM    9    0.00    0.00    1.01    0.00    0.00    0.00    0.00    0.00    0.00   98.99
02:18:50 AM   10    0.00    0.00    2.02    0.00    0.00    0.00    0.00    0.00    0.00   97.98
02:18:50 AM   11    1.00    0.00    1.00    0.00    0.00    0.00    0.00    0.00    0.00   98.00
02:18:50 AM   12    0.00    0.00    0.00    0.00    0.00    0.00    0.00    0.00    0.00  100.00
02:18:50 AM   13    1.00    0.00    0.00    0.00    0.00    0.00    0.00    0.00    0.00   99.00
02:18:50 AM   14    0.99    0.00    0.99    0.00    0.00    0.00    0.00    0.00    0.00   98.02
02:18:50 AM   15    1.98    0.00    0.99    0.00    0.00    0.00    0.00    0.00    0.00   97.03
02:18:50 AM   16    0.99    0.00    0.99    0.00    0.00    0.00    0.00    0.00    0.00   98.02
02:18:50 AM   17    0.00    0.00    0.00    0.00    0.00    0.00    0.00    0.00    0.00  100.00
02:18:50 AM   18    0.00    0.00    0.00    0.00    0.00    0.00    0.00    0.00    0.00  100.00
02:18:50 AM   19    0.00    0.00    0.00    0.00    0.00    0.00    0.00    0.00    0.00  100.00
02:18:50 AM   20    2.00    0.00    0.00    0.00    0.00    0.00    0.00    0.00    0.00   98.00
02:18:50 AM   21    0.99    0.00    1.98    0.00    0.00    0.00    0.00    0.00    0.00   97.03
02:18:50 AM   22    0.00    0.00    0.00    0.00    0.00    0.00    0.00    0.00    0.00  100.00
02:18:50 AM   23    0.00    0.00    1.01    0.00    0.00    0.00    0.00    0.00    0.00   98.99
02:18:50 AM   24    0.00    0.00    0.00    0.00    0.00    0.00    0.00    0.00    0.00  100.00
02:18:50 AM   25    0.00    0.00    0.00    0.00    0.00    0.00    0.00    0.00    0.00  100.00
02:18:50 AM   26    2.00    0.00    0.00    0.00    0.00    0.00    0.00    0.00    0.00   98.00
02:18:50 AM   27    1.00    0.00    1.00    0.00    0.00    0.00    0.00    0.00    0.00   98.00
02:18:50 AM   28    0.99    0.00    0.00    0.00    0.00    0.00    0.00    0.00    0.00   99.01
02:18:50 AM   29    0.00    0.00    0.00    0.00    0.00    0.00    0.00    0.00    0.00  100.00
02:18:50 AM   30    0.00    0.00    0.99    0.99    0.00    0.00    0.00    0.00    0.00   98.02
02:18:50 AM   31    0.00    0.00    0.00    0.00    0.00    0.00    0.00    0.00    0.00  100.00
02:18:50 AM   32    0.00    0.00    0.00    0.00    0.00    0.00    0.00    0.00    0.00  100.00
02:18:50 AM   33    0.00    0.00    0.99    0.00    0.00    0.00    0.00    0.00    0.00   99.01
02:18:50 AM   34    0.00    0.00    0.00    0.00    0.00    0.00    0.00    0.00    0.00  100.00
02:18:50 AM   35    0.00    0.00    0.00    0.00    0.00    0.00    0.00    0.00    0.00  100.00

02:18:50 AM  CPU    %usr   %nice    %sys %iowait    %irq   %soft  %steal  %guest  %gnice   %idle
02:18:51 AM  all    0.45    0.03    0.39    0.11    0.00    0.00    0.00    0.00    0.00   99.02
02:18:51 AM    0    0.00    0.00    0.00    0.00    0.00    0.00    0.00    0.00    0.00  100.00
02:18:51 AM    1    0.00    0.00    0.00    0.00    0.00    0.00    0.00    0.00    0.00  100.00
02:18:51 AM    2    1.01    0.00    0.00    0.00    0.00    0.00    0.00    0.00    0.00   98.99
02:18:51 AM    3    1.01    0.00    0.00    0.00    0.00    0.00    0.00    0.00    0.00   98.99
02:18:51 AM    4    0.00    0.00    0.00    0.00    0.00    0.00    0.00    0.00    0.00  100.00
02:18:51 AM    5    1.01    0.00    0.00    0.00    0.00    0.00    0.00    0.00    0.00   98.99
02:18:51 AM    6    0.00    0.00    1.00    0.00    0.00    0.00    0.00    0.00    0.00   99.00
02:18:51 AM    7    1.00    0.00    0.00    0.00    0.00    0.00    0.00    0.00    0.00   99.00
02:18:51 AM    8    0.00    0.00    0.00    0.00    0.00    0.00    0.00    0.00    0.00  100.00
02:18:51 AM    9    0.99    0.99    5.94    0.00    0.00    0.00    0.00    0.00    0.00   92.08
02:18:51 AM   10    0.00    0.00    1.01    0.00    0.00    0.00    0.00    0.00    0.00   98.99
02:18:51 AM   11    0.00    0.00    0.00    0.00    0.00    0.00    0.00    0.00    0.00  100.00
02:18:51 AM   12    0.00    0.00    0.00    0.00    0.00    0.00    0.00    0.00    0.00  100.00
02:18:51 AM   13    0.00    0.00    0.00    1.01    0.00    0.00    0.00    0.00    0.00   98.99
02:18:51 AM   14    0.00    0.00    0.00    1.00    0.00    0.00    0.00    0.00    0.00   99.00
02:18:51 AM   15    0.00    0.00    0.00    0.00    0.00    0.00    0.00    0.00    0.00  100.00
02:18:51 AM   16    0.00    0.00    0.00    0.00    0.00    0.00    0.00    0.00    0.00  100.00
02:18:51 AM   17    0.99    0.00    0.99    0.00    0.00    0.00    0.00    0.00    0.00   98.02
02:18:51 AM   18    1.98    0.00    0.00    1.98    0.00    0.00    0.00    0.00    0.00   96.04
02:18:51 AM   19    0.00    0.00    1.00    0.00    0.00    0.00    0.00    0.00    0.00   99.00
02:18:51 AM   20    1.00    0.00    0.00    0.00    0.00    0.00    0.00    0.00    0.00   99.00
02:18:51 AM   21    1.01    0.00    0.00    0.00    0.00    0.00    0.00    0.00    0.00   98.99
02:18:51 AM   22    0.00    0.00    1.01    0.00    0.00    0.00    0.00    0.00    0.00   98.99
02:18:51 AM   23    0.00    0.00    0.00    0.00    0.00    0.00    0.00    0.00    0.00  100.00
02:18:51 AM   24    0.99    0.00    0.99    0.00    0.00    0.00    0.00    0.00    0.00   98.02
02:18:51 AM   25    0.00    0.00    0.00    0.00    0.00    0.00    0.00    0.00    0.00  100.00
02:18:51 AM   26    1.00    0.00    0.00    0.00    0.00    0.00    0.00    0.00    0.00   99.00
02:18:51 AM   27    1.01    0.00    0.00    0.00    0.00    0.00    0.00    0.00    0.00   98.99
02:18:51 AM   28    0.00    0.00    0.00    0.00    0.00    0.00    0.00    0.00    0.00  100.00
02:18:51 AM   29    1.01    0.00    0.00    0.00    0.00    0.00    0.00    0.00    0.00   98.99
02:18:51 AM   30    1.01    0.00    0.00    0.00    0.00    0.00    0.00    0.00    0.00   98.99
02:18:51 AM   31    0.00    0.00    1.01    0.00    0.00    0.00    0.00    0.00    0.00   98.99
02:18:51 AM   32    0.00    0.00    0.00    0.00    0.00    0.00    0.00    0.00    0.00  100.00
02:18:51 AM   33    0.00    0.00    0.00    0.00    0.00    0.00    0.00    0.00    0.00  100.00
02:18:51 AM   34    1.00    0.00    0.00    0.00    0.00    0.00    0.00    0.00    0.00   99.00
02:18:51 AM   35    0.00    0.00    1.00    0.00    0.00    0.00    0.00    0.00    0.00   99.00

02:18:51 AM  CPU    %usr   %nice    %sys %iowait    %irq   %soft  %steal  %guest  %gnice   %idle
02:18:52 AM  all    0.61    0.00    0.20    0.03    0.00    0.00    0.00    0.00    0.00   99.16
02:18:52 AM    0    0.00    0.00    0.00    1.01    0.00    0.00    0.00    0.00    0.00   98.99
02:18:52 AM    1    0.00    0.00    0.00    0.00    0.00    0.00    0.00    0.00    0.00  100.00
02:18:52 AM    2    0.00    0.00    0.00    0.00    0.00    0.00    0.00    0.00    0.00  100.00
02:18:52 AM    3    0.00    0.00    0.00    0.00    0.00    0.00    0.00    0.00    0.00  100.00
02:18:52 AM    4    2.00    0.00    1.00    0.00    0.00    0.00    0.00    0.00    0.00   97.00
02:18:52 AM    5    1.01    0.00    0.00    0.00    0.00    0.00    0.00    0.00    0.00   98.99
02:18:52 AM    6    1.00    0.00    0.00    0.00    0.00    0.00    0.00    0.00    0.00   99.00
02:18:52 AM    7    1.00    0.00    0.00    0.00    0.00    0.00    0.00    0.00    0.00   99.00
02:18:52 AM    8    0.99    0.00    0.99    0.00    0.00    0.00    0.00    0.00    0.00   98.02
02:18:52 AM    9    0.00    0.00    2.02    0.00    0.00    0.00    0.00    0.00    0.00   97.98
02:18:52 AM   10    1.00    0.00    0.00    0.00    0.00    0.00    0.00    0.00    0.00   99.00
02:18:52 AM   11    0.00    0.00    0.00    0.00    0.00    0.00    0.00    0.00    0.00  100.00
02:18:52 AM   12    1.98    0.00    0.00    0.00    0.00    0.00    0.00    0.00    0.00   98.02
02:18:52 AM   13    1.00    0.00    0.00    0.00    0.00    0.00    0.00    0.00    0.00   99.00
02:18:52 AM   14    0.00    0.00    0.00    0.00    0.00    0.00    0.00    0.00    0.00  100.00
02:18:52 AM   15    0.00    0.00    0.00    0.00    0.00    0.00    0.00    0.00    0.00  100.00
02:18:52 AM   16    0.00    0.00    0.00    0.00    0.00    0.00    0.00    0.00    0.00  100.00
02:18:52 AM   17    1.00    0.00    0.00    0.00    0.00    0.00    0.00    0.00    0.00   99.00
02:18:52 AM   18    1.00    0.00    0.00    0.00    0.00    0.00    0.00    0.00    0.00   99.00
02:18:52 AM   19    1.00    0.00    1.00    0.00    0.00    0.00    0.00    0.00    0.00   98.00
02:18:52 AM   20    0.00    0.00    1.00    0.00    0.00    0.00    0.00    0.00    0.00   99.00
02:18:52 AM   21    1.00    0.00    0.00    0.00    0.00    0.00    0.00    0.00    0.00   99.00
02:18:52 AM   22    0.00    0.00    0.00    0.00    0.00    0.00    0.00    0.00    0.00  100.00
02:18:52 AM   23    2.00    0.00    0.00    0.00    0.00    0.00    0.00    0.00    0.00   98.00
02:18:52 AM   24    0.00    0.00    0.00    0.00    0.00    0.00    0.00    0.00    0.00  100.00
02:18:52 AM   25    1.98    0.00    0.00    0.00    0.00    0.00    0.00    0.00    0.00   98.02
02:18:52 AM   26    0.00    0.00    0.00    0.00    0.00    0.00    0.00    0.00    0.00  100.00
02:18:52 AM   27    1.01    0.00    0.00    0.00    0.00    0.00    0.00    0.00    0.00   98.99
02:18:52 AM   28    1.98    0.00    0.00    0.00    0.00    0.00    0.00    0.00    0.00   98.02
02:18:52 AM   29    0.00    0.00    0.00    0.00    0.00    0.00    0.00    0.00    0.00  100.00
02:18:52 AM   30    0.00    0.00    1.00    0.00    0.00    0.00    0.00    0.00    0.00   99.00
02:18:52 AM   31    0.00    0.00    0.00    0.00    0.00    0.00    0.00    0.00    0.00  100.00
02:18:52 AM   32    0.00    0.00    0.00    0.00    0.00    0.00    0.00    0.00    0.00  100.00
02:18:52 AM   33    0.00    0.00    0.00    0.00    0.00    0.00    0.00    0.00    0.00  100.00
02:18:52 AM   34    0.00    0.00    0.00    0.00    0.00    0.00    0.00    0.00    0.00  100.00
02:18:52 AM   35    1.00    0.00    0.00    0.00    0.00    0.00    0.00    0.00    0.00   99.00

02:18:52 AM  CPU    %usr   %nice    %sys %iowait    %irq   %soft  %steal  %guest  %gnice   %idle
02:18:53 AM  all    1.31    0.00    0.56    0.08    0.00    0.00    0.00    0.00    0.00   98.05
02:18:53 AM    0    1.02    0.00    0.00    0.00    0.00    0.00    0.00    0.00    0.00   98.98
02:18:53 AM    1    1.00    0.00    1.00    0.00    0.00    0.00    0.00    0.00    0.00   98.00
02:18:53 AM    2    1.01    0.00    0.00    0.00    0.00    0.00    0.00    0.00    0.00   98.99
02:18:53 AM    3    1.96    0.00    1.96    0.00    0.00    0.00    0.00    0.00    0.00   96.08
02:18:53 AM    4    4.00    0.00    6.00    0.00    0.00    0.00    0.00    0.00    0.00   90.00
02:18:53 AM    5    2.02    0.00    0.00    1.01    0.00    0.00    0.00    0.00    0.00   96.97
02:18:53 AM    6    3.03    0.00    0.00    0.00    0.00    0.00    0.00    0.00    0.00   96.97
02:18:53 AM    7    2.02    0.00    1.01    0.00    0.00    0.00    0.00    0.00    0.00   96.97
02:18:53 AM    8    3.03    0.00    0.00    0.00    0.00    0.00    0.00    0.00    0.00   96.97
02:18:53 AM    9    1.00    0.00    1.00    0.00    0.00    0.00    0.00    0.00    0.00   98.00
02:18:53 AM   10    1.02    0.00    0.00    0.00    0.00    0.00    0.00    0.00    0.00   98.98
02:18:53 AM   11    2.00    0.00    0.00    1.00    0.00    0.00    0.00    0.00    0.00   97.00
02:18:53 AM   12    1.00    0.00    1.00    0.00    0.00    0.00    0.00    0.00    0.00   98.00
02:18:53 AM   13    1.98    0.00    0.99    0.00    0.00    0.00    0.00    0.00    0.00   97.03
02:18:53 AM   14    2.00    0.00    0.00    0.00    0.00    0.00    0.00    0.00    0.00   98.00
02:18:53 AM   15    3.00    0.00    0.00    0.00    0.00    0.00    0.00    0.00    0.00   97.00
02:18:53 AM   16    1.00    0.00    1.00    0.00    0.00    0.00    0.00    0.00    0.00   98.00
02:18:53 AM   17    2.00    0.00    0.00    0.00    0.00    0.00    0.00    0.00    0.00   98.00
02:18:53 AM   18    0.00    0.00    0.00    0.00    0.00    0.00    0.00    0.00    0.00  100.00
02:18:53 AM   19    0.00    0.00    0.00    0.00    0.00    0.00    0.00    0.00    0.00  100.00
02:18:53 AM   20    0.00    0.00    0.00    0.00    0.00    0.00    0.00    0.00    0.00  100.00
02:18:53 AM   21    0.00    0.00    1.00    0.00    0.00    0.00    0.00    0.00    0.00   99.00
02:18:53 AM   22    1.01    0.00    0.00    0.00    0.00    0.00    0.00    0.00    0.00   98.99
02:18:53 AM   23    0.99    0.00    0.99    0.00    0.00    0.00    0.00    0.00    0.00   98.02
02:18:53 AM   24    1.01    0.00    0.00    0.00    0.00    0.00    0.00    0.00    0.00   98.99
02:18:53 AM   25    0.00    0.00    1.01    0.00    0.00    0.00    0.00    0.00    0.00   98.99
02:18:53 AM   26    0.00    0.00    0.00    0.00    0.00    0.00    0.00    0.00    0.00  100.00
02:18:53 AM   27    1.00    0.00    0.00    0.00    0.00    0.00    0.00    0.00    0.00   99.00
02:18:53 AM   28    1.00    0.00    1.00    0.00    0.00    0.00    0.00    0.00    0.00   98.00
02:18:53 AM   29    1.00    0.00    0.00    0.00    0.00    0.00    0.00    0.00    0.00   99.00
02:18:53 AM   30    2.00    0.00    0.00    0.00    0.00    0.00    0.00    0.00    0.00   98.00
02:18:53 AM   31    1.00    0.00    0.00    0.00    0.00    0.00    0.00    0.00    0.00   99.00
02:18:53 AM   32    1.00    0.00    0.00    0.00    0.00    0.00    0.00    0.00    0.00   99.00
02:18:53 AM   33    1.00    0.00    0.00    1.00    0.00    0.00    0.00    0.00    0.00   98.00
02:18:53 AM   34    1.00    0.00    1.00    0.00    0.00    0.00    0.00    0.00    0.00   98.00
02:18:53 AM   35    1.00    0.00    1.00    0.00    0.00    0.00    0.00    0.00    0.00   98.00

Average:     CPU    %usr   %nice    %sys %iowait    %irq   %soft  %steal  %guest  %gnice   %idle
Average:     all    0.73    0.01    0.47    0.07    0.00    0.00    0.00    0.00    0.00   98.73
Average:       0    0.61    0.00    0.20    0.20    0.00    0.00    0.00    0.00    0.00   98.98
Average:       1    0.20    0.00    0.20    0.00    0.00    0.00    0.00    0.00    0.00   99.60
Average:       2    0.40    0.00    0.00    0.00    0.00    0.00    0.00    0.00    0.00   99.60
Average:       3    0.80    0.00    0.60    0.20    0.00    0.00    0.00    0.00    0.00   98.40
Average:       4    2.00    0.00    1.80    0.20    0.00    0.00    0.00    0.00    0.00   96.01
Average:       5    0.81    0.00    0.20    0.20    0.00    0.00    0.00    0.00    0.00   98.79
Average:       6    1.61    0.00    1.41    0.00    0.00    0.00    0.00    0.00    0.00   96.98
Average:       7    1.00    0.00    0.80    0.00    0.00    0.00    0.00    0.00    0.00   98.20
Average:       8    1.00    0.00    0.40    0.00    0.00    0.00    0.00    0.00    0.00   98.60
Average:       9    0.60    0.20    2.01    0.00    0.00    0.00    0.00    0.00    0.00   97.19
Average:      10    0.40    0.00    0.61    0.00    0.00    0.00    0.00    0.00    0.00   98.99
Average:      11    0.80    0.00    0.60    0.20    0.00    0.00    0.00    0.00    0.00   98.39
Average:      12    0.60    0.00    0.40    0.00    0.00    0.00    0.00    0.00    0.00   99.00
Average:      13    1.00    0.00    0.20    0.20    0.00    0.00    0.00    0.00    0.00   98.60
Average:      14    0.60    0.00    0.20    0.20    0.00    0.00    0.00    0.00    0.00   99.00
Average:      15    1.20    0.00    0.20    0.20    0.00    0.00    0.00    0.00    0.00   98.40
Average:      16    0.40    0.00    0.40    0.00    0.00    0.00    0.00    0.00    0.00   99.20
Average:      17    1.20    0.00    0.60    0.00    0.00    0.00    0.00    0.00    0.00   98.20
Average:      18    0.80    0.00    0.20    0.40    0.00    0.00    0.00    0.00    0.00   98.60
Average:      19    0.80    0.00    0.40    0.00    0.00    0.00    0.00    0.00    0.00   98.79
Average:      20    0.80    0.00    0.20    0.00    0.00    0.00    0.00    0.00    0.00   99.00
Average:      21    0.80    0.00    0.80    0.00    0.00    0.00    0.00    0.00    0.00   98.40
Average:      22    0.60    0.00    0.40    0.00    0.00    0.00    0.00    0.00    0.00   98.99
Average:      23    0.80    0.00    0.60    0.00    0.00    0.00    0.00    0.00    0.00   98.60
Average:      24    0.60    0.00    0.40    0.00    0.00    0.00    0.00    0.00    0.00   99.00
Average:      25    0.60    0.00    0.40    0.00    0.00    0.00    0.00    0.00    0.00   98.99
Average:      26    0.60    0.00    0.20    0.00    0.00    0.00    0.00    0.00    0.00   99.20
Average:      27    0.80    0.00    0.20    0.00    0.00    0.00    0.00    0.00    0.00   99.00
Average:      28    0.80    0.00    0.20    0.00    0.00    0.00    0.00    0.00    0.00   98.99
Average:      29    0.40    0.00    0.00    0.00    0.00    0.00    0.00    0.00    0.00   99.60
Average:      30    0.80    0.00    0.40    0.20    0.00    0.00    0.00    0.00    0.00   98.60
Average:      31    0.20    0.00    0.20    0.00    0.00    0.00    0.00    0.00    0.00   99.60
Average:      32    0.20    0.00    0.00    0.00    0.00    0.00    0.00    0.00    0.00   99.80
Average:      33    0.40    0.00    0.40    0.20    0.00    0.00    0.00    0.00    0.00   99.00
Average:      34    0.40    0.00    0.40    0.00    0.00    0.00    0.00    0.00    0.00   99.20
Average:      35    0.60    0.00    0.60    0.00    0.00    0.00    0.00    0.00    0.00   98.80
