Linux 5.15.0-186-generic (rapids4) 	07/28/2026 	_x86_64_	(36 CPU)

02:24:53 AM  CPU    %usr   %nice    %sys %iowait    %irq   %soft  %steal  %guest  %gnice   %idle
02:24:54 AM  all    1.54    0.00    2.29    0.06    0.00    0.11    0.00    0.00    0.00   96.01
02:24:54 AM    0    1.96    0.00    0.00    0.00    0.00    2.94    0.00    0.00    0.00   95.10
02:24:54 AM    1    1.98    0.00    0.99    0.00    0.00    0.00    0.00    0.00    0.00   97.03
02:24:54 AM    2    3.00    0.00    0.00    0.00    0.00    0.00    0.00    0.00    0.00   97.00
02:24:54 AM    3    1.00    0.00    0.00    0.00    0.00    1.00    0.00    0.00    0.00   98.00
02:24:54 AM    4    2.00    0.00    8.00    0.00    0.00    0.00    0.00    0.00    0.00   90.00
02:24:54 AM    5    2.02    0.00    0.00    0.00    0.00    0.00    0.00    0.00    0.00   97.98
02:24:54 AM    6    2.00    0.00    0.00    0.00    0.00    0.00    0.00    0.00    0.00   98.00
02:24:54 AM    7    1.00    0.00    1.00    0.00    0.00    0.00    0.00    0.00    0.00   98.00
02:24:54 AM    8    1.00    0.00    1.00    0.00    0.00    0.00    0.00    0.00    0.00   98.00
02:24:54 AM    9    1.00    0.00    0.00    0.00    0.00    0.00    0.00    0.00    0.00   99.00
02:24:54 AM   10    0.99    0.00    0.99    0.99    0.00    0.00    0.00    0.00    0.00   97.03
02:24:54 AM   11    0.00    0.00    1.00    1.00    0.00    0.00    0.00    0.00    0.00   98.00
02:24:54 AM   12    0.00    0.00    0.00    0.00    0.00    0.00    0.00    0.00    0.00  100.00
02:24:54 AM   13    2.02    0.00    0.00    0.00    0.00    0.00    0.00    0.00    0.00   97.98
02:24:54 AM   14    0.00    0.00    0.00    0.00    0.00    0.00    0.00    0.00    0.00  100.00
02:24:54 AM   15    0.00    0.00    1.01    0.00    0.00    0.00    0.00    0.00    0.00   98.99
02:24:54 AM   16    1.01    0.00    0.00    0.00    0.00    0.00    0.00    0.00    0.00   98.99
02:24:54 AM   17    1.01    0.00    0.00    0.00    0.00    0.00    0.00    0.00    0.00   98.99
02:24:54 AM   18   10.42    0.00   32.29    0.00    0.00    0.00    0.00    0.00    0.00   57.29
02:24:54 AM   19    6.19    0.00   34.02    0.00    0.00    0.00    0.00    0.00    0.00   59.79
02:24:54 AM   20    1.00    0.00    0.00    0.00    0.00    0.00    0.00    0.00    0.00   99.00
02:24:54 AM   21    1.00    0.00    0.00    0.00    0.00    0.00    0.00    0.00    0.00   99.00
02:24:54 AM   22    2.00    0.00    0.00    0.00    0.00    0.00    0.00    0.00    0.00   98.00
02:24:54 AM   23    0.99    0.00    1.98    0.00    0.00    0.00    0.00    0.00    0.00   97.03
02:24:54 AM   24    1.01    0.00    0.00    0.00    0.00    0.00    0.00    0.00    0.00   98.99
02:24:54 AM   25    2.02    0.00    0.00    0.00    0.00    0.00    0.00    0.00    0.00   97.98
02:24:54 AM   26    0.00    0.00    0.00    0.00    0.00    0.00    0.00    0.00    0.00  100.00
02:24:54 AM   27    0.00    0.00    0.00    0.00    0.00    0.00    0.00    0.00    0.00  100.00
02:24:54 AM   28    1.00    0.00    0.00    0.00    0.00    0.00    0.00    0.00    0.00   99.00
02:24:54 AM   29    1.00    0.00    0.00    0.00    0.00    0.00    0.00    0.00    0.00   99.00
02:24:54 AM   30    1.01    0.00    0.00    0.00    0.00    0.00    0.00    0.00    0.00   98.99
02:24:54 AM   31    4.00    0.00    0.00    0.00    0.00    0.00    0.00    0.00    0.00   96.00
02:24:54 AM   32    0.99    0.00    0.99    0.00    0.00    0.00    0.00    0.00    0.00   98.02
02:24:54 AM   33    0.00    0.00    0.00    0.00    0.00    0.00    0.00    0.00    0.00  100.00
02:24:54 AM   34    0.00    0.00    0.99    0.00    0.00    0.00    0.00    0.00    0.00   99.01
02:24:54 AM   35    1.00    0.00    0.00    0.00    0.00    0.00    0.00    0.00    0.00   99.00

02:24:54 AM  CPU    %usr   %nice    %sys %iowait    %irq   %soft  %steal  %guest  %gnice   %idle
02:24:55 AM  all    2.13    0.00    4.51    0.03    0.00    0.25    0.00    0.00    0.00   93.08
02:24:55 AM    0    0.98    0.00    0.00    0.00    0.00    6.86    0.00    0.00    0.00   92.16
02:24:55 AM    1    0.00    0.00    0.00    0.00    0.00    0.00    0.00    0.00    0.00  100.00
02:24:55 AM    2    2.02    0.00    1.01    0.00    0.00    0.00    0.00    0.00    0.00   96.97
02:24:55 AM    3    1.02    0.00    0.00    0.00    0.00    0.00    0.00    0.00    0.00   98.98
02:24:55 AM    4    1.01    0.00    0.00    0.00    0.00    0.00    0.00    0.00    0.00   98.99
02:24:55 AM    5    0.00    0.00    0.00    0.00    0.00    0.00    0.00    0.00    0.00  100.00
02:24:55 AM    6    2.00    0.00    0.00    0.00    0.00    1.00    0.00    0.00    0.00   97.00
02:24:55 AM    7    0.00    0.00    0.00    0.00    0.00    0.00    0.00    0.00    0.00  100.00
02:24:55 AM    8    0.00    0.00    0.00    0.00    0.00    0.00    0.00    0.00    0.00  100.00
02:24:55 AM    9    2.00    0.00    1.00    1.00    0.00    0.00    0.00    0.00    0.00   96.00
02:24:55 AM   10    2.00    0.00    1.00    0.00    0.00    0.00    0.00    0.00    0.00   97.00
02:24:55 AM   11    0.00    0.00    0.00    0.00    0.00    0.00    0.00    0.00    0.00  100.00
02:24:55 AM   12    0.00    0.00    0.00    0.00    0.00    0.00    0.00    0.00    0.00  100.00
02:24:55 AM   13    1.00    0.00    1.00    0.00    0.00    0.00    0.00    0.00    0.00   98.00
02:24:55 AM   14    2.00    0.00    1.00    0.00    0.00    0.00    0.00    0.00    0.00   97.00
02:24:55 AM   15    0.00    0.00    1.01    0.00    0.00    0.00    0.00    0.00    0.00   98.99
02:24:55 AM   16    1.98    0.00    0.99    0.00    0.00    0.00    0.00    0.00    0.00   97.03
02:24:55 AM   17    1.01    0.00    1.01    0.00    0.00    0.00    0.00    0.00    0.00   97.98
02:24:55 AM   18   25.00    0.00   75.00    0.00    0.00    0.00    0.00    0.00    0.00    0.00
02:24:55 AM   19   22.68    0.00   73.20    0.00    0.00    0.00    0.00    0.00    0.00    4.12
02:24:55 AM   20    0.00    0.00    0.00    0.00    0.00    0.00    0.00    0.00    0.00  100.00
02:24:55 AM   21    1.00    0.00    0.00    0.00    0.00    0.00    0.00    0.00    0.00   99.00
02:24:55 AM   22    1.00    0.00    1.00    0.00    0.00    0.00    0.00    0.00    0.00   98.00
02:24:55 AM   23    2.00    0.00    0.00    0.00    0.00    0.00    0.00    0.00    0.00   98.00
02:24:55 AM   24    0.99    0.00    0.99    0.00    0.00    0.00    0.00    0.00    0.00   98.02
02:24:55 AM   25    1.01    0.00    0.00    0.00    0.00    0.00    0.00    0.00    0.00   98.99
02:24:55 AM   26    1.00    0.00    0.00    0.00    0.00    1.00    0.00    0.00    0.00   98.00
02:24:55 AM   27    1.98    0.00    0.99    0.00    0.00    0.00    0.00    0.00    0.00   97.03
02:24:55 AM   28    0.00    0.00    1.01    0.00    0.00    0.00    0.00    0.00    0.00   98.99
02:24:55 AM   29    0.00    0.00    0.00    0.00    0.00    0.00    0.00    0.00    0.00  100.00
02:24:55 AM   30    1.00    0.00    1.00    0.00    0.00    0.00    0.00    0.00    0.00   98.00
02:24:55 AM   31    1.01    0.00    0.00    0.00    0.00    0.00    0.00    0.00    0.00   98.99
02:24:55 AM   32    0.00    0.00    1.02    0.00    0.00    0.00    0.00    0.00    0.00   98.98
02:24:55 AM   33    1.01    0.00    0.00    0.00    0.00    0.00    0.00    0.00    0.00   98.99
02:24:55 AM   34    0.00    0.00    0.00    0.00    0.00    0.00    0.00    0.00    0.00  100.00
02:24:55 AM   35    0.00    0.00    1.01    0.00    0.00    0.00    0.00    0.00    0.00   98.99

02:24:55 AM  CPU    %usr   %nice    %sys %iowait    %irq   %soft  %steal  %guest  %gnice   %idle
02:24:56 AM  all    2.15    0.00    4.99    0.06    0.00    0.28    0.00    0.00    0.00   92.53
02:24:56 AM    0    1.89    0.00    0.00    0.00    0.00    9.43    0.00    0.00    0.00   88.68
02:24:56 AM    1    2.00    0.00    1.00    0.00    0.00    0.00    0.00    0.00    0.00   97.00
02:24:56 AM    2    1.01    0.00    1.01    0.00    0.00    0.00    0.00    0.00    0.00   97.98
02:24:56 AM    3    0.99    0.00    1.98    0.00    0.00    0.00    0.00    0.00    0.00   97.03
02:24:56 AM    4    2.02    0.00    8.08    0.00    0.00    0.00    0.00    0.00    0.00   89.90
02:24:56 AM    5    1.98    0.00    0.99    0.00    0.00    0.00    0.00    0.00    0.00   97.03
02:24:56 AM    6    2.97    0.00    0.99    0.00    0.00    0.00    0.00    0.00    0.00   96.04
02:24:56 AM    7    1.02    0.00    0.00    0.00    0.00    0.00    0.00    0.00    0.00   98.98
02:24:56 AM    8    4.95    0.00    2.97    0.99    0.00    0.00    0.00    0.00    0.00   91.09
02:24:56 AM    9    2.02    0.00    0.00    0.00    0.00    0.00    0.00    0.00    0.00   97.98
02:24:56 AM   10    0.00    0.00    0.00    0.00    0.00    0.00    0.00    0.00    0.00  100.00
02:24:56 AM   11    2.02    0.00    0.00    0.00    0.00    0.00    0.00    0.00    0.00   97.98
02:24:56 AM   12    1.00    0.00    1.00    0.00    0.00    0.00    0.00    0.00    0.00   98.00
02:24:56 AM   13    1.01    0.00    2.02    0.00    0.00    0.00    0.00    0.00    0.00   96.97
02:24:56 AM   14    0.00    0.00    0.00    1.01    0.00    0.00    0.00    0.00    0.00   98.99
02:24:56 AM   15    1.01    0.00    0.00    0.00    0.00    0.00    0.00    0.00    0.00   98.99
02:24:56 AM   16    1.02    0.00    0.00    0.00    0.00    0.00    0.00    0.00    0.00   98.98
02:24:56 AM   17    1.01    0.00    0.00    0.00    0.00    0.00    0.00    0.00    0.00   98.99
02:24:56 AM   18   20.00    0.00   80.00    0.00    0.00    0.00    0.00    0.00    0.00    0.00
02:24:56 AM   19   22.00    0.00   74.00    0.00    0.00    0.00    0.00    0.00    0.00    4.00
02:24:56 AM   20    1.00    0.00    0.00    0.00    0.00    0.00    0.00    0.00    0.00   99.00
02:24:56 AM   21    0.00    0.00    1.01    0.00    0.00    0.00    0.00    0.00    0.00   98.99
02:24:56 AM   22    1.00    0.00    0.00    0.00    0.00    0.00    0.00    0.00    0.00   99.00
02:24:56 AM   23    0.00    0.00    1.00    0.00    0.00    0.00    0.00    0.00    0.00   99.00
02:24:56 AM   24    1.00    0.00    0.00    0.00    0.00    0.00    0.00    0.00    0.00   99.00
02:24:56 AM   25    0.00    0.00    1.00    0.00    0.00    0.00    0.00    0.00    0.00   99.00
02:24:56 AM   26    0.00    0.00    1.00    0.00    0.00    0.00    0.00    0.00    0.00   99.00
02:24:56 AM   27    0.00    0.00    0.00    0.00    0.00    0.00    0.00    0.00    0.00  100.00
02:24:56 AM   28    0.00    0.00    0.00    0.00    0.00    0.00    0.00    0.00    0.00  100.00
02:24:56 AM   29    1.00    0.00    0.00    0.00    0.00    0.00    0.00    0.00    0.00   99.00
02:24:56 AM   30    1.00    0.00    0.00    0.00    0.00    0.00    0.00    0.00    0.00   99.00
02:24:56 AM   31    0.00    0.00    0.00    0.00    0.00    0.00    0.00    0.00    0.00  100.00
02:24:56 AM   32    0.00    0.00    0.00    0.00    0.00    0.00    0.00    0.00    0.00  100.00
02:24:56 AM   33    0.00    0.00    0.00    0.00    0.00    0.00    0.00    0.00    0.00  100.00
02:24:56 AM   34    1.00    0.00    1.00    0.00    0.00    0.00    0.00    0.00    0.00   98.00
02:24:56 AM   35    1.01    0.00    0.00    0.00    0.00    0.00    0.00    0.00    0.00   98.99

02:24:56 AM  CPU    %usr   %nice    %sys %iowait    %irq   %soft  %steal  %guest  %gnice   %idle
02:24:57 AM  all    1.76    0.00    4.42    0.03    0.00    0.22    0.00    0.00    0.00   93.57
02:24:57 AM    0    0.00    0.00    0.00    0.00    0.00    7.69    0.00    0.00    0.00   92.31
02:24:57 AM    1    0.00    0.00    1.01    0.00    0.00    0.00    0.00    0.00    0.00   98.99
02:24:57 AM    2    1.01    0.00    1.01    0.00    0.00    0.00    0.00    0.00    0.00   97.98
02:24:57 AM    3    0.00    0.00    0.00    1.02    0.00    0.00    0.00    0.00    0.00   98.98
02:24:57 AM    4    1.00    0.00    0.00    0.00    0.00    0.00    0.00    0.00    0.00   99.00
02:24:57 AM    5    0.00    0.00    0.00    0.00    0.00    0.00    0.00    0.00    0.00  100.00
02:24:57 AM    6    2.00    0.00    0.00    0.00    0.00    0.00    0.00    0.00    0.00   98.00
02:24:57 AM    7    1.01    0.00    0.00    0.00    0.00    0.00    0.00    0.00    0.00   98.99
02:24:57 AM    8    0.00    0.00    0.00    0.00    0.00    0.00    0.00    0.00    0.00  100.00
02:24:57 AM    9    0.00    0.00    0.00    0.00    0.00    0.00    0.00    0.00    0.00  100.00
02:24:57 AM   10    1.00    0.00    1.00    0.00    0.00    0.00    0.00    0.00    0.00   98.00
02:24:57 AM   11    1.00    0.00    0.00    0.00    0.00    0.00    0.00    0.00    0.00   99.00
02:24:57 AM   12    0.00    0.00    1.01    0.00    0.00    0.00    0.00    0.00    0.00   98.99
02:24:57 AM   13    2.00    0.00    0.00    0.00    0.00    0.00    0.00    0.00    0.00   98.00
02:24:57 AM   14    1.00    0.00    1.00    0.00    0.00    0.00    0.00    0.00    0.00   98.00
02:24:57 AM   15    1.01    0.00    1.01    0.00    0.00    0.00    0.00    0.00    0.00   97.98
02:24:57 AM   16    1.01    0.00    0.00    0.00    0.00    0.00    0.00    0.00    0.00   98.99
02:24:57 AM   17    0.00    0.00    0.00    0.00    0.00    0.00    0.00    0.00    0.00  100.00
02:24:57 AM   18   27.00    0.00   73.00    0.00    0.00    0.00    0.00    0.00    0.00    0.00
02:24:57 AM   19   19.00    0.00   77.00    0.00    0.00    0.00    0.00    0.00    0.00    4.00
02:24:57 AM   20    1.01    0.00    0.00    0.00    0.00    0.00    0.00    0.00    0.00   98.99
02:24:57 AM   21    1.00    0.00    0.00    0.00    0.00    0.00    0.00    0.00    0.00   99.00
02:24:57 AM   22    0.00    0.00    1.00    0.00    0.00    0.00    0.00    0.00    0.00   99.00
02:24:57 AM   23    0.00    0.00    0.00    0.00    0.00    0.00    0.00    0.00    0.00  100.00
02:24:57 AM   24    0.00    0.00    0.00    0.00    0.00    0.00    0.00    0.00    0.00  100.00
02:24:57 AM   25    0.00    0.00    0.00    0.00    0.00    0.00    0.00    0.00    0.00  100.00
02:24:57 AM   26    0.00    0.00    0.00    0.00    0.00    0.00    0.00    0.00    0.00  100.00
02:24:57 AM   27    0.00    0.00    0.00    0.00    0.00    0.00    0.00    0.00    0.00  100.00
02:24:57 AM   28    1.00    0.00    0.00    0.00    0.00    0.00    0.00    0.00    0.00   99.00
02:24:57 AM   29    0.00    0.00    0.00    0.00    0.00    0.00    0.00    0.00    0.00  100.00
02:24:57 AM   30    0.00    0.00    0.00    0.00    0.00    0.00    0.00    0.00    0.00  100.00
02:24:57 AM   31    1.00    0.00    0.00    0.00    0.00    0.00    0.00    0.00    0.00   99.00
02:24:57 AM   32    0.00    0.00    0.00    0.00    0.00    0.00    0.00    0.00    0.00  100.00
02:24:57 AM   33    0.99    0.00    0.99    0.00    0.00    0.00    0.00    0.00    0.00   98.02
02:24:57 AM   34    0.00    0.00    0.00    0.00    0.00    0.00    0.00    0.00    0.00  100.00
02:24:57 AM   35    0.00    0.00    0.00    0.00    0.00    0.00    0.00    0.00    0.00  100.00

02:24:57 AM  CPU    %usr   %nice    %sys %iowait    %irq   %soft  %steal  %guest  %gnice   %idle
02:24:58 AM  all    1.89    0.03    4.65    0.14    0.00    0.33    0.00    0.00    0.00   92.96
02:24:58 AM    0    0.93    0.00    0.93    0.93    0.00    8.41    0.00    0.00    0.00   88.79
02:24:58 AM    1    1.00    0.00    0.00    0.00    0.00    1.00    0.00    0.00    0.00   98.00
02:24:58 AM    2    1.00    1.00    0.00    0.00    0.00    0.00    0.00    0.00    0.00   98.00
02:24:58 AM    3    2.02    0.00    0.00    0.00    0.00    0.00    0.00    0.00    0.00   97.98
02:24:58 AM    4    3.03    0.00    6.06    0.00    0.00    0.00    0.00    0.00    0.00   90.91
02:24:58 AM    5    1.00    0.00    0.00    1.00    0.00    2.00    0.00    0.00    0.00   96.00
02:24:58 AM    6    1.00    0.00    0.00    1.00    0.00    0.00    0.00    0.00    0.00   98.00
02:24:58 AM    7    1.98    0.00    0.00    0.00    0.00    0.00    0.00    0.00    0.00   98.02
02:24:58 AM    8    0.99    0.00    0.99    0.99    0.00    0.00    0.00    0.00    0.00   97.03
02:24:58 AM    9    1.00    0.00    0.00    0.00    0.00    0.00    0.00    0.00    0.00   99.00
02:24:58 AM   10    2.00    0.00    0.00    0.00    0.00    0.00    0.00    0.00    0.00   98.00
02:24:58 AM   11    0.00    0.00    0.00    0.00    0.00    0.00    0.00    0.00    0.00  100.00
02:24:58 AM   12    1.00    0.00    0.00    0.00    0.00    0.00    0.00    0.00    0.00   99.00
02:24:58 AM   13    0.99    0.00    0.99    0.00    0.00    0.00    0.00    0.00    0.00   98.02
02:24:58 AM   14    0.99    0.00    0.99    0.00    0.00    0.00    0.00    0.00    0.00   98.02
02:24:58 AM   15    1.01    0.00    0.00    1.01    0.00    0.00    0.00    0.00    0.00   97.98
02:24:58 AM   16    0.00    0.00    0.00    0.00    0.00    0.00    0.00    0.00    0.00  100.00
02:24:58 AM   17    1.02    0.00    0.00    0.00    0.00    0.00    0.00    0.00    0.00   98.98
02:24:58 AM   18   23.00    0.00   77.00    0.00    0.00    0.00    0.00    0.00    0.00    0.00
02:24:58 AM   19   20.39    0.00   74.76    0.00    0.00    0.00    0.00    0.00    0.00    4.85
02:24:58 AM   20    0.00    0.00    0.00    0.00    0.00    0.00    0.00    0.00    0.00  100.00
02:24:58 AM   21    0.00    0.00    1.00    0.00    0.00    0.00    0.00    0.00    0.00   99.00
02:24:58 AM   22    0.00    0.00    0.00    0.00    0.00    0.00    0.00    0.00    0.00  100.00
02:24:58 AM   23    0.00    0.00    0.00    0.00    0.00    0.00    0.00    0.00    0.00  100.00
02:24:58 AM   24    1.00    0.00    0.00    0.00    0.00    0.00    0.00    0.00    0.00   99.00
02:24:58 AM   25    0.00    0.00    0.00    0.00    0.00    0.00    0.00    0.00    0.00  100.00
02:24:58 AM   26    0.00    0.00    0.00    0.00    0.00    0.00    0.00    0.00    0.00  100.00
02:24:58 AM   27    0.00    0.00    0.00    0.00    0.00    0.00    0.00    0.00    0.00  100.00
02:24:58 AM   28    0.00    0.00    0.00    0.00    0.00    0.00    0.00    0.00    0.00  100.00
02:24:58 AM   29    0.00    0.00    1.01    0.00    0.00    0.00    0.00    0.00    0.00   98.99
02:24:58 AM   30    0.99    0.00    0.99    0.00    0.00    0.00    0.00    0.00    0.00   98.02
02:24:58 AM   31    0.00    0.00    0.00    0.00    0.00    0.00    0.00    0.00    0.00  100.00
02:24:58 AM   32    1.00    0.00    0.00    0.00    0.00    0.00    0.00    0.00    0.00   99.00
02:24:58 AM   33    0.00    0.00    0.00    0.00    0.00    0.00    0.00    0.00    0.00  100.00
02:24:58 AM   34    0.00    0.00    0.00    0.00    0.00    0.00    0.00    0.00    0.00  100.00
02:24:58 AM   35    0.00    0.00    0.00    0.00    0.00    0.00    0.00    0.00    0.00  100.00

02:24:58 AM  CPU    %usr   %nice    %sys %iowait    %irq   %soft  %steal  %guest  %gnice   %idle
02:24:59 AM  all    1.79    0.00    4.42    0.00    0.00    0.25    0.00    0.00    0.00   93.54
02:24:59 AM    0    1.90    0.00    0.00    0.00    0.00    7.62    0.00    0.00    0.00   90.48
02:24:59 AM    1    1.00    0.00    0.00    0.00    0.00    1.00    0.00    0.00    0.00   98.00
02:24:59 AM    2    1.00    0.00    1.00    0.00    0.00    0.00    0.00    0.00    0.00   98.00
02:24:59 AM    3    0.00    0.00    0.00    0.00    0.00    0.00    0.00    0.00    0.00  100.00
02:24:59 AM    4    3.03    0.00    6.06    0.00    0.00    0.00    0.00    0.00    0.00   90.91
02:24:59 AM    5    1.98    0.00    0.99    0.00    0.00    0.00    0.00    0.00    0.00   97.03
02:24:59 AM    6    1.01    0.00    0.00    0.00    0.00    0.00    0.00    0.00    0.00   98.99
02:24:59 AM    7    0.00    0.00    0.00    0.00    0.00    0.00    0.00    0.00    0.00  100.00
02:24:59 AM    8    1.02    0.00    0.00    0.00    0.00    0.00    0.00    0.00    0.00   98.98
02:24:59 AM    9    1.01    0.00    0.00    0.00    0.00    0.00    0.00    0.00    0.00   98.99
02:24:59 AM   10    1.00    0.00    0.00    0.00    0.00    0.00    0.00    0.00    0.00   99.00
02:24:59 AM   11    0.00    0.00    1.01    0.00    0.00    0.00    0.00    0.00    0.00   98.99
02:24:59 AM   12    1.00    0.00    1.00    0.00    0.00    0.00    0.00    0.00    0.00   98.00
02:24:59 AM   13    0.00    0.00    1.02    0.00    0.00    0.00    0.00    0.00    0.00   98.98
02:24:59 AM   14    0.00    0.00    0.00    0.00    0.00    0.00    0.00    0.00    0.00  100.00
02:24:59 AM   15    0.00    0.00    0.00    0.00    0.00    0.00    0.00    0.00    0.00  100.00
02:24:59 AM   16    1.00    0.00    0.00    0.00    0.00    0.00    0.00    0.00    0.00   99.00
02:24:59 AM   17    0.00    0.00    1.00    0.00    0.00    0.00    0.00    0.00    0.00   99.00
02:24:59 AM   18   25.00    0.00   75.00    0.00    0.00    0.00    0.00    0.00    0.00    0.00
02:24:59 AM   19   22.92    0.00   72.92    0.00    0.00    0.00    0.00    0.00    0.00    4.17
02:24:59 AM   20    0.00    0.00    1.00    0.00    0.00    0.00    0.00    0.00    0.00   99.00
02:24:59 AM   21    0.00    0.00    0.00    0.00    0.00    0.00    0.00    0.00    0.00  100.00
02:24:59 AM   22    1.00    0.00    0.00    0.00    0.00    0.00    0.00    0.00    0.00   99.00
02:24:59 AM   23    0.00    0.00    0.00    0.00    0.00    0.00    0.00    0.00    0.00  100.00
02:24:59 AM   24    0.00    0.00    0.00    0.00    0.00    0.00    0.00    0.00    0.00  100.00
02:24:59 AM   25    0.00    0.00    0.00    0.00    0.00    0.00    0.00    0.00    0.00  100.00
02:24:59 AM   26    0.00    0.00    0.00    0.00    0.00    0.00    0.00    0.00    0.00  100.00
02:24:59 AM   27    0.00    0.00    0.00    0.00    0.00    0.00    0.00    0.00    0.00  100.00
02:24:59 AM   28    1.00    0.00    0.00    0.00    0.00    0.00    0.00    0.00    0.00   99.00
02:24:59 AM   29    0.00    0.00    0.00    0.00    0.00    0.00    0.00    0.00    0.00  100.00
02:24:59 AM   30    0.00    0.00    0.00    0.00    0.00    0.00    0.00    0.00    0.00  100.00
02:24:59 AM   31    0.00    0.00    0.00    0.00    0.00    0.00    0.00    0.00    0.00  100.00
02:24:59 AM   32    0.00    0.00    0.00    0.00    0.00    0.00    0.00    0.00    0.00  100.00
02:24:59 AM   33    0.00    0.00    0.00    0.00    0.00    0.00    0.00    0.00    0.00  100.00
02:24:59 AM   34    0.00    0.00    0.00    0.00    0.00    0.00    0.00    0.00    0.00  100.00
02:24:59 AM   35    0.00    0.00    0.00    0.00    0.00    0.00    0.00    0.00    0.00  100.00

02:24:59 AM  CPU    %usr   %nice    %sys %iowait    %irq   %soft  %steal  %guest  %gnice   %idle
02:25:00 AM  all    2.01    0.00    4.43    0.06    0.00    0.42    0.00    0.00    0.00   93.09
02:25:00 AM    0    0.93    0.00    0.93    0.00    0.00    9.35    0.00    0.00    0.00   88.79
02:25:00 AM    1    1.00    0.00    0.00    0.00    0.00    1.00    0.00    0.00    0.00   98.00
02:25:00 AM    2    1.00    0.00    0.00    0.00    0.00    2.00    0.00    0.00    0.00   97.00
02:25:00 AM    3    3.00    0.00    2.00    0.00    0.00    0.00    0.00    0.00    0.00   95.00
02:25:00 AM    4    1.00    0.00    0.00    0.00    0.00    0.00    0.00    0.00    0.00   99.00
02:25:00 AM    5    2.94    0.00    1.96    0.00    0.00    0.98    0.00    0.00    0.00   94.12
02:25:00 AM    6    0.00    0.00    0.00    0.00    0.00    0.00    0.00    0.00    0.00  100.00
02:25:00 AM    7    0.00    0.00    1.01    0.00    0.00    0.00    0.00    0.00    0.00   98.99
02:25:00 AM    8    0.00    0.00    0.00    0.00    0.00    0.00    0.00    0.00    0.00  100.00
02:25:00 AM    9    0.00    0.00    0.00    0.00    0.00    1.02    0.00    0.00    0.00   98.98
02:25:00 AM   10    0.00    0.00    1.02    0.00    0.00    0.00    0.00    0.00    0.00   98.98
02:25:00 AM   11    1.01    0.00    0.00    1.01    0.00    0.00    0.00    0.00    0.00   97.98
02:25:00 AM   12    1.01    0.00    0.00    0.00    0.00    0.00    0.00    0.00    0.00   98.99
02:25:00 AM   13    1.02    0.00    0.00    0.00    0.00    0.00    0.00    0.00    0.00   98.98
02:25:00 AM   14    1.01    0.00    1.01    0.00    0.00    0.00    0.00    0.00    0.00   97.98
02:25:00 AM   15    0.00    0.00    0.00    1.01    0.00    0.00    0.00    0.00    0.00   98.99
02:25:00 AM   16    1.00    0.00    1.00    0.00    0.00    0.00    0.00    0.00    0.00   98.00
02:25:00 AM   17    0.00    0.00    1.00    0.00    0.00    0.00    0.00    0.00    0.00   99.00
02:25:00 AM   18   25.00    0.00   75.00    0.00    0.00    0.00    0.00    0.00    0.00    0.00
02:25:00 AM   19   25.74    0.00   69.31    0.00    0.00    0.00    0.00    0.00    0.00    4.95
02:25:00 AM   20    1.00    0.00    0.00    0.00    0.00    0.00    0.00    0.00    0.00   99.00
02:25:00 AM   21    0.00    0.00    0.00    0.00    0.00    0.00    0.00    0.00    0.00  100.00
02:25:00 AM   22    0.00    0.00    1.00    0.00    0.00    0.00    0.00    0.00    0.00   99.00
02:25:00 AM   23    1.00    0.00    1.00    0.00    0.00    0.00    0.00    0.00    0.00   98.00
02:25:00 AM   24    0.00    0.00    0.00    0.00    0.00    0.00    0.00    0.00    0.00  100.00
02:25:00 AM   25    0.00    0.00    0.00    0.00    0.00    0.00    0.00    0.00    0.00  100.00
02:25:00 AM   26    1.00    0.00    0.00    0.00    0.00    0.00    0.00    0.00    0.00   99.00
02:25:00 AM   27    0.00    0.00    0.00    0.00    0.00    0.00    0.00    0.00    0.00  100.00
02:25:00 AM   28    1.00    0.00    1.00    0.00    0.00    0.00    0.00    0.00    0.00   98.00
02:25:00 AM   29    1.00    0.00    0.00    0.00    0.00    0.00    0.00    0.00    0.00   99.00
02:25:00 AM   30    0.00    0.00    0.00    0.00    0.00    0.00    0.00    0.00    0.00  100.00
02:25:00 AM   31    0.00    0.00    0.00    0.00    0.00    0.00    0.00    0.00    0.00  100.00
02:25:00 AM   32    0.00    0.00    1.00    0.00    0.00    0.00    0.00    0.00    0.00   99.00
02:25:00 AM   33    0.00    0.00    0.00    0.00    0.00    0.00    0.00    0.00    0.00  100.00
02:25:00 AM   34    0.99    0.00    0.00    0.00    0.00    0.00    0.00    0.00    0.00   99.01
02:25:00 AM   35    0.00    0.00    0.00    0.00    0.00    0.00    0.00    0.00    0.00  100.00

02:25:00 AM  CPU    %usr   %nice    %sys %iowait    %irq   %soft  %steal  %guest  %gnice   %idle
02:25:01 AM  all    1.82    0.00    4.70    0.03    0.00    0.36    0.00    0.00    0.00   93.09
02:25:01 AM    0    0.00    0.00    0.00    0.00    0.00   11.21    0.00    0.00    0.00   88.79
02:25:01 AM    1    0.99    0.00    0.00    0.00    0.00    0.99    0.00    0.00    0.00   98.02
02:25:01 AM    2    0.00    0.00    0.00    0.00    0.00    0.00    0.00    0.00    0.00  100.00
02:25:01 AM    3    1.01    0.00    0.00    0.00    0.00    0.00    0.00    0.00    0.00   98.99
02:25:01 AM    4    3.00    0.00    7.00    0.00    0.00    0.00    0.00    0.00    0.00   90.00
02:25:01 AM    5    1.01    0.00    1.01    0.00    0.00    0.00    0.00    0.00    0.00   97.98
02:25:01 AM    6    1.02    0.00    0.00    0.00    0.00    0.00    0.00    0.00    0.00   98.98
02:25:01 AM    7    1.01    0.00    0.00    0.00    0.00    0.00    0.00    0.00    0.00   98.99
02:25:01 AM    8    1.00    0.00    1.00    0.00    0.00    0.00    0.00    0.00    0.00   98.00
02:25:01 AM    9    1.01    0.00    0.00    0.00    0.00    0.00    0.00    0.00    0.00   98.99
02:25:01 AM   10    1.98    0.00    0.99    0.00    0.00    0.00    0.00    0.00    0.00   97.03
02:25:01 AM   11    0.00    0.00    0.00    0.00    0.00    0.00    0.00    0.00    0.00  100.00
02:25:01 AM   12    1.02    0.00    0.00    0.00    0.00    0.00    0.00    0.00    0.00   98.98
02:25:01 AM   13    1.01    0.00    0.00    0.00    0.00    0.00    0.00    0.00    0.00   98.99
02:25:01 AM   14    0.00    0.00    0.00    0.00    0.00    0.00    0.00    0.00    0.00  100.00
02:25:01 AM   15    1.01    0.00    1.01    0.00    0.00    0.00    0.00    0.00    0.00   97.98
02:25:01 AM   16    0.00    0.00    0.00    0.00    0.00    0.00    0.00    0.00    0.00  100.00
02:25:01 AM   17    1.00    0.00    0.00    1.00    0.00    0.00    0.00    0.00    0.00   98.00
02:25:01 AM   18   25.00    0.00   75.00    0.00    0.00    0.00    0.00    0.00    0.00    0.00
02:25:01 AM   19   18.37    0.00   78.57    0.00    0.00    0.00    0.00    0.00    0.00    3.06
02:25:01 AM   20    0.00    0.00    0.00    0.00    0.00    0.00    0.00    0.00    0.00  100.00
02:25:01 AM   21    0.00    0.00    0.00    0.00    0.00    0.00    0.00    0.00    0.00  100.00
02:25:01 AM   22    0.00    0.00    0.00    0.00    0.00    0.00    0.00    0.00    0.00  100.00
02:25:01 AM   23    0.00    0.00    0.00    0.00    0.00    0.00    0.00    0.00    0.00  100.00
02:25:01 AM   24    0.00    0.00    1.00    0.00    0.00    0.00    0.00    0.00    0.00   99.00
02:25:01 AM   25    0.00    0.00    0.00    0.00    0.00    0.00    0.00    0.00    0.00  100.00
02:25:01 AM   26    0.00    0.00    0.00    0.00    0.00    0.00    0.00    0.00    0.00  100.00
02:25:01 AM   27    1.00    0.00    1.00    0.00    0.00    0.00    0.00    0.00    0.00   98.00
02:25:01 AM   28    1.00    0.00    0.00    0.00    0.00    0.00    0.00    0.00    0.00   99.00
02:25:01 AM   29    0.00    0.00    1.01    0.00    0.00    0.00    0.00    0.00    0.00   98.99
02:25:01 AM   30    1.98    0.00    0.99    0.00    0.00    0.00    0.00    0.00    0.00   97.03
02:25:01 AM   31    0.00    0.00    0.00    0.00    0.00    0.00    0.00    0.00    0.00  100.00
02:25:01 AM   32    0.00    0.00    0.00    0.00    0.00    0.00    0.00    0.00    0.00  100.00
02:25:01 AM   33    1.00    0.00    1.00    0.00    0.00    0.00    0.00    0.00    0.00   98.00
02:25:01 AM   34    1.01    0.00    0.00    0.00    0.00    0.00    0.00    0.00    0.00   98.99
02:25:01 AM   35    0.00    0.00    0.00    0.00    0.00    0.00    0.00    0.00    0.00  100.00

02:25:01 AM  CPU    %usr   %nice    %sys %iowait    %irq   %soft  %steal  %guest  %gnice   %idle
02:25:02 AM  all    1.92    0.03    5.04    0.03    0.00    0.31    0.00    0.00    0.00   92.67
02:25:02 AM    0    0.94    0.00    0.94    0.00    0.00    8.49    0.00    0.00    0.00   89.62
02:25:02 AM    1    0.00    0.00    1.00    0.00    0.00    1.00    0.00    0.00    0.00   98.00
02:25:02 AM    2    1.94    0.97    0.97    0.00    0.00    0.00    0.00    0.00    0.00   96.12
02:25:02 AM    3    1.00    0.00    0.00    0.00    0.00    0.00    0.00    0.00    0.00   99.00
02:25:02 AM    4    2.02    0.00    7.07    0.00    0.00    0.00    0.00    0.00    0.00   90.91
02:25:02 AM    5    1.00    0.00    1.00    0.00    0.00    0.00    0.00    0.00    0.00   98.00
02:25:02 AM    6    3.03    0.00    0.00    0.00    0.00    0.00    0.00    0.00    0.00   96.97
02:25:02 AM    7    2.02    0.00    0.00    0.00    0.00    0.00    0.00    0.00    0.00   97.98
02:25:02 AM    8    1.01    0.00    0.00    0.00    0.00    0.00    0.00    0.00    0.00   98.99
02:25:02 AM    9    0.00    0.00    1.00    0.00    0.00    0.00    0.00    0.00    0.00   99.00
02:25:02 AM   10    1.01    0.00    0.00    0.00    0.00    0.00    0.00    0.00    0.00   98.99
02:25:02 AM   11    1.01    0.00    0.00    0.00    0.00    0.00    0.00    0.00    0.00   98.99
02:25:02 AM   12    1.00    0.00    1.00    0.00    0.00    0.00    0.00    0.00    0.00   98.00
02:25:02 AM   13    1.01    0.00    0.00    0.00    0.00    0.00    0.00    0.00    0.00   98.99
02:25:02 AM   14    1.02    0.00    0.00    0.00    0.00    0.00    0.00    0.00    0.00   98.98
02:25:02 AM   15    2.00    0.00    2.00    0.00    0.00    0.00    0.00    0.00    0.00   96.00
02:25:02 AM   16    2.00    0.00    1.00    0.00    0.00    0.00    0.00    0.00    0.00   97.00
02:25:02 AM   17    1.03    0.00    2.06    0.00    0.00    0.00    0.00    0.00    0.00   96.91
02:25:02 AM   18   19.00    0.00   81.00    0.00    0.00    0.00    0.00    0.00    0.00    0.00
02:25:02 AM   19   18.00    0.00   78.00    0.00    0.00    0.00    0.00    0.00    0.00    4.00
02:25:02 AM   20    1.01    0.00    0.00    0.00    0.00    0.00    0.00    0.00    0.00   98.99
02:25:02 AM   21    2.00    0.00    0.00    0.00    0.00    0.00    0.00    0.00    0.00   98.00
02:25:02 AM   22    1.02    0.00    0.00    0.00    0.00    0.00    0.00    0.00    0.00   98.98
02:25:02 AM   23    0.00    0.00    0.00    0.00    0.00    0.00    0.00    0.00    0.00  100.00
02:25:02 AM   24    0.00    0.00    0.00    0.00    0.00    0.00    0.00    0.00    0.00  100.00
02:25:02 AM   25    0.00    0.00    0.00    1.02    0.00    0.00    0.00    0.00    0.00   98.98
02:25:02 AM   26    1.98    0.00    0.00    0.00    0.00    0.00    0.00    0.00    0.00   98.02
02:25:02 AM   27    1.00    0.00    0.00    0.00    0.00    0.00    0.00    0.00    0.00   99.00
02:25:02 AM   28    0.00    0.00    1.00    0.00    0.00    0.00    0.00    0.00    0.00   99.00
02:25:02 AM   29    0.00    0.00    0.00    0.00    0.00    0.00    0.00    0.00    0.00  100.00
02:25:02 AM   30    0.00    0.00    1.00    0.00    0.00    0.00    0.00    0.00    0.00   99.00
02:25:02 AM   31    0.00    0.00    0.00    0.00    0.00    0.00    0.00    0.00    0.00  100.00
02:25:02 AM   32    0.99    0.00    0.99    0.00    0.00    0.00    0.00    0.00    0.00   98.02
02:25:02 AM   33    0.99    0.00    0.99    0.00    0.00    0.00    0.00    0.00    0.00   98.02
02:25:02 AM   34    0.00    0.00    0.00    0.00    0.00    0.00    0.00    0.00    0.00  100.00
02:25:02 AM   35    0.00    0.00    0.00    0.00    0.00    1.01    0.00    0.00    0.00   98.99

02:25:02 AM  CPU    %usr   %nice    %sys %iowait    %irq   %soft  %steal  %guest  %gnice   %idle
02:25:03 AM  all    2.18    0.00    4.43    0.08    0.00    0.20    0.00    0.00    0.00   93.11
02:25:03 AM    0    2.00    0.00    0.00    0.00    0.00    4.00    0.00    0.00    0.00   94.00
02:25:03 AM    1    3.00    0.00    0.00    1.00    0.00    1.00    0.00    0.00    0.00   95.00
02:25:03 AM    2    1.02    0.00    0.00    0.00    0.00    1.02    0.00    0.00    0.00   97.96
02:25:03 AM    3    2.06    0.00    0.00    0.00    0.00    0.00    0.00    0.00    0.00   97.94
02:25:03 AM    4    1.01    0.00    0.00    0.00    0.00    0.00    0.00    0.00    0.00   98.99
02:25:03 AM    5    2.02    0.00    0.00    0.00    0.00    0.00    0.00    0.00    0.00   97.98
02:25:03 AM    6    3.92    0.00    0.00    0.98    0.00    0.00    0.00    0.00    0.00   95.10
02:25:03 AM    7    3.00    0.00    1.00    0.00    0.00    0.00    0.00    0.00    0.00   96.00
02:25:03 AM    8    1.98    0.00    0.00    0.99    0.00    0.00    0.00    0.00    0.00   97.03
02:25:03 AM    9    1.02    0.00    0.00    0.00    0.00    0.00    0.00    0.00    0.00   98.98
02:25:03 AM   10    1.02    0.00    0.00    0.00    0.00    0.00    0.00    0.00    0.00   98.98
02:25:03 AM   11    1.00    0.00    1.00    0.00    0.00    0.00    0.00    0.00    0.00   98.00
02:25:03 AM   12    1.00    0.00    1.00    0.00    0.00    0.00    0.00    0.00    0.00   98.00
02:25:03 AM   13    1.00    0.00    1.00    0.00    0.00    1.00    0.00    0.00    0.00   97.00
02:25:03 AM   14    0.00    0.00    0.00    0.00    0.00    0.00    0.00    0.00    0.00  100.00
02:25:03 AM   15    1.02    0.00    0.00    0.00    0.00    0.00    0.00    0.00    0.00   98.98
02:25:03 AM   16    2.04    0.00    1.02    0.00    0.00    0.00    0.00    0.00    0.00   96.94
02:25:03 AM   17    2.02    0.00    0.00    0.00    0.00    0.00    0.00    0.00    0.00   97.98
02:25:03 AM   18   26.00    0.00   74.00    0.00    0.00    0.00    0.00    0.00    0.00    0.00
02:25:03 AM   19   18.00    0.00   78.00    0.00    0.00    0.00    0.00    0.00    0.00    4.00
02:25:03 AM   20    1.00    0.00    0.00    0.00    0.00    0.00    0.00    0.00    0.00   99.00
02:25:03 AM   21    0.00    0.00    0.00    0.00    0.00    0.00    0.00    0.00    0.00  100.00
02:25:03 AM   22    1.01    0.00    0.00    0.00    0.00    0.00    0.00    0.00    0.00   98.99
02:25:03 AM   23    1.00    0.00    1.00    0.00    0.00    0.00    0.00    0.00    0.00   98.00
02:25:03 AM   24    0.00    0.00    0.00    0.00    0.00    0.00    0.00    0.00    0.00  100.00
02:25:03 AM   25    1.00    0.00    0.00    0.00    0.00    0.00    0.00    0.00    0.00   99.00
02:25:03 AM   26    0.00    0.00    0.00    0.00    0.00    0.00    0.00    0.00    0.00  100.00
02:25:03 AM   27    0.00    0.00    0.00    0.00    0.00    0.00    0.00    0.00    0.00  100.00
02:25:03 AM   28    0.00    0.00    0.00    0.00    0.00    0.00    0.00    0.00    0.00  100.00
02:25:03 AM   29    0.00    0.00    0.00    0.00    0.00    0.00    0.00    0.00    0.00  100.00
02:25:03 AM   30    0.00    0.00    0.00    0.00    0.00    0.00    0.00    0.00    0.00  100.00
02:25:03 AM   31    0.00    0.00    0.00    0.00    0.00    0.00    0.00    0.00    0.00  100.00
02:25:03 AM   32    0.00    0.00    0.00    0.00    0.00    0.00    0.00    0.00    0.00  100.00
02:25:03 AM   33    0.00    0.00    0.00    0.00    0.00    0.00    0.00    0.00    0.00  100.00
02:25:03 AM   34    0.00    0.00    0.00    0.00    0.00    0.00    0.00    0.00    0.00  100.00
02:25:03 AM   35    0.00    0.00    0.00    0.00    0.00    0.00    0.00    0.00    0.00  100.00

Average:     CPU    %usr   %nice    %sys %iowait    %irq   %soft  %steal  %guest  %gnice   %idle
Average:     all    1.92    0.01    4.39    0.05    0.00    0.27    0.00    0.00    0.00   93.36
Average:       0    1.15    0.00    0.29    0.10    0.00    7.65    0.00    0.00    0.00   90.82
Average:       1    1.10    0.00    0.40    0.10    0.00    0.60    0.00    0.00    0.00   97.80
Average:       2    1.31    0.20    0.50    0.00    0.00    0.30    0.00    0.00    0.00   97.69
Average:       3    1.21    0.00    0.40    0.10    0.00    0.10    0.00    0.00    0.00   98.18
Average:       4    1.91    0.00    4.23    0.00    0.00    0.00    0.00    0.00    0.00   93.86
Average:       5    1.40    0.00    0.60    0.10    0.00    0.30    0.00    0.00    0.00   97.60
Average:       6    1.91    0.00    0.10    0.20    0.00    0.10    0.00    0.00    0.00   97.69
Average:       7    1.11    0.00    0.30    0.00    0.00    0.00    0.00    0.00    0.00   98.59
Average:       8    1.21    0.00    0.60    0.30    0.00    0.00    0.00    0.00    0.00   97.89
Average:       9    0.91    0.00    0.20    0.10    0.00    0.10    0.00    0.00    0.00   98.69
Average:      10    1.11    0.00    0.50    0.10    0.00    0.00    0.00    0.00    0.00   98.29
Average:      11    0.61    0.00    0.30    0.20    0.00    0.00    0.00    0.00    0.00   98.89
Average:      12    0.70    0.00    0.50    0.00    0.00    0.00    0.00    0.00    0.00   98.79
Average:      13    1.11    0.00    0.60    0.00    0.00    0.10    0.00    0.00    0.00   98.19
Average:      14    0.61    0.00    0.40    0.10    0.00    0.00    0.00    0.00    0.00   98.89
Average:      15    0.71    0.00    0.61    0.20    0.00    0.00    0.00    0.00    0.00   98.48
Average:      16    1.11    0.00    0.40    0.00    0.00    0.00    0.00    0.00    0.00   98.48
Average:      17    0.81    0.00    0.51    0.10    0.00    0.00    0.00    0.00    0.00   98.58
Average:      18   22.59    0.00   71.89    0.00    0.00    0.00    0.00    0.00    0.00    5.52
Average:      19   19.35    0.00   71.07    0.00    0.00    0.00    0.00    0.00    0.00    9.58
Average:      20    0.60    0.00    0.10    0.00    0.00    0.00    0.00    0.00    0.00   99.30
Average:      21    0.50    0.00    0.20    0.00    0.00    0.00    0.00    0.00    0.00   99.30
Average:      22    0.70    0.00    0.30    0.00    0.00    0.00    0.00    0.00    0.00   98.99
Average:      23    0.50    0.00    0.50    0.00    0.00    0.00    0.00    0.00    0.00   99.00
Average:      24    0.40    0.00    0.20    0.00    0.00    0.00    0.00    0.00    0.00   99.40
Average:      25    0.40    0.00    0.10    0.10    0.00    0.00    0.00    0.00    0.00   99.40
Average:      26    0.40    0.00    0.10    0.00    0.00    0.10    0.00    0.00    0.00   99.40
Average:      27    0.40    0.00    0.20    0.00    0.00    0.00    0.00    0.00    0.00   99.40
Average:      28    0.50    0.00    0.30    0.00    0.00    0.00    0.00    0.00    0.00   99.20
Average:      29    0.30    0.00    0.20    0.00    0.00    0.00    0.00    0.00    0.00   99.49
Average:      30    0.60    0.00    0.40    0.00    0.00    0.00    0.00    0.00    0.00   99.00
Average:      31    0.61    0.00    0.00    0.00    0.00    0.00    0.00    0.00    0.00   99.39
Average:      32    0.30    0.00    0.40    0.00    0.00    0.00    0.00    0.00    0.00   99.30
Average:      33    0.40    0.00    0.30    0.00    0.00    0.00    0.00    0.00    0.00   99.29
Average:      34    0.30    0.00    0.20    0.00    0.00    0.00    0.00    0.00    0.00   99.50
Average:      35    0.20    0.00    0.10    0.00    0.00    0.10    0.00    0.00    0.00   99.60
