Linux 5.15.0-186-generic (rapids4) 	07/28/2026 	_x86_64_	(36 CPU)

02:23:57 AM  CPU    %usr   %nice    %sys %iowait    %irq   %soft  %steal  %guest  %gnice   %idle
02:23:58 AM  all    1.65    0.03    2.82    0.03    0.00    1.39    0.00    0.00    0.00   94.09
02:23:58 AM    0    0.00    0.00    0.00    0.00    0.00    5.88    0.00    0.00    0.00   94.12
02:23:58 AM    1    0.00    0.00    1.00    0.00    0.00    0.00    0.00    0.00    0.00   99.00
02:23:58 AM    2    1.98    0.00    0.99    0.00    0.00    0.00    0.00    0.00    0.00   97.03
02:23:58 AM    3    1.00    0.00    1.00    0.00    0.00    0.00    0.00    0.00    0.00   98.00
02:23:58 AM    4    2.02    0.00    7.07    0.00    0.00    0.00    0.00    0.00    0.00   90.91
02:23:58 AM    5    1.01    0.00    1.01    0.00    0.00    0.00    0.00    0.00    0.00   97.98
02:23:58 AM    6    0.00    0.00    1.01    0.00    0.00    0.00    0.00    0.00    0.00   98.99
02:23:58 AM    7    1.98    0.00    0.99    0.00    0.00    0.00    0.00    0.00    0.00   97.03
02:23:58 AM    8    1.00    0.00    1.00    0.00    0.00    0.00    0.00    0.00    0.00   98.00
02:23:58 AM    9    1.01    0.00    0.00    0.00    0.00    0.00    0.00    0.00    0.00   98.99
02:23:58 AM   10    0.00    1.00    1.00    0.00    0.00    0.00    0.00    0.00    0.00   98.00
02:23:58 AM   11    1.01    0.00    0.00    0.00    0.00    0.00    0.00    0.00    0.00   98.99
02:23:58 AM   12    1.01    0.00    0.00    0.00    0.00    0.00    0.00    0.00    0.00   98.99
02:23:58 AM   13    0.00    0.00    0.00    0.00    0.00    0.00    0.00    0.00    0.00  100.00
02:23:58 AM   14    0.00    0.00    1.01    0.00    0.00    0.00    0.00    0.00    0.00   98.99
02:23:58 AM   15    0.00    0.00    1.02    0.00    0.00    0.00    0.00    0.00    0.00   98.98
02:23:58 AM   16    1.00    0.00    1.00    0.00    0.00    0.00    0.00    0.00    0.00   98.00
02:23:58 AM   17    0.00    0.00    0.00    0.00    0.00    0.00    0.00    0.00    0.00  100.00
02:23:58 AM   18    1.00    0.00    0.00    0.00    0.00    0.00    0.00    0.00    0.00   99.00
02:23:58 AM   19    1.00    0.00    1.00    0.00    0.00    0.00    0.00    0.00    0.00   98.00
02:23:58 AM   20    2.97    0.00    1.98    0.00    0.00    0.00    0.00    0.00    0.00   95.05
02:23:58 AM   21    0.00    0.00    0.00    0.00    0.00    0.00    0.00    0.00    0.00  100.00
02:23:58 AM   22   17.17    0.00   44.44    0.00    0.00   23.23    0.00    0.00    0.00   15.15
02:23:58 AM   23   16.33    0.00   32.65    0.00    0.00   21.43    0.00    0.00    0.00   29.59
02:23:58 AM   24    1.00    0.00    1.00    0.00    0.00    0.00    0.00    0.00    0.00   98.00
02:23:58 AM   25    1.00    0.00    1.00    0.00    0.00    0.00    0.00    0.00    0.00   98.00
02:23:58 AM   26    1.00    0.00    0.00    1.00    0.00    0.00    0.00    0.00    0.00   98.00
02:23:58 AM   27    0.00    0.00    1.01    0.00    0.00    0.00    0.00    0.00    0.00   98.99
02:23:58 AM   28    1.00    0.00    0.00    0.00    0.00    0.00    0.00    0.00    0.00   99.00
02:23:58 AM   29    1.00    0.00    0.00    0.00    0.00    0.00    0.00    0.00    0.00   99.00
02:23:58 AM   30    1.00    0.00    0.00    0.00    0.00    0.00    0.00    0.00    0.00   99.00
02:23:58 AM   31    0.00    0.00    0.00    0.00    0.00    0.00    0.00    0.00    0.00  100.00
02:23:58 AM   32    0.00    0.00    1.00    0.00    0.00    0.00    0.00    0.00    0.00   99.00
02:23:58 AM   33    1.00    0.00    0.00    0.00    0.00    0.00    0.00    0.00    0.00   99.00
02:23:58 AM   34    1.01    0.00    0.00    0.00    0.00    0.00    0.00    0.00    0.00   98.99
02:23:58 AM   35    0.00    0.00    0.00    0.00    0.00    0.00    0.00    0.00    0.00  100.00

02:23:58 AM  CPU    %usr   %nice    %sys %iowait    %irq   %soft  %steal  %guest  %gnice   %idle
02:23:59 AM  all    1.98    0.03    2.93    0.03    0.00    1.62    0.00    0.00    0.00   93.41
02:23:59 AM    0    1.92    0.00    0.00    0.00    0.00    6.73    0.00    0.00    0.00   91.35
02:23:59 AM    1    0.98    0.98    0.98    0.00    0.00    0.98    0.00    0.00    0.00   96.08
02:23:59 AM    2    1.01    0.00    0.00    0.00    0.00    0.00    0.00    0.00    0.00   98.99
02:23:59 AM    3    0.00    0.00    0.00    0.00    0.00    0.00    0.00    0.00    0.00  100.00
02:23:59 AM    4    1.00    0.00    0.00    0.00    0.00    0.00    0.00    0.00    0.00   99.00
02:23:59 AM    5    2.00    0.00    0.00    0.00    0.00    0.00    0.00    0.00    0.00   98.00
02:23:59 AM    6    1.01    0.00    0.00    0.00    0.00    0.00    0.00    0.00    0.00   98.99
02:23:59 AM    7    1.01    0.00    0.00    1.01    0.00    0.00    0.00    0.00    0.00   97.98
02:23:59 AM    8    2.00    0.00    0.00    0.00    0.00    0.00    0.00    0.00    0.00   98.00
02:23:59 AM    9    0.00    0.00    1.01    0.00    0.00    0.00    0.00    0.00    0.00   98.99
02:23:59 AM   10    1.01    0.00    0.00    0.00    0.00    0.00    0.00    0.00    0.00   98.99
02:23:59 AM   11    1.00    0.00    1.00    0.00    0.00    0.00    0.00    0.00    0.00   98.00
02:23:59 AM   12    0.00    0.00    1.01    0.00    0.00    0.00    0.00    0.00    0.00   98.99
02:23:59 AM   13    0.99    0.00    0.99    0.00    0.00    0.00    0.00    0.00    0.00   98.02
02:23:59 AM   14    1.00    0.00    1.00    0.00    0.00    0.00    0.00    0.00    0.00   98.00
02:23:59 AM   15    1.01    0.00    0.00    0.00    0.00    0.00    0.00    0.00    0.00   98.99
02:23:59 AM   16    1.01    0.00    0.00    0.00    0.00    0.00    0.00    0.00    0.00   98.99
02:23:59 AM   17    2.00    0.00    0.00    0.00    0.00    0.00    0.00    0.00    0.00   98.00
02:23:59 AM   18    0.00    0.00    1.01    0.00    0.00    0.00    0.00    0.00    0.00   98.99
02:23:59 AM   19    0.00    0.00    1.00    0.00    0.00    0.00    0.00    0.00    0.00   99.00
02:23:59 AM   20    0.00    0.00    0.00    0.00    0.00    0.00    0.00    0.00    0.00  100.00
02:23:59 AM   21    0.00    0.00    0.00    0.00    0.00    0.00    0.00    0.00    0.00  100.00
02:23:59 AM   22   22.22    0.00   51.52    0.00    0.00   26.26    0.00    0.00    0.00    0.00
02:23:59 AM   23   16.49    0.00   43.30    0.00    0.00   24.74    0.00    0.00    0.00   15.46
02:23:59 AM   24    3.00    0.00    0.00    0.00    0.00    0.00    0.00    0.00    0.00   97.00
02:23:59 AM   25    0.00    0.00    0.00    0.00    0.00    0.00    0.00    0.00    0.00  100.00
02:23:59 AM   26    3.00    0.00    0.00    0.00    0.00    0.00    0.00    0.00    0.00   97.00
02:23:59 AM   27    2.02    0.00    0.00    0.00    0.00    0.00    0.00    0.00    0.00   97.98
02:23:59 AM   28    1.01    0.00    0.00    0.00    0.00    0.00    0.00    0.00    0.00   98.99
02:23:59 AM   29    1.01    0.00    0.00    0.00    0.00    0.00    0.00    0.00    0.00   98.99
02:23:59 AM   30    0.00    0.00    0.00    0.00    0.00    0.00    0.00    0.00    0.00  100.00
02:23:59 AM   31    2.00    0.00    0.00    0.00    0.00    0.00    0.00    0.00    0.00   98.00
02:23:59 AM   32    0.00    0.00    2.00    0.00    0.00    0.00    0.00    0.00    0.00   98.00
02:23:59 AM   33    1.01    0.00    0.00    0.00    0.00    0.00    0.00    0.00    0.00   98.99
02:23:59 AM   34    1.01    0.00    0.00    0.00    0.00    0.00    0.00    0.00    0.00   98.99
02:23:59 AM   35    0.00    0.00    1.98    0.00    0.00    0.00    0.00    0.00    0.00   98.02

02:23:59 AM  CPU    %usr   %nice    %sys %iowait    %irq   %soft  %steal  %guest  %gnice   %idle
02:24:00 AM  all    1.98    0.00    3.17    0.08    0.00    1.64    0.00    0.00    0.00   93.12
02:24:00 AM    0    0.94    0.00    0.00    0.00    0.00    8.49    0.00    0.00    0.00   90.57
02:24:00 AM    1    2.00    0.00    0.00    0.00    0.00    0.00    0.00    0.00    0.00   98.00
02:24:00 AM    2    1.00    0.00    1.00    0.00    0.00    0.00    0.00    0.00    0.00   98.00
02:24:00 AM    3    1.01    0.00    0.00    0.00    0.00    0.00    0.00    0.00    0.00   98.99
02:24:00 AM    4    3.00    0.00    6.00    0.00    0.00    0.00    0.00    0.00    0.00   91.00
02:24:00 AM    5    1.00    0.00    0.00    0.00    0.00    0.00    0.00    0.00    0.00   99.00
02:24:00 AM    6    1.00    0.00    0.00    0.00    0.00    0.00    0.00    0.00    0.00   99.00
02:24:00 AM    7    0.00    0.00    1.00    0.00    0.00    0.00    0.00    0.00    0.00   99.00
02:24:00 AM    8    1.00    0.00    0.00    1.00    0.00    0.00    0.00    0.00    0.00   98.00
02:24:00 AM    9    1.96    0.00    0.00    0.00    0.00    0.98    0.00    0.00    0.00   97.06
02:24:00 AM   10    1.00    0.00    0.00    1.00    0.00    0.00    0.00    0.00    0.00   98.00
02:24:00 AM   11    0.00    0.00    0.00    0.00    0.00    0.00    0.00    0.00    0.00  100.00
02:24:00 AM   12    2.00    0.00    0.00    0.00    0.00    0.00    0.00    0.00    0.00   98.00
02:24:00 AM   13    0.00    0.00    1.02    0.00    0.00    0.00    0.00    0.00    0.00   98.98
02:24:00 AM   14    1.01    0.00    0.00    0.00    0.00    0.00    0.00    0.00    0.00   98.99
02:24:00 AM   15    1.01    0.00    0.00    0.00    0.00    0.00    0.00    0.00    0.00   98.99
02:24:00 AM   16    0.00    0.00    1.00    0.00    0.00    0.00    0.00    0.00    0.00   99.00
02:24:00 AM   17    0.99    0.00    0.99    0.00    0.00    0.00    0.00    0.00    0.00   98.02
02:24:00 AM   18    1.00    0.00    1.00    0.00    0.00    0.00    0.00    0.00    0.00   98.00
02:24:00 AM   19    0.00    0.00    0.00    0.00    0.00    0.00    0.00    0.00    0.00  100.00
02:24:00 AM   20    1.00    0.00    0.00    0.00    0.00    0.00    0.00    0.00    0.00   99.00
02:24:00 AM   21    1.00    0.00    0.00    0.00    0.00    0.00    0.00    0.00    0.00   99.00
02:24:00 AM   22   17.00    0.00   55.00    0.00    0.00   28.00    0.00    0.00    0.00    0.00
02:24:00 AM   23   20.20    0.00   44.44    0.00    0.00   20.20    0.00    0.00    0.00   15.15
02:24:00 AM   24    1.00    0.00    0.00    0.00    0.00    0.00    0.00    0.00    0.00   99.00
02:24:00 AM   25    1.01    0.00    0.00    0.00    0.00    0.00    0.00    0.00    0.00   98.99
02:24:00 AM   26    0.00    0.00    0.00    0.00    0.00    0.00    0.00    0.00    0.00  100.00
02:24:00 AM   27    1.01    0.00    0.00    0.00    0.00    0.00    0.00    0.00    0.00   98.99
02:24:00 AM   28    0.00    0.00    0.00    0.00    0.00    0.00    0.00    0.00    0.00  100.00
02:24:00 AM   29    1.01    0.00    0.00    0.00    0.00    0.00    0.00    0.00    0.00   98.99
02:24:00 AM   30    2.00    0.00    0.00    0.00    0.00    0.00    0.00    0.00    0.00   98.00
02:24:00 AM   31    2.00    0.00    1.00    1.00    0.00    0.00    0.00    0.00    0.00   96.00
02:24:00 AM   32    0.00    0.00    1.01    0.00    0.00    1.01    0.00    0.00    0.00   97.98
02:24:00 AM   33    0.00    0.00    0.00    0.00    0.00    0.00    0.00    0.00    0.00  100.00
02:24:00 AM   34    1.98    0.00    0.99    0.00    0.00    0.00    0.00    0.00    0.00   97.03
02:24:00 AM   35    2.00    0.00    0.00    0.00    0.00    0.00    0.00    0.00    0.00   98.00

02:24:00 AM  CPU    %usr   %nice    %sys %iowait    %irq   %soft  %steal  %guest  %gnice   %idle
02:24:01 AM  all    1.65    0.00    3.10    0.03    0.00    1.84    0.00    0.00    0.00   93.38
02:24:01 AM    0    0.00    0.00    0.00    0.00    0.00    7.77    0.00    0.00    0.00   92.23
02:24:01 AM    1    0.00    0.00    0.00    0.00    0.00    1.01    0.00    0.00    0.00   98.99
02:24:01 AM    2    2.00    0.00    0.00    0.00    0.00    0.00    0.00    0.00    0.00   98.00
02:24:01 AM    3    1.00    0.00    1.00    0.00    0.00    0.00    0.00    0.00    0.00   98.00
02:24:01 AM    4    1.01    0.00    0.00    0.00    0.00    0.00    0.00    0.00    0.00   98.99
02:24:01 AM    5    0.00    0.00    0.00    0.00    0.00    0.00    0.00    0.00    0.00  100.00
02:24:01 AM    6    0.00    0.00    1.01    0.00    0.00    0.00    0.00    0.00    0.00   98.99
02:24:01 AM    7    0.00    0.00    0.00    0.00    0.00    0.00    0.00    0.00    0.00  100.00
02:24:01 AM    8    1.96    0.00    1.96    0.00    0.00    0.00    0.00    0.00    0.00   96.08
02:24:01 AM    9    0.00    0.00    0.00    0.00    0.00    0.00    0.00    0.00    0.00  100.00
02:24:01 AM   10    1.01    0.00    0.00    0.00    0.00    0.00    0.00    0.00    0.00   98.99
02:24:01 AM   11    0.00    0.00    1.01    0.00    0.00    0.00    0.00    0.00    0.00   98.99
02:24:01 AM   12    0.00    0.00    0.00    0.00    0.00    0.00    0.00    0.00    0.00  100.00
02:24:01 AM   13    1.00    0.00    0.00    0.00    0.00    0.00    0.00    0.00    0.00   99.00
02:24:01 AM   14    0.00    0.00    2.02    0.00    0.00    0.00    0.00    0.00    0.00   97.98
02:24:01 AM   15    0.00    0.00    0.00    1.02    0.00    0.00    0.00    0.00    0.00   98.98
02:24:01 AM   16    0.00    0.00    1.01    0.00    0.00    0.00    0.00    0.00    0.00   98.99
02:24:01 AM   17    0.00    0.00    1.01    0.00    0.00    0.00    0.00    0.00    0.00   98.99
02:24:01 AM   18    1.01    0.00    0.00    0.00    0.00    0.00    0.00    0.00    0.00   98.99
02:24:01 AM   19    1.00    0.00    0.00    0.00    0.00    0.00    0.00    0.00    0.00   99.00
02:24:01 AM   20    0.00    0.00    0.00    0.00    0.00    0.00    0.00    0.00    0.00  100.00
02:24:01 AM   21    0.00    0.00    0.00    0.00    0.00    0.00    0.00    0.00    0.00  100.00
02:24:01 AM   22   17.82    0.00   50.50    0.00    0.00   31.68    0.00    0.00    0.00    0.00
02:24:01 AM   23   23.00    0.00   38.00    0.00    0.00   24.00    0.00    0.00    0.00   15.00
02:24:01 AM   24    0.00    0.00    0.99    0.00    0.00    0.99    0.00    0.00    0.00   98.02
02:24:01 AM   25    1.96    0.00    1.96    0.00    0.00    0.00    0.00    0.00    0.00   96.08
02:24:01 AM   26    0.00    0.00    2.00    0.00    0.00    0.00    0.00    0.00    0.00   98.00
02:24:01 AM   27    1.00    0.00    1.00    0.00    0.00    0.00    0.00    0.00    0.00   98.00
02:24:01 AM   28    0.00    0.00    0.00    0.00    0.00    0.00    0.00    0.00    0.00  100.00
02:24:01 AM   29    0.00    0.00    0.00    0.00    0.00    0.00    0.00    0.00    0.00  100.00
02:24:01 AM   30    0.00    0.00    2.02    0.00    0.00    0.00    0.00    0.00    0.00   97.98
02:24:01 AM   31    1.00    0.00    0.00    0.00    0.00    0.00    0.00    0.00    0.00   99.00
02:24:01 AM   32    1.98    0.00    0.99    0.00    0.00    0.00    0.00    0.00    0.00   97.03
02:24:01 AM   33    1.01    0.00    1.01    0.00    0.00    0.00    0.00    0.00    0.00   97.98
02:24:01 AM   34    0.00    0.00    1.01    0.00    0.00    0.00    0.00    0.00    0.00   98.99
02:24:01 AM   35    1.01    0.00    2.02    0.00    0.00    0.00    0.00    0.00    0.00   96.97

02:24:01 AM  CPU    %usr   %nice    %sys %iowait    %irq   %soft  %steal  %guest  %gnice   %idle
02:24:02 AM  all    1.62    0.03    3.10    0.11    0.00    1.87    0.00    0.00    0.00   93.27
02:24:02 AM    0    0.96    0.00    0.00    0.00    0.00    6.73    0.00    0.00    0.00   92.31
02:24:02 AM    1    0.00    0.00    2.00    0.00    0.00    0.00    0.00    0.00    0.00   98.00
02:24:02 AM    2    0.00    0.00    0.00    0.00    0.00    0.00    0.00    0.00    0.00  100.00
02:24:02 AM    3    0.00    0.00    0.00    0.00    0.00    0.00    0.00    0.00    0.00  100.00
02:24:02 AM    4    2.02    0.00    7.07    0.00    0.00    0.00    0.00    0.00    0.00   90.91
02:24:02 AM    5    0.00    0.00    1.00    0.00    0.00    0.00    0.00    0.00    0.00   99.00
02:24:02 AM    6    1.00    0.00    0.00    0.00    0.00    0.00    0.00    0.00    0.00   99.00
02:24:02 AM    7    1.01    0.00    0.00    0.00    0.00    0.00    0.00    0.00    0.00   98.99
02:24:02 AM    8    1.01    0.00    0.00    0.00    0.00    0.00    0.00    0.00    0.00   98.99
02:24:02 AM    9    0.00    0.00    0.00    1.02    0.00    0.00    0.00    0.00    0.00   98.98
02:24:02 AM   10    2.02    0.00    0.00    0.00    0.00    0.00    0.00    0.00    0.00   97.98
02:24:02 AM   11    1.00    0.00    0.00    0.00    0.00    0.00    0.00    0.00    0.00   99.00
02:24:02 AM   12    0.00    0.00    0.00    0.00    0.00    0.00    0.00    0.00    0.00  100.00
02:24:02 AM   13    0.00    0.00    0.00    0.00    0.00    0.00    0.00    0.00    0.00  100.00
02:24:02 AM   14    0.99    0.99    0.00    0.99    0.00    0.00    0.00    0.00    0.00   97.03
02:24:02 AM   15    1.96    0.00    0.98    0.00    0.00    0.00    0.00    0.00    0.00   97.06
02:24:02 AM   16    0.00    0.00    0.00    1.01    0.00    0.00    0.00    0.00    0.00   98.99
02:24:02 AM   17    0.00    0.00    0.00    0.00    0.00    0.00    0.00    0.00    0.00  100.00
02:24:02 AM   18    1.00    0.00    1.00    0.00    0.00    0.00    0.00    0.00    0.00   98.00
02:24:02 AM   19    1.01    0.00    0.00    0.00    0.00    0.00    0.00    0.00    0.00   98.99
02:24:02 AM   20    0.99    0.00    1.98    0.00    0.00    0.00    0.00    0.00    0.00   97.03
02:24:02 AM   21    1.00    0.00    1.00    0.00    0.00    0.00    0.00    0.00    0.00   98.00
02:24:02 AM   22   19.19    0.00   45.45    0.00    0.00   35.35    0.00    0.00    0.00    0.00
02:24:02 AM   23   13.00    0.00   47.00    0.00    0.00   25.00    0.00    0.00    0.00   15.00
02:24:02 AM   24    1.02    0.00    0.00    0.00    0.00    0.00    0.00    0.00    0.00   98.98
02:24:02 AM   25    0.00    0.00    0.00    0.00    0.00    0.00    0.00    0.00    0.00  100.00
02:24:02 AM   26    2.00    0.00    0.00    0.00    0.00    0.00    0.00    0.00    0.00   98.00
02:24:02 AM   27    1.00    0.00    0.00    0.00    0.00    0.00    0.00    0.00    0.00   99.00
02:24:02 AM   28    2.00    0.00    0.00    0.00    0.00    0.00    0.00    0.00    0.00   98.00
02:24:02 AM   29    1.01    0.00    0.00    0.00    0.00    0.00    0.00    0.00    0.00   98.99
02:24:02 AM   30    0.00    0.00    1.01    1.01    0.00    0.00    0.00    0.00    0.00   97.98
02:24:02 AM   31    0.00    0.00    1.00    0.00    0.00    0.00    0.00    0.00    0.00   99.00
02:24:02 AM   32    0.00    0.00    1.02    0.00    0.00    0.00    0.00    0.00    0.00   98.98
02:24:02 AM   33    0.00    0.00    1.00    0.00    0.00    0.00    0.00    0.00    0.00   99.00
02:24:02 AM   34    2.00    0.00    0.00    0.00    0.00    0.00    0.00    0.00    0.00   98.00
02:24:02 AM   35    1.01    0.00    0.00    0.00    0.00    0.00    0.00    0.00    0.00   98.99

02:24:02 AM  CPU    %usr   %nice    %sys %iowait    %irq   %soft  %steal  %guest  %gnice   %idle
02:24:03 AM  all    2.01    0.00    2.85    0.03    0.00    1.90    0.00    0.00    0.00   93.21
02:24:03 AM    0    0.00    0.00    0.00    0.00    0.00    7.77    0.00    0.00    0.00   92.23
02:24:03 AM    1    1.02    0.00    0.00    0.00    0.00    0.00    0.00    0.00    0.00   98.98
02:24:03 AM    2    0.00    0.00    0.00    0.00    0.00    0.00    0.00    0.00    0.00  100.00
02:24:03 AM    3    1.00    0.00    0.00    0.00    0.00    0.00    0.00    0.00    0.00   99.00
02:24:03 AM    4    2.00    0.00    7.00    0.00    0.00    0.00    0.00    0.00    0.00   91.00
02:24:03 AM    5    0.00    0.00    1.02    0.00    0.00    0.00    0.00    0.00    0.00   98.98
02:24:03 AM    6    0.00    0.00    0.00    0.00    0.00    0.00    0.00    0.00    0.00  100.00
02:24:03 AM    7    0.00    0.00    1.00    0.00    0.00    0.00    0.00    0.00    0.00   99.00
02:24:03 AM    8    0.99    0.00    0.00    0.00    0.00    0.00    0.00    0.00    0.00   99.01
02:24:03 AM    9    0.00    0.00    0.00    0.00    0.00    1.00    0.00    0.00    0.00   99.00
02:24:03 AM   10    0.00    0.00    1.01    0.00    0.00    0.00    0.00    0.00    0.00   98.99
02:24:03 AM   11    0.00    0.00    1.01    0.00    0.00    0.00    0.00    0.00    0.00   98.99
02:24:03 AM   12    0.00    0.00    0.00    0.00    0.00    0.00    0.00    0.00    0.00  100.00
02:24:03 AM   13    0.00    0.00    0.00    0.00    0.00    0.00    0.00    0.00    0.00  100.00
02:24:03 AM   14    1.00    0.00    1.00    0.00    0.00    0.00    0.00    0.00    0.00   98.00
02:24:03 AM   15    0.00    0.00    0.00    0.00    0.00    0.00    0.00    0.00    0.00  100.00
02:24:03 AM   16    1.01    0.00    0.00    0.00    0.00    0.00    0.00    0.00    0.00   98.99
02:24:03 AM   17    2.00    0.00    0.00    0.00    0.00    0.00    0.00    0.00    0.00   98.00
02:24:03 AM   18    2.00    0.00    0.00    0.00    0.00    0.00    0.00    0.00    0.00   98.00
02:24:03 AM   19    1.00    0.00    1.00    0.00    0.00    0.00    0.00    0.00    0.00   98.00
02:24:03 AM   20    3.00    0.00    0.00    0.00    0.00    0.00    0.00    0.00    0.00   97.00
02:24:03 AM   21    2.02    0.00    0.00    1.01    0.00    0.00    0.00    0.00    0.00   96.97
02:24:03 AM   22   21.00    0.00   48.00    0.00    0.00   31.00    0.00    0.00    0.00    0.00
02:24:03 AM   23   17.53    0.00   38.14    0.00    0.00   28.87    0.00    0.00    0.00   15.46
02:24:03 AM   24    1.00    0.00    1.00    0.00    0.00    0.00    0.00    0.00    0.00   98.00
02:24:03 AM   25    2.04    0.00    0.00    0.00    0.00    0.00    0.00    0.00    0.00   97.96
02:24:03 AM   26    1.00    0.00    0.00    0.00    0.00    0.00    0.00    0.00    0.00   99.00
02:24:03 AM   27    1.00    0.00    1.00    0.00    0.00    0.00    0.00    0.00    0.00   98.00
02:24:03 AM   28    2.00    0.00    0.00    0.00    0.00    0.00    0.00    0.00    0.00   98.00
02:24:03 AM   29    1.02    0.00    0.00    0.00    0.00    0.00    0.00    0.00    0.00   98.98
02:24:03 AM   30    2.00    0.00    0.00    0.00    0.00    0.00    0.00    0.00    0.00   98.00
02:24:03 AM   31    1.01    0.00    0.00    0.00    0.00    0.00    0.00    0.00    0.00   98.99
02:24:03 AM   32    1.00    0.00    0.00    0.00    0.00    0.00    0.00    0.00    0.00   99.00
02:24:03 AM   33    1.01    0.00    0.00    0.00    0.00    0.00    0.00    0.00    0.00   98.99
02:24:03 AM   34    2.00    0.00    2.00    0.00    0.00    0.00    0.00    0.00    0.00   96.00
02:24:03 AM   35    2.02    0.00    0.00    0.00    0.00    0.00    0.00    0.00    0.00   97.98

02:24:03 AM  CPU    %usr   %nice    %sys %iowait    %irq   %soft  %steal  %guest  %gnice   %idle
02:24:04 AM  all    2.11    0.00    3.05    0.08    0.00    1.83    0.00    0.00    0.00   92.92
02:24:04 AM    0    0.96    0.00    0.96    0.00    0.00    6.73    0.00    0.00    0.00   91.35
02:24:04 AM    1    1.01    0.00    0.00    0.00    0.00    0.00    0.00    0.00    0.00   98.99
02:24:04 AM    2    0.99    0.00    0.99    0.99    0.00    0.99    0.00    0.00    0.00   96.04
02:24:04 AM    3    0.00    0.00    1.01    0.00    0.00    0.00    0.00    0.00    0.00   98.99
02:24:04 AM    4    0.00    0.00    1.01    0.00    0.00    0.00    0.00    0.00    0.00   98.99
02:24:04 AM    5    1.98    0.00    0.00    0.00    0.00    0.00    0.00    0.00    0.00   98.02
02:24:04 AM    6    2.00    0.00    0.00    0.00    0.00    0.00    0.00    0.00    0.00   98.00
02:24:04 AM    7    7.92    0.00    0.99    0.00    0.00    0.00    0.00    0.00    0.00   91.09
02:24:04 AM    8    0.00    0.00    0.00    0.00    0.00    0.00    0.00    0.00    0.00  100.00
02:24:04 AM    9    0.99    0.00    0.99    0.00    0.00    0.00    0.00    0.00    0.00   98.02
02:24:04 AM   10    2.97    0.00    0.00    0.00    0.00    0.00    0.00    0.00    0.00   97.03
02:24:04 AM   11    1.98    0.00    0.00    0.00    0.00    0.00    0.00    0.00    0.00   98.02
02:24:04 AM   12    1.00    0.00    0.00    0.00    0.00    0.00    0.00    0.00    0.00   99.00
02:24:04 AM   13    0.00    0.00    1.01    0.00    0.00    0.00    0.00    0.00    0.00   98.99
02:24:04 AM   14    0.99    0.00    0.99    0.00    0.00    0.00    0.00    0.00    0.00   98.02
02:24:04 AM   15    1.01    0.00    0.00    0.00    0.00    0.00    0.00    0.00    0.00   98.99
02:24:04 AM   16    1.01    0.00    0.00    0.00    0.00    0.00    0.00    0.00    0.00   98.99
02:24:04 AM   17    0.00    0.00    0.00    0.00    0.00    0.00    0.00    0.00    0.00  100.00
02:24:04 AM   18    2.00    0.00    0.00    0.00    0.00    0.00    0.00    0.00    0.00   98.00
02:24:04 AM   19    2.00    0.00    1.00    0.00    0.00    0.00    0.00    0.00    0.00   97.00
02:24:04 AM   20    1.98    0.00    0.00    0.00    0.00    0.00    0.00    0.00    0.00   98.02
02:24:04 AM   21    1.98    0.00    0.00    0.00    0.00    0.00    0.00    0.00    0.00   98.02
02:24:04 AM   22   16.00    0.00   53.00    0.00    0.00   31.00    0.00    0.00    0.00    0.00
02:24:04 AM   23   15.53    0.00   43.69    0.00    0.00   26.21    0.00    0.00    0.00   14.56
02:24:04 AM   24    0.00    0.00    0.00    0.00    0.00    0.00    0.00    0.00    0.00  100.00
02:24:04 AM   25    0.00    0.00    0.00    0.00    0.00    0.00    0.00    0.00    0.00  100.00
02:24:04 AM   26    2.00    0.00    0.00    1.00    0.00    0.00    0.00    0.00    0.00   97.00
02:24:04 AM   27    2.00    0.00    0.00    0.00    0.00    0.00    0.00    0.00    0.00   98.00
02:24:04 AM   28    1.00    0.00    1.00    0.00    0.00    0.00    0.00    0.00    0.00   98.00
02:24:04 AM   29    1.96    0.00    1.96    0.98    0.00    0.00    0.00    0.00    0.00   95.10
02:24:04 AM   30    0.00    0.00    0.00    0.00    0.00    0.00    0.00    0.00    0.00  100.00
02:24:04 AM   31    1.00    0.00    0.00    0.00    0.00    0.00    0.00    0.00    0.00   99.00
02:24:04 AM   32    1.01    0.00    0.00    0.00    0.00    0.00    0.00    0.00    0.00   98.99
02:24:04 AM   33    1.00    0.00    0.00    0.00    0.00    0.00    0.00    0.00    0.00   99.00
02:24:04 AM   34    0.00    0.00    0.00    0.00    0.00    0.00    0.00    0.00    0.00  100.00
02:24:04 AM   35    1.01    0.00    0.00    0.00    0.00    0.00    0.00    0.00    0.00   98.99

02:24:04 AM  CPU    %usr   %nice    %sys %iowait    %irq   %soft  %steal  %guest  %gnice   %idle
02:24:05 AM  all    1.93    0.03    3.07    0.00    0.00    1.95    0.00    0.00    0.00   93.02
02:24:05 AM    0    0.96    0.00    0.00    0.00    0.00    7.69    0.00    0.00    0.00   91.35
02:24:05 AM    1    4.04    0.00    3.03    0.00    0.00    0.00    0.00    0.00    0.00   92.93
02:24:05 AM    2    1.98    0.00    0.99    0.00    0.00    0.00    0.00    0.00    0.00   97.03
02:24:05 AM    3    0.00    0.00    0.00    0.00    0.00    1.01    0.00    0.00    0.00   98.99
02:24:05 AM    4    3.03    0.00    6.06    0.00    0.00    0.00    0.00    0.00    0.00   90.91
02:24:05 AM    5    1.01    0.00    0.00    0.00    0.00    0.00    0.00    0.00    0.00   98.99
02:24:05 AM    6    1.00    0.00    1.00    0.00    0.00    0.00    0.00    0.00    0.00   98.00
02:24:05 AM    7    0.00    0.00    0.00    0.00    0.00    0.00    0.00    0.00    0.00  100.00
02:24:05 AM    8    2.00    0.00    1.00    0.00    0.00    0.00    0.00    0.00    0.00   97.00
02:24:05 AM    9    1.00    0.00    0.00    0.00    0.00    0.00    0.00    0.00    0.00   99.00
02:24:05 AM   10    1.01    0.00    0.00    0.00    0.00    0.00    0.00    0.00    0.00   98.99
02:24:05 AM   11    1.01    0.00    0.00    0.00    0.00    0.00    0.00    0.00    0.00   98.99
02:24:05 AM   12    1.98    0.00    0.99    0.00    0.00    0.00    0.00    0.00    0.00   97.03
02:24:05 AM   13    0.99    0.00    0.99    0.00    0.00    0.00    0.00    0.00    0.00   98.02
02:24:05 AM   14    0.00    1.01    0.00    0.00    0.00    0.00    0.00    0.00    0.00   98.99
02:24:05 AM   15    0.00    0.00    1.01    0.00    0.00    0.00    0.00    0.00    0.00   98.99
02:24:05 AM   16    0.00    0.00    1.01    0.00    0.00    0.00    0.00    0.00    0.00   98.99
02:24:05 AM   17    2.00    0.00    0.00    0.00    0.00    0.00    0.00    0.00    0.00   98.00
02:24:05 AM   18    1.02    0.00    0.00    0.00    0.00    0.00    0.00    0.00    0.00   98.98
02:24:05 AM   19    1.01    0.00    0.00    0.00    0.00    0.00    0.00    0.00    0.00   98.99
02:24:05 AM   20    1.01    0.00    0.00    0.00    0.00    0.00    0.00    0.00    0.00   98.99
02:24:05 AM   21    0.00    0.00    1.01    0.00    0.00    0.00    0.00    0.00    0.00   98.99
02:24:05 AM   22   16.83    0.00   48.51    0.00    0.00   34.65    0.00    0.00    0.00    0.00
02:24:05 AM   23   17.35    0.00   41.84    0.00    0.00   25.51    0.00    0.00    0.00   15.31
02:24:05 AM   24    1.01    0.00    1.01    0.00    0.00    0.00    0.00    0.00    0.00   97.98
02:24:05 AM   25    1.00    0.00    1.00    0.00    0.00    0.00    0.00    0.00    0.00   98.00
02:24:05 AM   26    0.00    0.00    0.00    0.00    0.00    0.00    0.00    0.00    0.00  100.00
02:24:05 AM   27    1.01    0.00    0.00    0.00    0.00    0.00    0.00    0.00    0.00   98.99
02:24:05 AM   28    2.00    0.00    0.00    0.00    0.00    0.00    0.00    0.00    0.00   98.00
02:24:05 AM   29    2.00    0.00    0.00    0.00    0.00    0.00    0.00    0.00    0.00   98.00
02:24:05 AM   30    1.01    0.00    0.00    0.00    0.00    0.00    0.00    0.00    0.00   98.99
02:24:05 AM   31    1.00    0.00    0.00    0.00    0.00    1.00    0.00    0.00    0.00   98.00
02:24:05 AM   32    0.00    0.00    0.00    0.00    0.00    0.00    0.00    0.00    0.00  100.00
02:24:05 AM   33    0.00    0.00    0.00    0.00    0.00    0.00    0.00    0.00    0.00  100.00
02:24:05 AM   34    0.00    0.00    0.00    0.00    0.00    0.00    0.00    0.00    0.00  100.00
02:24:05 AM   35    0.99    0.00    0.99    0.00    0.00    0.00    0.00    0.00    0.00   98.02

02:24:05 AM  CPU    %usr   %nice    %sys %iowait    %irq   %soft  %steal  %guest  %gnice   %idle
02:24:06 AM  all    1.62    0.03    2.96    0.20    0.00    1.87    0.00    0.00    0.00   93.33
02:24:06 AM    0    0.00    0.00    0.00    0.00    0.00    5.88    0.00    0.00    0.00   94.12
02:24:06 AM    1    0.00    0.00    0.00    0.00    0.00    1.00    0.00    0.00    0.00   99.00
02:24:06 AM    2    1.01    0.00    0.00    1.01    0.00    0.00    0.00    0.00    0.00   97.98
02:24:06 AM    3    0.00    0.00    0.00    0.00    0.00    0.00    0.00    0.00    0.00  100.00
02:24:06 AM    4    2.06    0.00    5.15    0.00    0.00    0.00    0.00    0.00    0.00   92.78
02:24:06 AM    5    1.01    0.00    0.00    0.00    0.00    0.00    0.00    0.00    0.00   98.99
02:24:06 AM    6    1.01    0.00    0.00    0.00    0.00    0.00    0.00    0.00    0.00   98.99
02:24:06 AM    7    0.00    0.00    0.00    0.00    0.00    0.00    0.00    0.00    0.00  100.00
02:24:06 AM    8    1.01    0.00    0.00    0.00    0.00    0.00    0.00    0.00    0.00   98.99
02:24:06 AM    9    0.00    0.00    0.00    0.00    0.00    0.00    0.00    0.00    0.00  100.00
02:24:06 AM   10    2.97    0.99    0.00    0.00    0.00    0.00    0.00    0.00    0.00   96.04
02:24:06 AM   11    1.00    0.00    1.00    0.00    0.00    0.00    0.00    0.00    0.00   98.00
02:24:06 AM   12    0.00    0.00    0.00    0.00    0.00    0.00    0.00    0.00    0.00  100.00
02:24:06 AM   13    0.00    0.00    1.01    0.00    0.00    0.00    0.00    0.00    0.00   98.99
02:24:06 AM   14    1.98    0.00    0.00    0.00    0.00    0.00    0.00    0.00    0.00   98.02
02:24:06 AM   15    1.01    0.00    0.00    0.00    0.00    0.00    0.00    0.00    0.00   98.99
02:24:06 AM   16    1.98    0.00    0.00    0.99    0.00    0.00    0.00    0.00    0.00   97.03
02:24:06 AM   17    0.00    0.00    0.00    1.01    0.00    0.00    0.00    0.00    0.00   98.99
02:24:06 AM   18    0.00    0.00    1.00    0.00    0.00    0.00    0.00    0.00    0.00   99.00
02:24:06 AM   19    0.00    0.00    1.01    0.00    0.00    0.00    0.00    0.00    0.00   98.99
02:24:06 AM   20    1.00    0.00    1.00    0.00    0.00    0.00    0.00    0.00    0.00   98.00
02:24:06 AM   21    0.00    0.00    1.01    0.00    0.00    0.00    0.00    0.00    0.00   98.99
02:24:06 AM   22   17.17    0.00   52.53    0.00    0.00   30.30    0.00    0.00    0.00    0.00
02:24:06 AM   23   14.29    0.00   39.80    0.00    0.00   30.61    0.00    0.00    0.00   15.31
02:24:06 AM   24    2.00    0.00    0.00    0.00    0.00    0.00    0.00    0.00    0.00   98.00
02:24:06 AM   25    0.00    0.00    0.00    0.00    0.00    0.00    0.00    0.00    0.00  100.00
02:24:06 AM   26    1.00    0.00    0.00    0.00    0.00    0.00    0.00    0.00    0.00   99.00
02:24:06 AM   27    1.01    0.00    0.00    1.01    0.00    0.00    0.00    0.00    0.00   97.98
02:24:06 AM   28    1.00    0.00    1.00    1.00    0.00    0.00    0.00    0.00    0.00   97.00
02:24:06 AM   29    1.01    0.00    0.00    0.00    0.00    0.00    0.00    0.00    0.00   98.99
02:24:06 AM   30    0.00    0.00    0.00    0.00    0.00    0.00    0.00    0.00    0.00  100.00
02:24:06 AM   31    2.00    0.00    1.00    0.00    0.00    0.00    0.00    0.00    0.00   97.00
02:24:06 AM   32    1.98    0.00    0.99    0.99    0.00    0.00    0.00    0.00    0.00   96.04
02:24:06 AM   33    0.99    0.00    0.99    0.00    0.00    0.00    0.00    0.00    0.00   98.02
02:24:06 AM   34    0.00    0.00    0.00    0.00    0.00    0.00    0.00    0.00    0.00  100.00
02:24:06 AM   35    0.00    0.00    0.00    1.01    0.00    0.00    0.00    0.00    0.00   98.99

02:24:06 AM  CPU    %usr   %nice    %sys %iowait    %irq   %soft  %steal  %guest  %gnice   %idle
02:24:07 AM  all    1.39    0.00    2.90    0.06    0.00    1.78    0.00    0.00    0.00   93.87
02:24:07 AM    0    0.97    0.00    0.97    0.00    0.00    4.85    0.00    0.00    0.00   93.20
02:24:07 AM    1    0.99    0.00    0.00    0.00    0.00    1.98    0.00    0.00    0.00   97.03
02:24:07 AM    2    0.99    0.00    0.99    0.99    0.00    0.00    0.00    0.00    0.00   97.03
02:24:07 AM    3    0.00    0.00    0.00    1.01    0.00    0.00    0.00    0.00    0.00   98.99
02:24:07 AM    4    1.00    0.00    0.00    0.00    0.00    0.00    0.00    0.00    0.00   99.00
02:24:07 AM    5    0.00    0.00    0.00    0.00    0.00    0.00    0.00    0.00    0.00  100.00
02:24:07 AM    6    1.00    0.00    0.00    0.00    0.00    0.00    0.00    0.00    0.00   99.00
02:24:07 AM    7    1.01    0.00    0.00    0.00    0.00    0.00    0.00    0.00    0.00   98.99
02:24:07 AM    8    0.00    0.00    0.00    0.00    0.00    0.00    0.00    0.00    0.00  100.00
02:24:07 AM    9    0.00    0.00    0.00    0.00    0.00    0.00    0.00    0.00    0.00  100.00
02:24:07 AM   10    1.02    0.00    0.00    0.00    0.00    0.00    0.00    0.00    0.00   98.98
02:24:07 AM   11    0.99    0.00    0.00    0.00    0.00    0.00    0.00    0.00    0.00   99.01
02:24:07 AM   12    0.00    0.00    0.00    0.00    0.00    0.00    0.00    0.00    0.00  100.00
02:24:07 AM   13    1.00    0.00    0.00    0.00    0.00    0.00    0.00    0.00    0.00   99.00
02:24:07 AM   14    0.00    0.00    0.00    0.00    0.00    0.00    0.00    0.00    0.00  100.00
02:24:07 AM   15    1.00    0.00    1.00    0.00    0.00    0.00    0.00    0.00    0.00   98.00
02:24:07 AM   16    0.00    0.00    0.00    0.00    0.00    0.00    0.00    0.00    0.00  100.00
02:24:07 AM   17    0.00    0.00    0.00    0.00    0.00    0.00    0.00    0.00    0.00  100.00
02:24:07 AM   18    1.00    0.00    0.00    0.00    0.00    0.00    0.00    0.00    0.00   99.00
02:24:07 AM   19    1.01    0.00    0.00    0.00    0.00    0.00    0.00    0.00    0.00   98.99
02:24:07 AM   20    0.00    0.00    0.00    0.00    0.00    0.00    0.00    0.00    0.00  100.00
02:24:07 AM   21    0.00    0.00    1.00    0.00    0.00    0.00    0.00    0.00    0.00   99.00
02:24:07 AM   22   20.00    0.00   48.00    0.00    0.00   32.00    0.00    0.00    0.00    0.00
02:24:07 AM   23   15.69    0.00   46.08    0.00    0.00   23.53    0.00    0.00    0.00   14.71
02:24:07 AM   24    1.01    0.00    0.00    0.00    0.00    0.00    0.00    0.00    0.00   98.99
02:24:07 AM   25    1.01    0.00    0.00    0.00    0.00    0.00    0.00    0.00    0.00   98.99
02:24:07 AM   26    0.00    0.00    1.01    0.00    0.00    0.00    0.00    0.00    0.00   98.99
02:24:07 AM   27    0.00    0.00    0.99    0.00    0.00    0.00    0.00    0.00    0.00   99.01
02:24:07 AM   28    0.00    0.00    0.00    0.00    0.00    0.00    0.00    0.00    0.00  100.00
02:24:07 AM   29    0.00    0.00    0.00    0.00    0.00    0.00    0.00    0.00    0.00  100.00
02:24:07 AM   30    0.00    0.00    1.00    0.00    0.00    0.00    0.00    0.00    0.00   99.00
02:24:07 AM   31    0.00    0.00    0.99    0.00    0.00    0.00    0.00    0.00    0.00   99.01
02:24:07 AM   32    0.00    0.00    0.00    0.00    0.00    0.00    0.00    0.00    0.00  100.00
02:24:07 AM   33    0.00    0.00    0.00    0.00    0.00    0.00    0.00    0.00    0.00  100.00
02:24:07 AM   34    0.00    0.00    0.00    0.00    0.00    0.00    0.00    0.00    0.00  100.00
02:24:07 AM   35    0.00    0.00    1.00    0.00    0.00    1.00    0.00    0.00    0.00   98.00

Average:     CPU    %usr   %nice    %sys %iowait    %irq   %soft  %steal  %guest  %gnice   %idle
Average:     all    1.79    0.01    3.00    0.06    0.00    1.77    0.00    0.00    0.00   93.36
Average:       0    0.68    0.00    0.19    0.00    0.00    6.86    0.00    0.00    0.00   92.27
Average:       1    1.00    0.10    0.70    0.00    0.00    0.50    0.00    0.00    0.00   97.70
Average:       2    1.10    0.00    0.50    0.30    0.00    0.10    0.00    0.00    0.00   98.00
Average:       3    0.40    0.00    0.30    0.10    0.00    0.10    0.00    0.00    0.00   99.09
Average:       4    1.71    0.00    3.93    0.00    0.00    0.00    0.00    0.00    0.00   94.35
Average:       5    0.81    0.00    0.30    0.00    0.00    0.00    0.00    0.00    0.00   98.89
Average:       6    0.80    0.00    0.30    0.00    0.00    0.00    0.00    0.00    0.00   98.89
Average:       7    1.31    0.00    0.40    0.10    0.00    0.00    0.00    0.00    0.00   98.19
Average:       8    1.10    0.00    0.40    0.10    0.00    0.00    0.00    0.00    0.00   98.40
Average:       9    0.50    0.00    0.20    0.10    0.00    0.20    0.00    0.00    0.00   98.99
Average:      10    1.31    0.20    0.20    0.10    0.00    0.00    0.00    0.00    0.00   98.19
Average:      11    0.80    0.00    0.40    0.00    0.00    0.00    0.00    0.00    0.00   98.80
Average:      12    0.60    0.00    0.20    0.00    0.00    0.00    0.00    0.00    0.00   99.19
Average:      13    0.40    0.00    0.50    0.00    0.00    0.00    0.00    0.00    0.00   99.09
Average:      14    0.70    0.20    0.60    0.10    0.00    0.00    0.00    0.00    0.00   98.40
Average:      15    0.71    0.00    0.40    0.10    0.00    0.00    0.00    0.00    0.00   98.79
Average:      16    0.60    0.00    0.40    0.20    0.00    0.00    0.00    0.00    0.00   98.79
Average:      17    0.70    0.00    0.20    0.10    0.00    0.00    0.00    0.00    0.00   98.99
Average:      18    1.00    0.00    0.40    0.00    0.00    0.00    0.00    0.00    0.00   98.59
Average:      19    0.80    0.00    0.50    0.00    0.00    0.00    0.00    0.00    0.00   98.69
Average:      20    1.20    0.00    0.50    0.00    0.00    0.00    0.00    0.00    0.00   98.30
Average:      21    0.60    0.00    0.40    0.10    0.00    0.00    0.00    0.00    0.00   98.89
Average:      22   18.44    0.00   49.70    0.00    0.00   30.36    0.00    0.00    0.00    1.50
Average:      23   16.94    0.00   41.53    0.00    0.00   25.00    0.00    0.00    0.00   16.53
Average:      24    1.10    0.00    0.40    0.00    0.00    0.10    0.00    0.00    0.00   98.39
Average:      25    0.81    0.00    0.40    0.00    0.00    0.00    0.00    0.00    0.00   98.79
Average:      26    1.00    0.00    0.30    0.20    0.00    0.00    0.00    0.00    0.00   98.50
Average:      27    1.00    0.00    0.40    0.10    0.00    0.00    0.00    0.00    0.00   98.49
Average:      28    1.01    0.00    0.20    0.10    0.00    0.00    0.00    0.00    0.00   98.69
Average:      29    1.01    0.00    0.20    0.10    0.00    0.00    0.00    0.00    0.00   98.69
Average:      30    0.60    0.00    0.40    0.10    0.00    0.00    0.00    0.00    0.00   98.89
Average:      31    1.00    0.00    0.40    0.10    0.00    0.10    0.00    0.00    0.00   98.40
Average:      32    0.60    0.00    0.70    0.10    0.00    0.10    0.00    0.00    0.00   98.49
Average:      33    0.60    0.00    0.30    0.00    0.00    0.00    0.00    0.00    0.00   99.09
Average:      34    0.80    0.00    0.40    0.00    0.00    0.00    0.00    0.00    0.00   98.79
Average:      35    0.80    0.00    0.60    0.10    0.00    0.10    0.00    0.00    0.00   98.39
