Linux 5.15.0-186-generic (rapids4) 	07/28/2026 	_x86_64_	(36 CPU)

01:20:59 PM  CPU    %usr   %nice    %sys %iowait    %irq   %soft  %steal  %guest  %gnice   %idle
01:21:00 PM  all    1.12    0.00    1.04    0.08    0.00    0.00    0.00    0.00    0.00   97.76
01:21:00 PM    0    0.00    0.00    0.00    0.00    0.00    0.00    0.00    0.00    0.00  100.00
01:21:00 PM    1    1.00    0.00    1.00    1.00    0.00    0.00    0.00    0.00    0.00   97.00
01:21:00 PM    2    1.00    0.00    1.00    0.00    0.00    0.00    0.00    0.00    0.00   98.00
01:21:00 PM    3    1.01    0.00    0.00    0.00    0.00    0.00    0.00    0.00    0.00   98.99
01:21:00 PM    4    1.01    0.00    0.00    0.00    0.00    0.00    0.00    0.00    0.00   98.99
01:21:00 PM    5    2.00    0.00    1.00    0.00    0.00    0.00    0.00    0.00    0.00   97.00
01:21:00 PM    6    3.06    0.00    1.02    0.00    0.00    0.00    0.00    0.00    0.00   95.92
01:21:00 PM    7    1.02    0.00    0.00    0.00    0.00    0.00    0.00    0.00    0.00   98.98
01:21:00 PM    8    1.01    0.00    1.01    0.00    0.00    0.00    0.00    0.00    0.00   97.98
01:21:00 PM    9    0.00    0.00    0.00    1.01    0.00    0.00    0.00    0.00    0.00   98.99
01:21:00 PM   10    3.00    0.00    0.00    0.00    0.00    0.00    0.00    0.00    0.00   97.00
01:21:00 PM   11    1.98    0.00    0.99    0.00    0.00    0.00    0.00    0.00    0.00   97.03
01:21:00 PM   12    0.00    0.00    1.01    0.00    0.00    0.00    0.00    0.00    0.00   98.99
01:21:00 PM   13    2.00    0.00    1.00    0.00    0.00    0.00    0.00    0.00    0.00   97.00
01:21:00 PM   14    3.00    0.00    0.00    0.00    0.00    0.00    0.00    0.00    0.00   97.00
01:21:00 PM   15    0.00    0.00    0.00    0.00    0.00    0.00    0.00    0.00    0.00  100.00
01:21:00 PM   16    1.01    0.00    1.01    0.00    0.00    0.00    0.00    0.00    0.00   97.98
01:21:00 PM   17    3.00    0.00    6.00    0.00    0.00    0.00    0.00    0.00    0.00   91.00
01:21:00 PM   18    0.00    0.00    0.00    0.00    0.00    0.00    0.00    0.00    0.00  100.00
01:21:00 PM   19    0.00    0.00    0.00    0.00    0.00    0.00    0.00    0.00    0.00  100.00
01:21:00 PM   20    0.00    0.00    0.00    1.01    0.00    0.00    0.00    0.00    0.00   98.99
01:21:00 PM   21    0.00    0.00    0.00    0.00    0.00    0.00    0.00    0.00    0.00  100.00
01:21:00 PM   22    0.00    0.00    1.01    0.00    0.00    0.00    0.00    0.00    0.00   98.99
01:21:00 PM   23    0.00    0.00    0.00    0.00    0.00    0.00    0.00    0.00    0.00  100.00
01:21:00 PM   24    1.00    0.00    1.00    0.00    0.00    0.00    0.00    0.00    0.00   98.00
01:21:00 PM   25    0.00    0.00    1.02    0.00    0.00    0.00    0.00    0.00    0.00   98.98
01:21:00 PM   26    7.14    0.00    6.12    0.00    0.00    0.00    0.00    0.00    0.00   86.73
01:21:00 PM   27    3.00    0.00   12.00    0.00    0.00    0.00    0.00    0.00    0.00   85.00
01:21:00 PM   28    0.00    0.00    0.00    0.00    0.00    0.00    0.00    0.00    0.00  100.00
01:21:00 PM   29    1.01    0.00    0.00    0.00    0.00    0.00    0.00    0.00    0.00   98.99
01:21:00 PM   30    0.00    0.00    0.00    0.00    0.00    0.00    0.00    0.00    0.00  100.00
01:21:00 PM   31    0.00    0.00    0.00    0.00    0.00    0.00    0.00    0.00    0.00  100.00
01:21:00 PM   32    0.00    0.00    0.00    0.00    0.00    0.00    0.00    0.00    0.00  100.00
01:21:00 PM   33    1.00    0.00    0.00    0.00    0.00    0.00    0.00    0.00    0.00   99.00
01:21:00 PM   34    1.00    0.00    1.00    0.00    0.00    0.00    0.00    0.00    0.00   98.00
01:21:00 PM   35    1.00    0.00    0.00    0.00    0.00    0.00    0.00    0.00    0.00   99.00

01:21:00 PM  CPU    %usr   %nice    %sys %iowait    %irq   %soft  %steal  %guest  %gnice   %idle
01:21:01 PM  all    1.15    0.00    1.74    0.03    0.00    0.11    0.00    0.00    0.00   96.98
01:21:01 PM    0    0.00    0.00    0.99    0.99    0.00    2.97    0.00    0.00    0.00   95.05
01:21:01 PM    1    1.00    0.00    0.00    0.00    0.00    1.00    0.00    0.00    0.00   98.00
01:21:01 PM    2    1.00    0.00    0.00    0.00    0.00    0.00    0.00    0.00    0.00   99.00
01:21:01 PM    3    2.00    0.00    1.00    0.00    0.00    0.00    0.00    0.00    0.00   97.00
01:21:01 PM    4    0.99    0.00    0.99    0.00    0.00    0.00    0.00    0.00    0.00   98.02
01:21:01 PM    5    0.00    0.00    1.01    0.00    0.00    0.00    0.00    0.00    0.00   98.99
01:21:01 PM    6    1.98    0.00    0.99    0.00    0.00    0.00    0.00    0.00    0.00   97.03
01:21:01 PM    7    0.99    0.00    0.99    0.00    0.00    0.00    0.00    0.00    0.00   98.02
01:21:01 PM    8    0.00    0.00    0.00    0.00    0.00    0.00    0.00    0.00    0.00  100.00
01:21:01 PM    9    1.98    0.00    0.99    0.00    0.00    0.00    0.00    0.00    0.00   97.03
01:21:01 PM   10    0.00    0.00    0.00    0.00    0.00    0.00    0.00    0.00    0.00  100.00
01:21:01 PM   11    0.00    0.00    0.00    0.00    0.00    0.00    0.00    0.00    0.00  100.00
01:21:01 PM   12    1.00    0.00    1.00    0.00    0.00    0.00    0.00    0.00    0.00   98.00
01:21:01 PM   13    0.00    0.00    1.00    0.00    0.00    0.00    0.00    0.00    0.00   99.00
01:21:01 PM   14    0.00    0.00    1.00    0.00    0.00    0.00    0.00    0.00    0.00   99.00
01:21:01 PM   15    1.01    0.00    0.00    0.00    0.00    0.00    0.00    0.00    0.00   98.99
01:21:01 PM   16    0.00    0.00    0.00    0.00    0.00    0.00    0.00    0.00    0.00  100.00
01:21:01 PM   17    3.00    0.00    6.00    0.00    0.00    0.00    0.00    0.00    0.00   91.00
01:21:01 PM   18    0.00    0.00    0.00    0.00    0.00    0.00    0.00    0.00    0.00  100.00
01:21:01 PM   19    0.00    0.00    1.00    0.00    0.00    0.00    0.00    0.00    0.00   99.00
01:21:01 PM   20    0.00    0.00    0.00    0.00    0.00    0.00    0.00    0.00    0.00  100.00
01:21:01 PM   21    1.00    0.00    0.00    0.00    0.00    0.00    0.00    0.00    0.00   99.00
01:21:01 PM   22    1.01    0.00    0.00    0.00    0.00    0.00    0.00    0.00    0.00   98.99
01:21:01 PM   23    1.00    0.00    0.00    0.00    0.00    0.00    0.00    0.00    0.00   99.00
01:21:01 PM   24    0.00    0.00    0.00    0.00    0.00    0.00    0.00    0.00    0.00  100.00
01:21:01 PM   25    1.01    0.00    1.01    0.00    0.00    0.00    0.00    0.00    0.00   97.98
01:21:01 PM   26    9.38    0.00   16.67    0.00    0.00    0.00    0.00    0.00    0.00   73.96
01:21:01 PM   27    8.82    0.00   25.49    0.00    0.00    0.00    0.00    0.00    0.00   65.69
01:21:01 PM   28    1.02    0.00    0.00    0.00    0.00    0.00    0.00    0.00    0.00   98.98
01:21:01 PM   29    0.00    0.00    1.00    0.00    0.00    0.00    0.00    0.00    0.00   99.00
01:21:01 PM   30    0.00    0.00    0.00    0.00    0.00    0.00    0.00    0.00    0.00  100.00
01:21:01 PM   31    1.01    0.00    0.00    0.00    0.00    0.00    0.00    0.00    0.00   98.99
01:21:01 PM   32    1.00    0.00    0.00    0.00    0.00    0.00    0.00    0.00    0.00   99.00
01:21:01 PM   33    1.01    0.00    0.00    0.00    0.00    0.00    0.00    0.00    0.00   98.99
01:21:01 PM   34    0.00    0.00    1.00    0.00    0.00    0.00    0.00    0.00    0.00   99.00
01:21:01 PM   35    0.00    0.00    0.00    0.00    0.00    0.00    0.00    0.00    0.00  100.00

01:21:01 PM  CPU    %usr   %nice    %sys %iowait    %irq   %soft  %steal  %guest  %gnice   %idle
01:21:02 PM  all    1.40    0.00    1.01    0.08    0.00    0.08    0.00    0.00    0.00   97.42
01:21:02 PM    0    1.01    0.00    0.00    0.00    0.00    1.01    0.00    0.00    0.00   97.98
01:21:02 PM    1    2.00    0.00    0.00    0.00    0.00    0.00    0.00    0.00    0.00   98.00
01:21:02 PM    2    0.00    0.00    0.00    0.00    0.00    1.00    0.00    0.00    0.00   99.00
01:21:02 PM    3    2.02    0.00    0.00    0.00    0.00    0.00    0.00    0.00    0.00   97.98
01:21:02 PM    4    1.02    0.00    0.00    0.00    0.00    0.00    0.00    0.00    0.00   98.98
01:21:02 PM    5    1.01    0.00    0.00    0.00    0.00    0.00    0.00    0.00    0.00   98.99
01:21:02 PM    6    1.98    0.00    0.99    0.99    0.00    0.00    0.00    0.00    0.00   96.04
01:21:02 PM    7    3.03    0.00    1.01    0.00    0.00    0.00    0.00    0.00    0.00   95.96
01:21:02 PM    8    0.00    0.00    0.00    0.00    0.00    0.00    0.00    0.00    0.00  100.00
01:21:02 PM    9    1.02    0.00    0.00    0.00    0.00    0.00    0.00    0.00    0.00   98.98
01:21:02 PM   10    2.02    0.00    0.00    0.00    0.00    0.00    0.00    0.00    0.00   97.98
01:21:02 PM   11    1.96    0.00    0.98    0.00    0.00    0.98    0.00    0.00    0.00   96.08
01:21:02 PM   12    1.01    0.00    0.00    1.01    0.00    0.00    0.00    0.00    0.00   97.98
01:21:02 PM   13    1.00    0.00    1.00    0.00    0.00    0.00    0.00    0.00    0.00   98.00
01:21:02 PM   14    1.00    0.00    0.00    0.00    0.00    0.00    0.00    0.00    0.00   99.00
01:21:02 PM   15    1.01    0.00    0.00    0.00    0.00    0.00    0.00    0.00    0.00   98.99
01:21:02 PM   16    1.96    0.00    0.98    0.00    0.00    0.00    0.00    0.00    0.00   97.06
01:21:02 PM   17    1.98    0.00    0.00    0.99    0.00    0.00    0.00    0.00    0.00   97.03
01:21:02 PM   18    0.00    0.00    0.00    0.00    0.00    0.00    0.00    0.00    0.00  100.00
01:21:02 PM   19    1.00    0.00    0.00    0.00    0.00    0.00    0.00    0.00    0.00   99.00
01:21:02 PM   20    1.00    0.00    0.00    0.00    0.00    0.00    0.00    0.00    0.00   99.00
01:21:02 PM   21    0.00    0.00    0.00    0.00    0.00    0.00    0.00    0.00    0.00  100.00
01:21:02 PM   22    1.01    0.00    0.00    0.00    0.00    0.00    0.00    0.00    0.00   98.99
01:21:02 PM   23    0.00    0.00    0.00    0.00    0.00    0.00    0.00    0.00    0.00  100.00
01:21:02 PM   24    0.00    0.00    0.00    0.00    0.00    0.00    0.00    0.00    0.00  100.00
01:21:02 PM   25    0.00    0.00    1.01    0.00    0.00    0.00    0.00    0.00    0.00   98.99
01:21:02 PM   26    9.78    0.00   11.96    0.00    0.00    0.00    0.00    0.00    0.00   78.26
01:21:02 PM   27    9.57    0.00   19.15    0.00    0.00    0.00    0.00    0.00    0.00   71.28
01:21:02 PM   28    0.99    0.00    0.00    0.00    0.00    0.00    0.00    0.00    0.00   99.01
01:21:02 PM   29    0.00    0.00    0.00    0.00    0.00    0.00    0.00    0.00    0.00  100.00
01:21:02 PM   30    1.00    0.00    0.00    0.00    0.00    0.00    0.00    0.00    0.00   99.00
01:21:02 PM   31    1.00    0.00    0.00    0.00    0.00    0.00    0.00    0.00    0.00   99.00
01:21:02 PM   32    0.00    0.00    1.00    0.00    0.00    0.00    0.00    0.00    0.00   99.00
01:21:02 PM   33    0.00    0.00    0.00    0.00    0.00    0.00    0.00    0.00    0.00  100.00
01:21:02 PM   34    0.00    0.00    0.00    0.00    0.00    0.00    0.00    0.00    0.00  100.00
01:21:02 PM   35    1.00    0.00    0.00    0.00    0.00    0.00    0.00    0.00    0.00   99.00

01:21:02 PM  CPU    %usr   %nice    %sys %iowait    %irq   %soft  %steal  %guest  %gnice   %idle
01:21:03 PM  all    1.63    0.00    1.38    0.06    0.00    0.03    0.00    0.00    0.00   96.91
01:21:03 PM    0    2.00    0.00    0.00    0.00    0.00    1.00    0.00    0.00    0.00   97.00
01:21:03 PM    1    2.02    0.00    0.00    0.00    0.00    0.00    0.00    0.00    0.00   97.98
01:21:03 PM    2    2.02    0.00    0.00    0.00    0.00    0.00    0.00    0.00    0.00   97.98
01:21:03 PM    3    2.97    0.00    0.99    0.00    0.00    0.00    0.00    0.00    0.00   96.04
01:21:03 PM    4    2.02    0.00    0.00    1.01    0.00    0.00    0.00    0.00    0.00   96.97
01:21:03 PM    5    4.04    0.00    0.00    0.00    0.00    0.00    0.00    0.00    0.00   95.96
01:21:03 PM    6    0.00    0.00    0.00    0.00    0.00    0.00    0.00    0.00    0.00  100.00
01:21:03 PM    7    1.01    0.00    0.00    0.00    0.00    0.00    0.00    0.00    0.00   98.99
01:21:03 PM    8    2.02    0.00    0.00    0.00    0.00    0.00    0.00    0.00    0.00   97.98
01:21:03 PM    9    2.04    0.00    0.00    0.00    0.00    0.00    0.00    0.00    0.00   97.96
01:21:03 PM   10    4.90    0.00    0.98    0.00    0.00    0.00    0.00    0.00    0.00   94.12
01:21:03 PM   11    1.02    0.00    0.00    0.00    0.00    0.00    0.00    0.00    0.00   98.98
01:21:03 PM   12    4.00    0.00    0.00    0.00    0.00    0.00    0.00    0.00    0.00   96.00
01:21:03 PM   13    2.04    0.00    0.00    0.00    0.00    0.00    0.00    0.00    0.00   97.96
01:21:03 PM   14    1.01    0.00    0.00    0.00    0.00    0.00    0.00    0.00    0.00   98.99
01:21:03 PM   15    2.00    0.00    1.00    0.00    0.00    0.00    0.00    0.00    0.00   97.00
01:21:03 PM   16    0.00    0.00    0.00    0.00    0.00    0.00    0.00    0.00    0.00  100.00
01:21:03 PM   17    3.00    0.00    6.00    0.00    0.00    0.00    0.00    0.00    0.00   91.00
01:21:03 PM   18    1.05    0.00    1.05    0.00    0.00    0.00    0.00    0.00    0.00   97.89
01:21:03 PM   19    0.00    0.00    0.00    0.00    0.00    0.00    0.00    0.00    0.00  100.00
01:21:03 PM   20    0.00    0.00    0.00    0.00    0.00    0.00    0.00    0.00    0.00  100.00
01:21:03 PM   21    1.01    0.00    0.00    0.00    0.00    0.00    0.00    0.00    0.00   98.99
01:21:03 PM   22    0.99    0.00    0.99    0.99    0.00    0.00    0.00    0.00    0.00   97.03
01:21:03 PM   23    0.00    0.00    0.00    0.00    0.00    0.00    0.00    0.00    0.00  100.00
01:21:03 PM   24    0.00    0.00    0.00    0.00    0.00    0.00    0.00    0.00    0.00  100.00
01:21:03 PM   25    1.01    0.00    0.00    0.00    0.00    0.00    0.00    0.00    0.00   98.99
01:21:03 PM   26    9.68    0.00   12.90    0.00    0.00    0.00    0.00    0.00    0.00   77.42
01:21:03 PM   27    6.12    0.00   25.51    0.00    0.00    0.00    0.00    0.00    0.00   68.37
01:21:03 PM   28    0.00    0.00    0.00    0.00    0.00    0.00    0.00    0.00    0.00  100.00
01:21:03 PM   29    0.00    0.00    0.00    0.00    0.00    0.00    0.00    0.00    0.00  100.00
01:21:03 PM   30    1.00    0.00    0.00    0.00    0.00    0.00    0.00    0.00    0.00   99.00
01:21:03 PM   31    0.00    0.00    0.00    0.00    0.00    0.00    0.00    0.00    0.00  100.00
01:21:03 PM   32    0.00    0.00    0.00    0.00    0.00    0.00    0.00    0.00    0.00  100.00
01:21:03 PM   33    0.00    0.00    0.99    0.00    0.00    0.00    0.00    0.00    0.00   99.01
01:21:03 PM   34    0.00    0.00    0.00    0.00    0.00    0.00    0.00    0.00    0.00  100.00
01:21:03 PM   35    0.00    0.00    0.00    0.00    0.00    0.00    0.00    0.00    0.00  100.00

01:21:03 PM  CPU    %usr   %nice    %sys %iowait    %irq   %soft  %steal  %guest  %gnice   %idle
01:21:04 PM  all    0.90    0.00    1.29    0.06    0.00    0.11    0.00    0.00    0.00   97.65
01:21:04 PM    0    0.97    0.00    1.94    0.00    0.00    2.91    0.00    0.00    0.00   94.17
01:21:04 PM    1    0.00    0.00    0.00    0.00    0.00    1.01    0.00    0.00    0.00   98.99
01:21:04 PM    2    0.00    0.00    0.00    0.00    0.00    0.00    0.00    0.00    0.00  100.00
01:21:04 PM    3    0.00    0.00    0.00    0.00    0.00    0.00    0.00    0.00    0.00  100.00
01:21:04 PM    4    1.01    0.00    0.00    0.00    0.00    0.00    0.00    0.00    0.00   98.99
01:21:04 PM    5    0.00    0.00    0.00    0.00    0.00    0.00    0.00    0.00    0.00  100.00
01:21:04 PM    6    1.01    0.00    0.00    0.00    0.00    0.00    0.00    0.00    0.00   98.99
01:21:04 PM    7    0.00    0.00    0.00    0.00    0.00    0.00    0.00    0.00    0.00  100.00
01:21:04 PM    8    0.00    0.00    0.00    0.00    0.00    0.00    0.00    0.00    0.00  100.00
01:21:04 PM    9    1.00    0.00    0.00    0.00    0.00    0.00    0.00    0.00    0.00   99.00
01:21:04 PM   10    1.00    0.00    0.00    0.00    0.00    0.00    0.00    0.00    0.00   99.00
01:21:04 PM   11    1.00    0.00    0.00    1.00    0.00    0.00    0.00    0.00    0.00   98.00
01:21:04 PM   12    0.99    0.00    0.99    0.00    0.00    0.00    0.00    0.00    0.00   98.02
01:21:04 PM   13    0.00    0.00    0.00    0.00    0.00    0.00    0.00    0.00    0.00  100.00
01:21:04 PM   14    1.01    0.00    0.00    0.00    0.00    0.00    0.00    0.00    0.00   98.99
01:21:04 PM   15    0.00    0.00    0.00    0.00    0.00    0.00    0.00    0.00    0.00  100.00
01:21:04 PM   16    0.00    0.00    0.00    0.00    0.00    0.00    0.00    0.00    0.00  100.00
01:21:04 PM   17    0.99    0.00    2.97    0.00    0.00    0.00    0.00    0.00    0.00   96.04
01:21:04 PM   18    0.00    0.00    0.00    0.00    0.00    0.00    0.00    0.00    0.00  100.00
01:21:04 PM   19    1.00    0.00    0.00    0.00    0.00    0.00    0.00    0.00    0.00   99.00
01:21:04 PM   20    0.00    0.00    0.99    0.00    0.00    0.00    0.00    0.00    0.00   99.01
01:21:04 PM   21    0.00    0.00    1.00    0.00    0.00    0.00    0.00    0.00    0.00   99.00
01:21:04 PM   22    0.00    0.00    0.00    0.00    0.00    0.00    0.00    0.00    0.00  100.00
01:21:04 PM   23    0.00    0.00    0.00    0.00    0.00    0.00    0.00    0.00    0.00  100.00
01:21:04 PM   24    1.00    0.00    0.00    0.00    0.00    0.00    0.00    0.00    0.00   99.00
01:21:04 PM   25    0.00    0.00    0.00    0.00    0.00    0.00    0.00    0.00    0.00  100.00
01:21:04 PM   26    9.47    0.00   14.74    0.00    0.00    0.00    0.00    0.00    0.00   75.79
01:21:04 PM   27   10.00    0.00   24.00    0.00    0.00    0.00    0.00    0.00    0.00   66.00
01:21:04 PM   28    0.00    0.00    0.00    0.00    0.00    0.00    0.00    0.00    0.00  100.00
01:21:04 PM   29    0.00    0.00    0.00    0.00    0.00    0.00    0.00    0.00    0.00  100.00
01:21:04 PM   30    0.00    0.00    0.00    0.00    0.00    0.00    0.00    0.00    0.00  100.00
01:21:04 PM   31    1.01    0.00    0.00    0.00    0.00    0.00    0.00    0.00    0.00   98.99
01:21:04 PM   32    0.00    0.00    0.00    0.00    0.00    0.00    0.00    0.00    0.00  100.00
01:21:04 PM   33    0.00    0.00    0.00    0.00    0.00    0.00    0.00    0.00    0.00  100.00
01:21:04 PM   34    1.01    0.00    0.00    0.00    0.00    0.00    0.00    0.00    0.00   98.99
01:21:04 PM   35    0.00    0.00    0.00    1.00    0.00    0.00    0.00    0.00    0.00   99.00

01:21:04 PM  CPU    %usr   %nice    %sys %iowait    %irq   %soft  %steal  %guest  %gnice   %idle
01:21:05 PM  all    0.81    0.00    1.54    0.03    0.00    0.14    0.00    0.00    0.00   97.48
01:21:05 PM    0    0.00    0.00    0.00    0.00    0.00    3.00    0.00    0.00    0.00   97.00
01:21:05 PM    1    1.00    0.00    0.00    0.00    0.00    0.00    0.00    0.00    0.00   99.00
01:21:05 PM    2    0.00    0.00    1.00    0.00    0.00    0.00    0.00    0.00    0.00   99.00
01:21:05 PM    3    0.00    0.00    0.00    0.00    0.00    1.00    0.00    0.00    0.00   99.00
01:21:05 PM    4    0.00    0.00    0.00    1.01    0.00    0.00    0.00    0.00    0.00   98.99
01:21:05 PM    5    0.00    0.00    0.00    0.00    0.00    0.00    0.00    0.00    0.00  100.00
01:21:05 PM    6    1.00    0.00    0.00    0.00    0.00    0.00    0.00    0.00    0.00   99.00
01:21:05 PM    7    1.01    0.00    0.00    0.00    0.00    0.00    0.00    0.00    0.00   98.99
01:21:05 PM    8    1.01    0.00    0.00    0.00    0.00    0.00    0.00    0.00    0.00   98.99
01:21:05 PM    9    1.01    0.00    1.01    0.00    0.00    0.00    0.00    0.00    0.00   97.98
01:21:05 PM   10    1.01    0.00    0.00    0.00    0.00    0.00    0.00    0.00    0.00   98.99
01:21:05 PM   11    1.01    0.00    0.00    0.00    0.00    0.00    0.00    0.00    0.00   98.99
01:21:05 PM   12    0.00    0.00    0.00    0.00    0.00    0.00    0.00    0.00    0.00  100.00
01:21:05 PM   13    1.01    0.00    0.00    0.00    0.00    0.00    0.00    0.00    0.00   98.99
01:21:05 PM   14    0.00    0.00    0.00    0.00    0.00    0.00    0.00    0.00    0.00  100.00
01:21:05 PM   15    0.00    0.00    0.99    0.00    0.00    0.00    0.00    0.00    0.00   99.01
01:21:05 PM   16    0.00    0.00    0.00    0.00    0.00    0.00    0.00    0.00    0.00  100.00
01:21:05 PM   17    0.00    0.00    5.05    0.00    0.00    0.00    0.00    0.00    0.00   94.95
01:21:05 PM   18    0.00    0.00    1.06    0.00    0.00    0.00    0.00    0.00    0.00   98.94
01:21:05 PM   19    0.99    0.00    0.00    0.00    0.00    0.99    0.00    0.00    0.00   98.02
01:21:05 PM   20    0.00    0.00    0.00    0.00    0.00    0.00    0.00    0.00    0.00  100.00
01:21:05 PM   21    0.00    0.00    0.00    0.00    0.00    0.00    0.00    0.00    0.00  100.00
01:21:05 PM   22    0.00    0.00    1.01    0.00    0.00    0.00    0.00    0.00    0.00   98.99
01:21:05 PM   23    0.00    0.00    0.00    0.00    0.00    0.00    0.00    0.00    0.00  100.00
01:21:05 PM   24    0.00    0.00    0.00    0.00    0.00    0.00    0.00    0.00    0.00  100.00
01:21:05 PM   25    0.00    0.00    0.00    0.00    0.00    0.00    0.00    0.00    0.00  100.00
01:21:05 PM   26    9.28    0.00   17.53    0.00    0.00    0.00    0.00    0.00    0.00   73.20
01:21:05 PM   27    6.25    0.00   23.96    0.00    0.00    0.00    0.00    0.00    0.00   69.79
01:21:05 PM   28    1.00    0.00    0.00    0.00    0.00    0.00    0.00    0.00    0.00   99.00
01:21:05 PM   29    2.02    0.00    4.04    0.00    0.00    0.00    0.00    0.00    0.00   93.94
01:21:05 PM   30    0.00    0.00    0.00    0.00    0.00    0.00    0.00    0.00    0.00  100.00
01:21:05 PM   31    0.00    0.00    1.00    0.00    0.00    0.00    0.00    0.00    0.00   99.00
01:21:05 PM   32    1.00    0.00    0.00    0.00    0.00    0.00    0.00    0.00    0.00   99.00
01:21:05 PM   33    1.00    0.00    0.00    0.00    0.00    0.00    0.00    0.00    0.00   99.00
01:21:05 PM   34    0.00    0.00    0.00    0.00    0.00    0.00    0.00    0.00    0.00  100.00
01:21:05 PM   35    0.00    0.00    0.00    0.00    0.00    0.00    0.00    0.00    0.00  100.00

01:21:05 PM  CPU    %usr   %nice    %sys %iowait    %irq   %soft  %steal  %guest  %gnice   %idle
01:21:06 PM  all    1.29    0.00    1.46    0.08    0.00    0.11    0.00    0.00    0.00   97.06
01:21:06 PM    0    0.99    0.00    1.98    0.99    0.00    0.99    0.00    0.00    0.00   95.05
01:21:06 PM    1    1.00    0.00    1.00    0.00    0.00    1.00    0.00    0.00    0.00   97.00
01:21:06 PM    2    0.99    0.00    0.00    0.00    0.00    0.99    0.00    0.00    0.00   98.02
01:21:06 PM    3    0.99    0.00    0.99    0.00    0.00    0.00    0.00    0.00    0.00   98.02
01:21:06 PM    4    1.00    0.00    1.00    0.00    0.00    0.00    0.00    0.00    0.00   98.00
01:21:06 PM    5    0.00    0.00    1.01    1.01    0.00    0.00    0.00    0.00    0.00   97.98
01:21:06 PM    6    0.00    0.00    0.00    0.00    0.00    0.00    0.00    0.00    0.00  100.00
01:21:06 PM    7    0.00    0.00    0.00    0.00    0.00    0.00    0.00    0.00    0.00  100.00
01:21:06 PM    8    0.99    0.00    0.99    0.99    0.00    0.00    0.00    0.00    0.00   97.03
01:21:06 PM    9    1.00    0.00    1.00    0.00    0.00    0.00    0.00    0.00    0.00   98.00
01:21:06 PM   10    0.00    0.00    1.00    0.00    0.00    0.00    0.00    0.00    0.00   99.00
01:21:06 PM   11    1.02    0.00    0.00    0.00    0.00    0.00    0.00    0.00    0.00   98.98
01:21:06 PM   12    1.01    0.00    0.00    0.00    0.00    0.00    0.00    0.00    0.00   98.99
01:21:06 PM   13    1.98    0.00    0.99    0.00    0.00    0.00    0.00    0.00    0.00   97.03
01:21:06 PM   14    1.00    0.00    1.00    0.00    0.00    0.00    0.00    0.00    0.00   98.00
01:21:06 PM   15    0.00    0.00    0.00    0.00    0.00    0.00    0.00    0.00    0.00  100.00
01:21:06 PM   16    1.00    0.00    0.00    0.00    0.00    1.00    0.00    0.00    0.00   98.00
01:21:06 PM   17    4.04    0.00    4.04    0.00    0.00    0.00    0.00    0.00    0.00   91.92
01:21:06 PM   18    1.06    0.00    0.00    0.00    0.00    0.00    0.00    0.00    0.00   98.94
01:21:06 PM   19    0.00    0.00    1.01    0.00    0.00    0.00    0.00    0.00    0.00   98.99
01:21:06 PM   20    1.01    0.00    0.00    0.00    0.00    0.00    0.00    0.00    0.00   98.99
01:21:06 PM   21    1.01    0.00    0.00    0.00    0.00    0.00    0.00    0.00    0.00   98.99
01:21:06 PM   22    0.00    0.00    0.00    0.00    0.00    0.00    0.00    0.00    0.00  100.00
01:21:06 PM   23    1.00    0.00    1.00    0.00    0.00    0.00    0.00    0.00    0.00   98.00
01:21:06 PM   24    1.00    0.00    0.00    0.00    0.00    0.00    0.00    0.00    0.00   99.00
01:21:06 PM   25    0.00    0.00    0.00    0.00    0.00    0.00    0.00    0.00    0.00  100.00
01:21:06 PM   26    8.70    0.00   13.04    0.00    0.00    0.00    0.00    0.00    0.00   78.26
01:21:06 PM   27    8.25    0.00   22.68    0.00    0.00    0.00    0.00    0.00    0.00   69.07
01:21:06 PM   28    1.00    0.00    0.00    0.00    0.00    0.00    0.00    0.00    0.00   99.00
01:21:06 PM   29    1.00    0.00    0.00    0.00    0.00    0.00    0.00    0.00    0.00   99.00
01:21:06 PM   30    0.00    0.00    0.00    0.00    0.00    0.00    0.00    0.00    0.00  100.00
01:21:06 PM   31    1.96    0.00    0.98    0.00    0.00    0.00    0.00    0.00    0.00   97.06
01:21:06 PM   32    1.01    0.00    0.00    0.00    0.00    0.00    0.00    0.00    0.00   98.99
01:21:06 PM   33    1.00    0.00    0.00    0.00    0.00    0.00    0.00    0.00    0.00   99.00
01:21:06 PM   34    0.00    0.00    0.00    0.00    0.00    0.00    0.00    0.00    0.00  100.00
01:21:06 PM   35    1.98    0.00    0.00    0.00    0.00    0.00    0.00    0.00    0.00   98.02

01:21:06 PM  CPU    %usr   %nice    %sys %iowait    %irq   %soft  %steal  %guest  %gnice   %idle
01:21:07 PM  all    1.57    0.00    1.37    0.00    0.00    0.03    0.00    0.00    0.00   97.03
01:21:07 PM    0    1.02    0.00    0.00    0.00    0.00    1.02    0.00    0.00    0.00   97.96
01:21:07 PM    1    2.00    0.00    1.00    0.00    0.00    0.00    0.00    0.00    0.00   97.00
01:21:07 PM    2    0.00    0.00    1.01    0.00    0.00    0.00    0.00    0.00    0.00   98.99
01:21:07 PM    3    1.00    0.00    1.00    0.00    0.00    0.00    0.00    0.00    0.00   98.00
01:21:07 PM    4    1.00    0.00    0.00    0.00    0.00    0.00    0.00    0.00    0.00   99.00
01:21:07 PM    5    1.01    0.00    1.01    0.00    0.00    0.00    0.00    0.00    0.00   97.98
01:21:07 PM    6    7.92    0.00    0.99    0.00    0.00    0.00    0.00    0.00    0.00   91.09
01:21:07 PM    7    2.00    0.00    1.00    0.00    0.00    0.00    0.00    0.00    0.00   97.00
01:21:07 PM    8    6.06    0.00    0.00    0.00    0.00    0.00    0.00    0.00    0.00   93.94
01:21:07 PM    9    1.02    0.00    0.00    0.00    0.00    0.00    0.00    0.00    0.00   98.98
01:21:07 PM   10    0.00    0.00    0.00    0.00    0.00    0.00    0.00    0.00    0.00  100.00
01:21:07 PM   11    1.00    0.00    1.00    0.00    0.00    0.00    0.00    0.00    0.00   98.00
01:21:07 PM   12    1.00    0.00    1.00    0.00    0.00    0.00    0.00    0.00    0.00   98.00
01:21:07 PM   13    0.00    0.00    1.01    0.00    0.00    0.00    0.00    0.00    0.00   98.99
01:21:07 PM   14    1.01    0.00    0.00    0.00    0.00    0.00    0.00    0.00    0.00   98.99
01:21:07 PM   15    1.01    0.00    0.00    0.00    0.00    0.00    0.00    0.00    0.00   98.99
01:21:07 PM   16    1.98    0.00    0.99    0.00    0.00    0.00    0.00    0.00    0.00   97.03
01:21:07 PM   17    0.00    0.00    1.00    0.00    0.00    0.00    0.00    0.00    0.00   99.00
01:21:07 PM   18    1.06    0.00    0.00    0.00    0.00    0.00    0.00    0.00    0.00   98.94
01:21:07 PM   19    1.98    0.00    0.99    0.00    0.00    0.00    0.00    0.00    0.00   97.03
01:21:07 PM   20    1.96    0.00    0.98    0.00    0.00    0.00    0.00    0.00    0.00   97.06
01:21:07 PM   21    1.00    0.00    0.00    0.00    0.00    0.00    0.00    0.00    0.00   99.00
01:21:07 PM   22    1.02    0.00    0.00    0.00    0.00    0.00    0.00    0.00    0.00   98.98
01:21:07 PM   23    1.01    0.00    0.00    0.00    0.00    0.00    0.00    0.00    0.00   98.99
01:21:07 PM   24    0.00    0.00    2.02    0.00    0.00    0.00    0.00    0.00    0.00   97.98
01:21:07 PM   25    1.01    0.00    0.00    0.00    0.00    0.00    0.00    0.00    0.00   98.99
01:21:07 PM   26    5.49    0.00   13.19    0.00    0.00    0.00    0.00    0.00    0.00   81.32
01:21:07 PM   27   10.53    0.00   18.95    0.00    0.00    0.00    0.00    0.00    0.00   70.53
01:21:07 PM   28    0.99    0.00    0.99    0.00    0.00    0.00    0.00    0.00    0.00   98.02
01:21:07 PM   29    0.00    0.00    0.00    0.00    0.00    0.00    0.00    0.00    0.00  100.00
01:21:07 PM   30    0.99    0.00    0.99    0.00    0.00    0.00    0.00    0.00    0.00   98.02
01:21:07 PM   31    1.00    0.00    0.00    0.00    0.00    0.00    0.00    0.00    0.00   99.00
01:21:07 PM   32    0.00    0.00    1.00    0.00    0.00    0.00    0.00    0.00    0.00   99.00
01:21:07 PM   33    0.00    0.00    0.00    0.00    0.00    0.00    0.00    0.00    0.00  100.00
01:21:07 PM   34    0.00    0.00    0.99    0.00    0.00    0.00    0.00    0.00    0.00   99.01
01:21:07 PM   35    0.00    0.00    0.00    0.00    0.00    0.00    0.00    0.00    0.00  100.00

01:21:07 PM  CPU    %usr   %nice    %sys %iowait    %irq   %soft  %steal  %guest  %gnice   %idle
01:21:08 PM  all    0.62    0.00    1.04    0.06    0.00    0.03    0.00    0.00    0.00   98.25
01:21:08 PM    0    3.03    0.00    6.06    0.00    0.00    0.00    0.00    0.00    0.00   90.91
01:21:08 PM    1    3.00    0.00    0.00    0.00    0.00    0.00    0.00    0.00    0.00   97.00
01:21:08 PM    2    0.00    0.00    0.00    0.00    0.00    0.00    0.00    0.00    0.00  100.00
01:21:08 PM    3    0.00    0.00    0.00    0.00    0.00    0.00    0.00    0.00    0.00  100.00
01:21:08 PM    4    1.00    0.00    2.00    0.00    0.00    0.00    0.00    0.00    0.00   97.00
01:21:08 PM    5    2.02    0.00    0.00    0.00    0.00    0.00    0.00    0.00    0.00   97.98
01:21:08 PM    6    1.00    0.00    1.00    1.00    0.00    0.00    0.00    0.00    0.00   97.00
01:21:08 PM    7    1.98    0.00    0.99    0.00    0.00    0.00    0.00    0.00    0.00   97.03
01:21:08 PM    8    0.00    0.00    1.01    0.00    0.00    0.00    0.00    0.00    0.00   98.99
01:21:08 PM    9    0.00    0.00    0.00    0.00    0.00    0.00    0.00    0.00    0.00  100.00
01:21:08 PM   10    0.00    0.00    0.00    0.00    0.00    0.00    0.00    0.00    0.00  100.00
01:21:08 PM   11    0.00    0.00    0.00    0.00    0.00    1.01    0.00    0.00    0.00   98.99
01:21:08 PM   12    0.00    0.00    0.00    0.00    0.00    0.00    0.00    0.00    0.00  100.00
01:21:08 PM   13    0.00    0.00    0.00    0.00    0.00    0.00    0.00    0.00    0.00  100.00
01:21:08 PM   14    0.00    0.00    0.00    0.00    0.00    0.00    0.00    0.00    0.00  100.00
01:21:08 PM   15    0.00    0.00    1.01    0.00    0.00    0.00    0.00    0.00    0.00   98.99
01:21:08 PM   16    1.01    0.00    0.00    0.00    0.00    0.00    0.00    0.00    0.00   98.99
01:21:08 PM   17    1.01    0.00    0.00    0.00    0.00    0.00    0.00    0.00    0.00   98.99
01:21:08 PM   18    0.00    0.00    0.00    0.00    0.00    0.00    0.00    0.00    0.00  100.00
01:21:08 PM   19    0.00    0.00    0.00    0.00    0.00    0.00    0.00    0.00    0.00  100.00
01:21:08 PM   20    0.00    0.00    0.00    0.00    0.00    0.00    0.00    0.00    0.00  100.00
01:21:08 PM   21    0.00    0.00    0.99    0.00    0.00    0.00    0.00    0.00    0.00   99.01
01:21:08 PM   22    0.00    0.00    0.00    0.00    0.00    0.00    0.00    0.00    0.00  100.00
01:21:08 PM   23    0.00    0.00    0.00    0.00    0.00    0.00    0.00    0.00    0.00  100.00
01:21:08 PM   24    0.00    0.00    0.00    0.00    0.00    0.00    0.00    0.00    0.00  100.00
01:21:08 PM   25    0.00    0.00    0.00    0.00    0.00    0.00    0.00    0.00    0.00  100.00
01:21:08 PM   26    2.41    0.00    7.23    0.00    0.00    0.00    0.00    0.00    0.00   90.36
01:21:08 PM   27    4.30    0.00   17.20    0.00    0.00    0.00    0.00    0.00    0.00   78.49
01:21:08 PM   28    0.00    0.00    0.00    0.00    0.00    0.00    0.00    0.00    0.00  100.00
01:21:08 PM   29    0.99    0.00    0.99    0.00    0.00    0.00    0.00    0.00    0.00   98.02
01:21:08 PM   30    0.00    0.00    0.00    0.00    0.00    0.00    0.00    0.00    0.00  100.00
01:21:08 PM   31    0.00    0.00    0.00    0.00    0.00    0.00    0.00    0.00    0.00  100.00
01:21:08 PM   32    0.00    0.00    0.00    0.00    0.00    0.00    0.00    0.00    0.00  100.00
01:21:08 PM   33    0.00    0.00    0.00    1.00    0.00    0.00    0.00    0.00    0.00   99.00
01:21:08 PM   34    0.99    0.00    0.99    0.00    0.00    0.00    0.00    0.00    0.00   98.02
01:21:08 PM   35    0.00    0.00    0.00    0.00    0.00    0.00    0.00    0.00    0.00  100.00

01:21:08 PM  CPU    %usr   %nice    %sys %iowait    %irq   %soft  %steal  %guest  %gnice   %idle
01:21:09 PM  all    1.15    0.00    1.34    0.06    0.00    0.08    0.00    0.00    0.00   97.37
01:21:09 PM    0    1.00    0.00    1.00    0.00    0.00    1.00    0.00    0.00    0.00   97.00
01:21:09 PM    1    1.98    0.00    0.00    0.00    0.00    0.99    0.00    0.00    0.00   97.03
01:21:09 PM    2    0.00    0.00    0.00    0.00    0.00    0.00    0.00    0.00    0.00  100.00
01:21:09 PM    3    1.98    0.00    0.99    0.00    0.00    0.00    0.00    0.00    0.00   97.03
01:21:09 PM    4    1.00    0.00    1.00    0.00    0.00    0.00    0.00    0.00    0.00   98.00
01:21:09 PM    5    1.01    0.00    0.00    0.00    0.00    0.00    0.00    0.00    0.00   98.99
01:21:09 PM    6    1.01    0.00    0.00    1.01    0.00    0.00    0.00    0.00    0.00   97.98
01:21:09 PM    7    0.99    0.00    1.98    0.99    0.00    0.00    0.00    0.00    0.00   96.04
01:21:09 PM    8    1.00    0.00    0.00    0.00    0.00    0.00    0.00    0.00    0.00   99.00
01:21:09 PM    9    1.00    0.00    0.00    0.00    0.00    0.00    0.00    0.00    0.00   99.00
01:21:09 PM   10    0.00    0.00    0.00    0.00    0.00    0.00    0.00    0.00    0.00  100.00
01:21:09 PM   11    0.99    0.00    0.99    0.00    0.00    0.00    0.00    0.00    0.00   98.02
01:21:09 PM   12    1.00    0.00    0.00    0.00    0.00    0.00    0.00    0.00    0.00   99.00
01:21:09 PM   13    2.00    0.00    0.00    0.00    0.00    0.00    0.00    0.00    0.00   98.00
01:21:09 PM   14    1.98    0.00    0.99    0.00    0.00    0.00    0.00    0.00    0.00   97.03
01:21:09 PM   15    0.00    0.00    1.00    0.00    0.00    0.00    0.00    0.00    0.00   99.00
01:21:09 PM   16    1.00    0.00    1.00    0.00    0.00    0.00    0.00    0.00    0.00   98.00
01:21:09 PM   17    4.00    0.00    5.00    0.00    0.00    0.00    0.00    0.00    0.00   91.00
01:21:09 PM   18    0.00    0.00    0.00    0.00    0.00    0.00    0.00    0.00    0.00  100.00
01:21:09 PM   19    0.00    0.00    0.00    0.00    0.00    0.00    0.00    0.00    0.00  100.00
01:21:09 PM   20    0.00    0.00    0.00    0.00    0.00    0.00    0.00    0.00    0.00  100.00
01:21:09 PM   21    0.00    0.00    0.00    0.00    0.00    0.00    0.00    0.00    0.00  100.00
01:21:09 PM   22    0.00    0.00    0.00    0.00    0.00    0.00    0.00    0.00    0.00  100.00
01:21:09 PM   23    1.01    0.00    0.00    0.00    0.00    0.00    0.00    0.00    0.00   98.99
01:21:09 PM   24    0.00    0.00    0.00    0.00    0.00    0.00    0.00    0.00    0.00  100.00
01:21:09 PM   25    0.00    0.00    1.00    0.00    0.00    0.00    0.00    0.00    0.00   99.00
01:21:09 PM   26    6.45    0.00   12.90    0.00    0.00    0.00    0.00    0.00    0.00   80.65
01:21:09 PM   27    7.45    0.00   17.02    0.00    0.00    0.00    0.00    0.00    0.00   75.53
01:21:09 PM   28    1.00    0.00    1.00    0.00    0.00    0.00    0.00    0.00    0.00   98.00
01:21:09 PM   29    0.00    0.00    0.00    0.00    0.00    0.00    0.00    0.00    0.00  100.00
01:21:09 PM   30    1.00    0.00    3.00    0.00    0.00    0.00    0.00    0.00    0.00   96.00
01:21:09 PM   31    1.00    0.00    0.00    0.00    0.00    0.00    0.00    0.00    0.00   99.00
01:21:09 PM   32    1.00    0.00    0.00    0.00    0.00    0.00    0.00    0.00    0.00   99.00
01:21:09 PM   33    0.00    0.00    1.02    0.00    0.00    0.00    0.00    0.00    0.00   98.98
01:21:09 PM   34    0.00    0.00    0.00    0.00    0.00    1.00    0.00    0.00    0.00   99.00
01:21:09 PM   35    0.99    0.00    0.00    0.00    0.00    0.00    0.00    0.00    0.00   99.01

Average:     CPU    %usr   %nice    %sys %iowait    %irq   %soft  %steal  %guest  %gnice   %idle
Average:     all    1.16    0.00    1.32    0.05    0.00    0.07    0.00    0.00    0.00   97.39
Average:       0    1.00    0.00    1.20    0.20    0.00    1.40    0.00    0.00    0.00   96.19
Average:       1    1.50    0.00    0.30    0.10    0.00    0.40    0.00    0.00    0.00   97.70
Average:       2    0.50    0.00    0.30    0.00    0.00    0.20    0.00    0.00    0.00   98.99
Average:       3    1.20    0.00    0.50    0.00    0.00    0.10    0.00    0.00    0.00   98.20
Average:       4    1.01    0.00    0.50    0.20    0.00    0.00    0.00    0.00    0.00   98.29
Average:       5    1.11    0.00    0.40    0.10    0.00    0.00    0.00    0.00    0.00   98.39
Average:       6    1.91    0.00    0.50    0.30    0.00    0.00    0.00    0.00    0.00   97.29
Average:       7    1.21    0.00    0.60    0.10    0.00    0.00    0.00    0.00    0.00   98.09
Average:       8    1.21    0.00    0.30    0.10    0.00    0.00    0.00    0.00    0.00   98.39
Average:       9    1.01    0.00    0.30    0.10    0.00    0.00    0.00    0.00    0.00   98.59
Average:      10    1.21    0.00    0.20    0.00    0.00    0.00    0.00    0.00    0.00   98.59
Average:      11    1.01    0.00    0.40    0.10    0.00    0.20    0.00    0.00    0.00   98.29
Average:      12    1.01    0.00    0.40    0.10    0.00    0.00    0.00    0.00    0.00   98.49
Average:      13    1.01    0.00    0.50    0.00    0.00    0.00    0.00    0.00    0.00   98.49
Average:      14    1.01    0.00    0.30    0.00    0.00    0.00    0.00    0.00    0.00   98.69
Average:      15    0.50    0.00    0.40    0.00    0.00    0.00    0.00    0.00    0.00   99.09
Average:      16    0.80    0.00    0.40    0.00    0.00    0.10    0.00    0.00    0.00   98.69
Average:      17    2.10    0.00    3.60    0.10    0.00    0.00    0.00    0.00    0.00   94.19
Average:      18    0.32    0.00    0.21    0.00    0.00    0.00    0.00    0.00    0.00   99.47
Average:      19    0.50    0.00    0.30    0.00    0.00    0.10    0.00    0.00    0.00   99.10
Average:      20    0.40    0.00    0.20    0.10    0.00    0.00    0.00    0.00    0.00   99.30
Average:      21    0.40    0.00    0.20    0.00    0.00    0.00    0.00    0.00    0.00   99.40
Average:      22    0.40    0.00    0.30    0.10    0.00    0.00    0.00    0.00    0.00   99.19
Average:      23    0.40    0.00    0.10    0.00    0.00    0.00    0.00    0.00    0.00   99.49
Average:      24    0.30    0.00    0.30    0.00    0.00    0.00    0.00    0.00    0.00   99.39
Average:      25    0.30    0.00    0.40    0.00    0.00    0.00    0.00    0.00    0.00   99.29
Average:      26    7.85    0.00   12.69    0.00    0.00    0.00    0.00    0.00    0.00   79.46
Average:      27    7.43    0.00   20.64    0.00    0.00    0.00    0.00    0.00    0.00   71.93
Average:      28    0.60    0.00    0.20    0.00    0.00    0.00    0.00    0.00    0.00   99.20
Average:      29    0.50    0.00    0.60    0.00    0.00    0.00    0.00    0.00    0.00   98.89
Average:      30    0.40    0.00    0.40    0.00    0.00    0.00    0.00    0.00    0.00   99.20
Average:      31    0.70    0.00    0.20    0.00    0.00    0.00    0.00    0.00    0.00   99.10
Average:      32    0.40    0.00    0.20    0.00    0.00    0.00    0.00    0.00    0.00   99.40
Average:      33    0.40    0.00    0.20    0.10    0.00    0.00    0.00    0.00    0.00   99.30
Average:      34    0.30    0.00    0.40    0.00    0.00    0.10    0.00    0.00    0.00   99.20
Average:      35    0.50    0.00    0.00    0.10    0.00    0.00    0.00    0.00    0.00   99.40
