Linux 5.15.0-186-generic (rapids4) 	07/28/2026 	_x86_64_	(36 CPU)

01:03:38 PM  CPU    %usr   %nice    %sys %iowait    %irq   %soft  %steal  %guest  %gnice   %idle
01:03:39 PM  all    1.48    0.00    2.40    0.03    0.00    0.59    0.00    0.00    0.00   95.51
01:03:39 PM    0    1.03    0.00    0.00    0.00    0.00    0.00    0.00    0.00    0.00   98.97
01:03:39 PM    1    1.00    0.00    0.00    0.00    0.00    0.00    0.00    0.00    0.00   99.00
01:03:39 PM    2    0.00    0.00    0.00    0.00    0.00    0.00    0.00    0.00    0.00  100.00
01:03:39 PM    3    0.00    0.00    1.00    0.00    0.00    0.00    0.00    0.00    0.00   99.00
01:03:39 PM    4    0.00    0.00    2.00    0.00    0.00    0.00    0.00    0.00    0.00   98.00
01:03:39 PM    5    1.01    0.00    0.00    0.00    0.00    0.00    0.00    0.00    0.00   98.99
01:03:39 PM    6    0.00    0.00    0.00    0.00    0.00    0.00    0.00    0.00    0.00  100.00
01:03:39 PM    7    1.00    0.00    1.00    0.00    0.00    0.00    0.00    0.00    0.00   98.00
01:03:39 PM    8    1.00    0.00    1.00    0.00    0.00    0.00    0.00    0.00    0.00   98.00
01:03:39 PM    9    1.96    0.00    0.98    0.00    0.00    0.00    0.00    0.00    0.00   97.06
01:03:39 PM   10    3.06    0.00    1.02    0.00    0.00    0.00    0.00    0.00    0.00   95.92
01:03:39 PM   11    3.92    0.00    7.84    0.00    0.00    0.00    0.00    0.00    0.00   88.24
01:03:39 PM   12    1.02    0.00    0.00    0.00    0.00    0.00    0.00    0.00    0.00   98.98
01:03:39 PM   13    0.00    0.00    1.01    0.00    0.00    0.00    0.00    0.00    0.00   98.99
01:03:39 PM   14    2.00    0.00    1.00    0.00    0.00    0.00    0.00    0.00    0.00   97.00
01:03:39 PM   15    0.99    0.00    0.99    0.99    0.00    0.00    0.00    0.00    0.00   97.03
01:03:39 PM   16    1.00    0.00    1.00    0.00    0.00    0.00    0.00    0.00    0.00   98.00
01:03:39 PM   17    0.99    0.00    0.99    0.00    0.00    0.00    0.00    0.00    0.00   98.02
01:03:39 PM   18    0.00    0.00    0.00    0.00    0.00    0.00    0.00    0.00    0.00  100.00
01:03:39 PM   19    0.00    0.00    0.00    0.00    0.00    0.00    0.00    0.00    0.00  100.00
01:03:39 PM   20    0.00    0.00    0.00    0.00    0.00    0.00    0.00    0.00    0.00  100.00
01:03:39 PM   21    1.00    0.00    0.00    0.00    0.00    0.00    0.00    0.00    0.00   99.00
01:03:39 PM   22   18.00    0.00   54.00    0.00    0.00   14.00    0.00    0.00    0.00   14.00
01:03:39 PM   23    6.06    0.00    5.05    0.00    0.00    6.06    0.00    0.00    0.00   82.83
01:03:39 PM   24    0.00    0.00    0.00    0.00    0.00    0.00    0.00    0.00    0.00  100.00
01:03:39 PM   25    1.98    0.00    0.00    0.00    0.00    0.00    0.00    0.00    0.00   98.02
01:03:39 PM   26    0.00    0.00    1.01    0.00    0.00    0.00    0.00    0.00    0.00   98.99
01:03:39 PM   27    0.00    0.00    1.01    0.00    0.00    0.00    0.00    0.00    0.00   98.99
01:03:39 PM   28    0.99    0.00    0.99    0.00    0.00    0.00    0.00    0.00    0.00   98.02
01:03:39 PM   29    1.01    0.00    1.01    0.00    0.00    0.00    0.00    0.00    0.00   97.98
01:03:39 PM   30    0.00    0.00    1.00    0.00    0.00    1.00    0.00    0.00    0.00   98.00
01:03:39 PM   31    0.00    0.00    0.00    0.00    0.00    0.00    0.00    0.00    0.00  100.00
01:03:39 PM   32    2.00    0.00    1.00    0.00    0.00    0.00    0.00    0.00    0.00   97.00
01:03:39 PM   33    1.01    0.00    0.00    0.00    0.00    0.00    0.00    0.00    0.00   98.99
01:03:39 PM   34    0.99    0.00    0.99    0.00    0.00    0.00    0.00    0.00    0.00   98.02
01:03:39 PM   35    0.00    0.00    0.00    0.00    0.00    0.00    0.00    0.00    0.00  100.00

01:03:39 PM  CPU    %usr   %nice    %sys %iowait    %irq   %soft  %steal  %guest  %gnice   %idle
01:03:40 PM  all    1.73    0.00    2.37    0.06    0.00    0.73    0.00    0.00    0.00   95.12
01:03:40 PM    0    2.04    0.00    1.02    0.00    0.00    0.00    0.00    0.00    0.00   96.94
01:03:40 PM    1    1.01    0.00    0.00    0.00    0.00    1.01    0.00    0.00    0.00   97.98
01:03:40 PM    2    2.02    0.00    1.01    0.00    0.00    0.00    0.00    0.00    0.00   96.97
01:03:40 PM    3    1.00    0.00    1.00    1.00    0.00    0.00    0.00    0.00    0.00   97.00
01:03:40 PM    4    0.00    0.00    0.00    0.00    0.00    0.00    0.00    0.00    0.00  100.00
01:03:40 PM    5    1.00    0.00    1.00    0.00    0.00    0.00    0.00    0.00    0.00   98.00
01:03:40 PM    6    2.00    0.00    1.00    0.00    0.00    0.00    0.00    0.00    0.00   97.00
01:03:40 PM    7    0.00    0.00    0.00    0.00    0.00    0.00    0.00    0.00    0.00  100.00
01:03:40 PM    8    1.00    0.00    0.00    0.00    0.00    0.00    0.00    0.00    0.00   99.00
01:03:40 PM    9    1.01    0.00    0.00    0.00    0.00    0.00    0.00    0.00    0.00   98.99
01:03:40 PM   10    1.02    0.00    1.02    0.00    0.00    0.00    0.00    0.00    0.00   97.96
01:03:40 PM   11    2.00    0.00    0.00    0.00    0.00    0.00    0.00    0.00    0.00   98.00
01:03:40 PM   12    4.95    0.00    0.99    0.00    0.00    0.00    0.00    0.00    0.00   94.06
01:03:40 PM   13    1.00    0.00    0.00    0.00    0.00    0.00    0.00    0.00    0.00   99.00
01:03:40 PM   14    1.98    0.00    0.99    0.00    0.00    0.00    0.00    0.00    0.00   97.03
01:03:40 PM   15    1.01    0.00    0.00    0.00    0.00    0.00    0.00    0.00    0.00   98.99
01:03:40 PM   16    1.01    0.00    0.00    1.01    0.00    0.00    0.00    0.00    0.00   97.98
01:03:40 PM   17    1.02    0.00    0.00    0.00    0.00    0.00    0.00    0.00    0.00   98.98
01:03:40 PM   18    1.98    0.00    0.00    0.00    0.00    0.00    0.00    0.00    0.00   98.02
01:03:40 PM   19    0.00    0.00    0.00    0.00    0.00    0.00    0.00    0.00    0.00  100.00
01:03:40 PM   20    0.99    0.00    0.00    0.00    0.00    0.00    0.00    0.00    0.00   99.01
01:03:40 PM   21    0.00    0.00    0.00    0.00    0.00    0.00    0.00    0.00    0.00  100.00
01:03:40 PM   22   15.00    0.00   65.00    0.00    0.00   20.00    0.00    0.00    0.00    0.00
01:03:40 PM   23    7.84    0.00   10.78    0.00    0.00    4.90    0.00    0.00    0.00   76.47
01:03:40 PM   24    1.01    0.00    0.00    0.00    0.00    0.00    0.00    0.00    0.00   98.99
01:03:40 PM   25    0.99    0.00    0.99    0.00    0.00    0.00    0.00    0.00    0.00   98.02
01:03:40 PM   26    0.00    0.00    0.00    0.00    0.00    0.00    0.00    0.00    0.00  100.00
01:03:40 PM   27    1.00    0.00    0.00    0.00    0.00    0.00    0.00    0.00    0.00   99.00
01:03:40 PM   28    1.00    0.00    0.00    0.00    0.00    0.00    0.00    0.00    0.00   99.00
01:03:40 PM   29    1.00    0.00    0.00    0.00    0.00    0.00    0.00    0.00    0.00   99.00
01:03:40 PM   30    1.00    0.00    0.00    0.00    0.00    0.00    0.00    0.00    0.00   99.00
01:03:40 PM   31    1.01    0.00    0.00    0.00    0.00    0.00    0.00    0.00    0.00   98.99
01:03:40 PM   32    0.00    0.00    0.00    0.00    0.00    0.00    0.00    0.00    0.00  100.00
01:03:40 PM   33    2.00    0.00    0.00    0.00    0.00    0.00    0.00    0.00    0.00   98.00
01:03:40 PM   34    0.00    0.00    0.00    0.00    0.00    0.00    0.00    0.00    0.00  100.00
01:03:40 PM   35    2.00    0.00    0.00    0.00    0.00    0.00    0.00    0.00    0.00   98.00

01:03:40 PM  CPU    %usr   %nice    %sys %iowait    %irq   %soft  %steal  %guest  %gnice   %idle
01:03:41 PM  all    1.37    0.00    2.46    0.03    0.00    0.70    0.00    0.00    0.00   95.45
01:03:41 PM    0    1.02    0.00    1.02    0.00    0.00    0.00    0.00    0.00    0.00   97.96
01:03:41 PM    1    0.00    0.00    0.00    0.00    0.00    0.00    0.00    0.00    0.00  100.00
01:03:41 PM    2    1.98    0.00    0.99    0.00    0.00    0.00    0.00    0.00    0.00   97.03
01:03:41 PM    3    0.00    0.00    0.00    0.00    0.00    0.00    0.00    0.00    0.00  100.00
01:03:41 PM    4    1.01    0.00    0.00    0.00    0.00    0.00    0.00    0.00    0.00   98.99
01:03:41 PM    5    0.99    0.00    0.99    0.00    0.00    0.00    0.00    0.00    0.00   98.02
01:03:41 PM    6    0.00    0.00    1.00    0.00    0.00    0.00    0.00    0.00    0.00   99.00
01:03:41 PM    7    0.00    0.00    1.00    0.00    0.00    0.00    0.00    0.00    0.00   99.00
01:03:41 PM    8    1.00    0.00    0.00    0.00    0.00    0.00    0.00    0.00    0.00   99.00
01:03:41 PM    9    1.98    0.00    0.00    0.99    0.00    0.00    0.00    0.00    0.00   97.03
01:03:41 PM   10    4.00    0.00    0.00    0.00    0.00    0.00    0.00    0.00    0.00   96.00
01:03:41 PM   11    3.96    0.00    5.94    0.00    0.00    0.00    0.00    0.00    0.00   90.10
01:03:41 PM   12    1.00    0.00    0.00    0.00    0.00    0.00    0.00    0.00    0.00   99.00
01:03:41 PM   13    2.00    0.00    0.00    0.00    0.00    0.00    0.00    0.00    0.00   98.00
01:03:41 PM   14    0.00    0.00    0.00    0.00    0.00    0.00    0.00    0.00    0.00  100.00
01:03:41 PM   15    0.99    0.00    0.99    0.00    0.00    0.00    0.00    0.00    0.00   98.02
01:03:41 PM   16    0.00    0.00    0.00    0.00    0.00    0.00    0.00    0.00    0.00  100.00
01:03:41 PM   17    0.00    0.00    0.00    0.00    0.00    0.00    0.00    0.00    0.00  100.00
01:03:41 PM   18    0.00    0.00    0.00    0.00    0.00    0.00    0.00    0.00    0.00  100.00
01:03:41 PM   19    1.01    0.00    0.00    0.00    0.00    0.00    0.00    0.00    0.00   98.99
01:03:41 PM   20    0.00    0.00    0.00    0.00    0.00    0.00    0.00    0.00    0.00  100.00
01:03:41 PM   21    1.01    0.00    0.00    0.00    0.00    0.00    0.00    0.00    0.00   98.99
01:03:41 PM   22   14.14    0.00   66.67    0.00    0.00   19.19    0.00    0.00    0.00    0.00
01:03:41 PM   23    6.06    0.00    8.08    0.00    0.00    6.06    0.00    0.00    0.00   79.80
01:03:41 PM   24    1.00    0.00    0.00    0.00    0.00    0.00    0.00    0.00    0.00   99.00
01:03:41 PM   25    1.00    0.00    1.00    0.00    0.00    0.00    0.00    0.00    0.00   98.00
01:03:41 PM   26    1.01    0.00    0.00    0.00    0.00    0.00    0.00    0.00    0.00   98.99
01:03:41 PM   27    0.00    0.00    0.00    0.00    0.00    0.00    0.00    0.00    0.00  100.00
01:03:41 PM   28    0.00    0.00    0.00    0.00    0.00    0.00    0.00    0.00    0.00  100.00
01:03:41 PM   29    0.00    0.00    0.00    0.00    0.00    0.00    0.00    0.00    0.00  100.00
01:03:41 PM   30    0.99    0.00    0.99    0.00    0.00    0.00    0.00    0.00    0.00   98.02
01:03:41 PM   31    1.00    0.00    0.00    0.00    0.00    0.00    0.00    0.00    0.00   99.00
01:03:41 PM   32    1.00    0.00    0.00    0.00    0.00    0.00    0.00    0.00    0.00   99.00
01:03:41 PM   33    1.00    0.00    0.00    0.00    0.00    0.00    0.00    0.00    0.00   99.00
01:03:41 PM   34    0.00    0.00    0.00    0.00    0.00    0.00    0.00    0.00    0.00  100.00
01:03:41 PM   35    0.00    0.00    0.00    0.00    0.00    0.00    0.00    0.00    0.00  100.00

01:03:41 PM  CPU    %usr   %nice    %sys %iowait    %irq   %soft  %steal  %guest  %gnice   %idle
01:03:42 PM  all    1.59    0.00    2.59    0.06    0.00    0.86    0.00    0.00    0.00   94.91
01:03:42 PM    0    1.02    0.00    0.00    0.00    0.00    1.02    0.00    0.00    0.00   97.96
01:03:42 PM    1    1.01    0.00    0.00    0.00    0.00    0.00    0.00    0.00    0.00   98.99
01:03:42 PM    2    0.00    0.00    1.00    0.00    0.00    0.00    0.00    0.00    0.00   99.00
01:03:42 PM    3    0.00    0.00    0.00    0.00    0.00    0.00    0.00    0.00    0.00  100.00
01:03:42 PM    4    0.99    0.00    0.99    0.00    0.00    0.00    0.00    0.00    0.00   98.02
01:03:42 PM    5    0.00    0.00    1.01    0.00    0.00    0.00    0.00    0.00    0.00   98.99
01:03:42 PM    6    1.00    0.00    0.00    0.00    0.00    0.00    0.00    0.00    0.00   99.00
01:03:42 PM    7    1.00    0.00    0.00    0.00    0.00    0.00    0.00    0.00    0.00   99.00
01:03:42 PM    8    0.00    0.00    0.00    0.00    0.00    0.00    0.00    0.00    0.00  100.00
01:03:42 PM    9    2.00    0.00    0.00    1.00    0.00    0.00    0.00    0.00    0.00   97.00
01:03:42 PM   10    3.96    0.00    0.99    0.00    0.00    0.00    0.00    0.00    0.00   95.05
01:03:42 PM   11    3.00    0.00    6.00    0.00    0.00    0.00    0.00    0.00    0.00   91.00
01:03:42 PM   12    3.96    0.00    0.99    0.00    0.00    0.00    0.00    0.00    0.00   95.05
01:03:42 PM   13    0.00    0.00    1.01    0.00    0.00    0.00    0.00    0.00    0.00   98.99
01:03:42 PM   14    1.98    0.00    0.99    0.00    0.00    0.00    0.00    0.00    0.00   97.03
01:03:42 PM   15    0.00    0.00    1.00    0.00    0.00    0.00    0.00    0.00    0.00   99.00
01:03:42 PM   16    1.01    0.00    0.00    0.00    0.00    0.00    0.00    0.00    0.00   98.99
01:03:42 PM   17    1.00    0.00    1.00    0.00    0.00    0.00    0.00    0.00    0.00   98.00
01:03:42 PM   18    1.00    0.00    1.00    0.00    0.00    0.00    0.00    0.00    0.00   98.00
01:03:42 PM   19    1.00    0.00    0.00    0.00    0.00    0.00    0.00    0.00    0.00   99.00
01:03:42 PM   20    1.00    0.00    1.00    0.00    0.00    0.00    0.00    0.00    0.00   98.00
01:03:42 PM   21    0.00    0.00    0.00    0.00    0.00    0.00    0.00    0.00    0.00  100.00
01:03:42 PM   22   16.83    0.00   61.39    0.00    0.00   21.78    0.00    0.00    0.00    0.00
01:03:42 PM   23    7.84    0.00    7.84    0.00    0.00    6.86    0.00    0.00    0.00   77.45
01:03:42 PM   24    0.00    0.00    0.00    0.00    0.00    0.00    0.00    0.00    0.00  100.00
01:03:42 PM   25    1.00    0.00    0.00    0.00    0.00    0.00    0.00    0.00    0.00   99.00
01:03:42 PM   26    0.98    0.00    0.98    0.00    0.00    0.00    0.00    0.00    0.00   98.04
01:03:42 PM   27    1.00    0.00    0.00    0.00    0.00    0.00    0.00    0.00    0.00   99.00
01:03:42 PM   28    0.00    0.00    1.01    0.00    0.00    0.00    0.00    0.00    0.00   98.99
01:03:42 PM   29    1.98    0.00    0.00    0.00    0.00    0.00    0.00    0.00    0.00   98.02
01:03:42 PM   30    0.00    0.00    0.00    0.00    0.00    0.00    0.00    0.00    0.00  100.00
01:03:42 PM   31    0.99    0.00    0.99    0.99    0.00    0.00    0.00    0.00    0.00   97.03
01:03:42 PM   32    0.00    0.00    1.00    0.00    0.00    1.00    0.00    0.00    0.00   98.00
01:03:42 PM   33    1.01    0.00    0.00    0.00    0.00    0.00    0.00    0.00    0.00   98.99
01:03:42 PM   34    0.00    0.00    1.00    0.00    0.00    0.00    0.00    0.00    0.00   99.00
01:03:42 PM   35    0.00    0.00    1.01    0.00    0.00    0.00    0.00    0.00    0.00   98.99

01:03:42 PM  CPU    %usr   %nice    %sys %iowait    %irq   %soft  %steal  %guest  %gnice   %idle
01:03:43 PM  all    1.59    0.00    2.40    0.06    0.00    0.70    0.00    0.00    0.00   95.26
01:03:43 PM    0    2.04    0.00    0.00    0.00    0.00    1.02    0.00    0.00    0.00   96.94
01:03:43 PM    1    0.00    0.00    1.01    0.00    0.00    0.00    0.00    0.00    0.00   98.99
01:03:43 PM    2    0.00    0.00    0.00    0.00    0.00    0.00    0.00    0.00    0.00  100.00
01:03:43 PM    3    0.98    0.00    1.96    0.00    0.00    0.00    0.00    0.00    0.00   97.06
01:03:43 PM    4    1.00    0.00    1.00    0.00    0.00    0.00    0.00    0.00    0.00   98.00
01:03:43 PM    5    1.02    0.00    0.00    0.00    0.00    0.00    0.00    0.00    0.00   98.98
01:03:43 PM    6    0.00    0.00    0.00    0.00    0.00    0.00    0.00    0.00    0.00  100.00
01:03:43 PM    7    0.99    0.00    0.99    0.00    0.00    0.00    0.00    0.00    0.00   98.02
01:03:43 PM    8    1.00    0.00    0.00    0.00    0.00    0.00    0.00    0.00    0.00   99.00
01:03:43 PM    9    1.98    0.00    1.98    0.00    0.00    0.00    0.00    0.00    0.00   96.04
01:03:43 PM   10    4.00    0.00    0.00    0.00    0.00    0.00    0.00    0.00    0.00   96.00
01:03:43 PM   11    1.01    0.00    0.00    0.00    0.00    0.00    0.00    0.00    0.00   98.99
01:03:43 PM   12    2.06    0.00    0.00    0.00    0.00    0.00    0.00    0.00    0.00   97.94
01:03:43 PM   13    3.03    0.00    0.00    1.01    0.00    0.00    0.00    0.00    0.00   95.96
01:03:43 PM   14    4.00    0.00    0.00    0.00    0.00    0.00    0.00    0.00    0.00   96.00
01:03:43 PM   15    1.01    0.00    1.01    0.00    0.00    0.00    0.00    0.00    0.00   97.98
01:03:43 PM   16    2.00    0.00    0.00    0.00    0.00    0.00    0.00    0.00    0.00   98.00
01:03:43 PM   17    1.02    0.00    0.00    0.00    0.00    0.00    0.00    0.00    0.00   98.98
01:03:43 PM   18    0.00    0.00    0.00    0.00    0.00    0.00    0.00    0.00    0.00  100.00
01:03:43 PM   19    0.00    0.00    0.00    0.00    0.00    0.00    0.00    0.00    0.00  100.00
01:03:43 PM   20    0.00    0.00    0.00    0.00    0.00    0.00    0.00    0.00    0.00  100.00
01:03:43 PM   21    0.00    0.00    0.00    0.00    0.00    0.00    0.00    0.00    0.00  100.00
01:03:43 PM   22   17.00    0.00   64.00    0.00    0.00   19.00    0.00    0.00    0.00    0.00
01:03:43 PM   23    6.12    0.00    9.18    0.00    0.00    4.08    0.00    0.00    0.00   80.61
01:03:43 PM   24    0.00    0.00    0.00    0.00    0.00    0.00    0.00    0.00    0.00  100.00
01:03:43 PM   25    1.01    0.00    0.00    0.00    0.00    0.00    0.00    0.00    0.00   98.99
01:03:43 PM   26    0.00    0.00    0.00    0.00    0.00    0.00    0.00    0.00    0.00  100.00
01:03:43 PM   27    0.00    0.00    0.99    0.00    0.00    0.00    0.00    0.00    0.00   99.01
01:03:43 PM   28    1.00    0.00    0.00    0.00    0.00    0.00    0.00    0.00    0.00   99.00
01:03:43 PM   29    1.00    0.00    1.00    0.00    0.00    0.00    0.00    0.00    0.00   98.00
01:03:43 PM   30    0.00    0.00    0.00    0.00    0.00    0.00    0.00    0.00    0.00  100.00
01:03:43 PM   31    1.01    0.00    0.00    1.01    0.00    0.00    0.00    0.00    0.00   97.98
01:03:43 PM   32    0.00    0.00    1.00    0.00    0.00    0.00    0.00    0.00    0.00   99.00
01:03:43 PM   33    0.99    0.00    0.99    0.00    0.00    0.00    0.00    0.00    0.00   98.02
01:03:43 PM   34    0.98    0.00    0.00    0.00    0.00    0.98    0.00    0.00    0.00   98.04
01:03:43 PM   35    0.99    0.00    0.99    0.00    0.00    0.00    0.00    0.00    0.00   98.02

01:03:43 PM  CPU    %usr   %nice    %sys %iowait    %irq   %soft  %steal  %guest  %gnice   %idle
01:03:44 PM  all    1.48    0.00    2.48    0.03    0.00    0.64    0.00    0.00    0.00   95.37
01:03:44 PM    0    0.00    0.00    1.01    1.01    0.00    2.02    0.00    0.00    0.00   95.96
01:03:44 PM    1    1.00    0.00    0.00    0.00    0.00    0.00    0.00    0.00    0.00   99.00
01:03:44 PM    2    1.00    0.00    0.00    0.00    0.00    0.00    0.00    0.00    0.00   99.00
01:03:44 PM    3    1.01    0.00    0.00    0.00    0.00    0.00    0.00    0.00    0.00   98.99
01:03:44 PM    4    0.99    0.00    0.99    0.00    0.00    0.00    0.00    0.00    0.00   98.02
01:03:44 PM    5    1.98    0.00    0.00    0.00    0.00    0.00    0.00    0.00    0.00   98.02
01:03:44 PM    6    0.99    0.00    0.99    0.00    0.00    0.00    0.00    0.00    0.00   98.02
01:03:44 PM    7    0.00    0.00    0.00    0.00    0.00    0.00    0.00    0.00    0.00  100.00
01:03:44 PM    8    0.00    0.00    0.00    0.00    0.00    0.00    0.00    0.00    0.00  100.00
01:03:44 PM    9    1.00    0.00    0.00    0.00    0.00    0.00    0.00    0.00    0.00   99.00
01:03:44 PM   10    3.96    0.00    0.99    0.00    0.00    0.00    0.00    0.00    0.00   95.05
01:03:44 PM   11    1.98    0.00    6.93    0.00    0.00    0.00    0.00    0.00    0.00   91.09
01:03:44 PM   12    2.97    0.00    0.00    0.00    0.00    0.00    0.00    0.00    0.00   97.03
01:03:44 PM   13    1.01    0.00    1.01    0.00    0.00    0.00    0.00    0.00    0.00   97.98
01:03:44 PM   14    1.00    0.00    1.00    0.00    0.00    0.00    0.00    0.00    0.00   98.00
01:03:44 PM   15    1.00    0.00    1.00    0.00    0.00    0.00    0.00    0.00    0.00   98.00
01:03:44 PM   16    1.01    0.00    1.01    0.00    0.00    0.00    0.00    0.00    0.00   97.98
01:03:44 PM   17    1.01    0.00    0.00    0.00    0.00    0.00    0.00    0.00    0.00   98.99
01:03:44 PM   18    0.00    0.00    1.00    0.00    0.00    0.00    0.00    0.00    0.00   99.00
01:03:44 PM   19    0.99    0.00    0.99    0.00    0.00    0.00    0.00    0.00    0.00   98.02
01:03:44 PM   20    1.00    0.00    0.00    0.00    0.00    0.00    0.00    0.00    0.00   99.00
01:03:44 PM   21    0.00    0.00    0.00    0.00    0.00    0.00    0.00    0.00    0.00  100.00
01:03:44 PM   22   19.19    0.00   64.65    0.00    0.00   16.16    0.00    0.00    0.00    0.00
01:03:44 PM   23    5.15    0.00    7.22    0.00    0.00    5.15    0.00    0.00    0.00   82.47
01:03:44 PM   24    0.00    0.00    0.00    0.00    0.00    0.00    0.00    0.00    0.00  100.00
01:03:44 PM   25    0.00    0.00    0.00    0.00    0.00    0.00    0.00    0.00    0.00  100.00
01:03:44 PM   26    0.00    0.00    0.00    0.00    0.00    0.00    0.00    0.00    0.00  100.00
01:03:44 PM   27    0.00    0.00    0.00    0.00    0.00    0.00    0.00    0.00    0.00  100.00
01:03:44 PM   28    0.00    0.00    0.00    0.00    0.00    0.00    0.00    0.00    0.00  100.00
01:03:44 PM   29    1.00    0.00    0.00    0.00    0.00    0.00    0.00    0.00    0.00   99.00
01:03:44 PM   30    0.00    0.00    1.00    0.00    0.00    0.00    0.00    0.00    0.00   99.00
01:03:44 PM   31    0.99    0.00    0.00    0.00    0.00    0.00    0.00    0.00    0.00   99.01
01:03:44 PM   32    1.01    0.00    0.00    0.00    0.00    0.00    0.00    0.00    0.00   98.99
01:03:44 PM   33    1.00    0.00    0.00    0.00    0.00    0.00    0.00    0.00    0.00   99.00
01:03:44 PM   34    0.00    0.00    0.00    0.00    0.00    0.00    0.00    0.00    0.00  100.00
01:03:44 PM   35    1.00    0.00    0.00    0.00    0.00    0.00    0.00    0.00    0.00   99.00

01:03:44 PM  CPU    %usr   %nice    %sys %iowait    %irq   %soft  %steal  %guest  %gnice   %idle
01:03:45 PM  all    1.00    0.00    2.79    0.03    0.00    0.70    0.00    0.00    0.00   95.48
01:03:45 PM    0    1.01    0.00    0.00    0.00    0.00    2.02    0.00    0.00    0.00   96.97
01:03:45 PM    1    0.99    0.00    0.99    0.00    0.00    0.00    0.00    0.00    0.00   98.02
01:03:45 PM    2    0.00    0.00    0.00    0.00    0.00    0.00    0.00    0.00    0.00  100.00
01:03:45 PM    3    0.99    0.00    0.00    0.00    0.00    0.00    0.00    0.00    0.00   99.01
01:03:45 PM    4    0.00    0.00    1.00    0.00    0.00    0.00    0.00    0.00    0.00   99.00
01:03:45 PM    5    0.00    0.00    0.00    0.00    0.00    0.00    0.00    0.00    0.00  100.00
01:03:45 PM    6    0.00    0.00    0.00    0.00    0.00    0.00    0.00    0.00    0.00  100.00
01:03:45 PM    7    0.00    0.00    0.00    0.00    0.00    0.00    0.00    0.00    0.00  100.00
01:03:45 PM    8    0.00    0.00    1.00    0.00    0.00    0.00    0.00    0.00    0.00   99.00
01:03:45 PM    9    0.00    0.00    0.00    0.00    0.00    0.00    0.00    0.00    0.00  100.00
01:03:45 PM   10    0.00    0.00    1.00    0.00    0.00    0.00    0.00    0.00    0.00   99.00
01:03:45 PM   11    2.02    0.00    5.05    0.00    0.00    1.01    0.00    0.00    0.00   91.92
01:03:45 PM   12    1.01    0.00    0.00    0.00    0.00    0.00    0.00    0.00    0.00   98.99
01:03:45 PM   13    3.00    0.00    0.00    0.00    0.00    0.00    0.00    0.00    0.00   97.00
01:03:45 PM   14    1.01    0.00    0.00    0.00    0.00    0.00    0.00    0.00    0.00   98.99
01:03:45 PM   15    0.00    0.00    0.00    0.00    0.00    0.00    0.00    0.00    0.00  100.00
01:03:45 PM   16    1.01    0.00    0.00    0.00    0.00    0.00    0.00    0.00    0.00   98.99
01:03:45 PM   17    1.00    0.00    1.00    0.00    0.00    0.00    0.00    0.00    0.00   98.00
01:03:45 PM   18    0.00    0.00    0.00    0.00    0.00    0.00    0.00    0.00    0.00  100.00
01:03:45 PM   19    0.00    0.00    0.00    0.00    0.00    0.00    0.00    0.00    0.00  100.00
01:03:45 PM   20    0.00    0.00    1.00    0.00    0.00    0.00    0.00    0.00    0.00   99.00
01:03:45 PM   21    2.97    0.00    3.96    0.00    0.00    0.00    0.00    0.00    0.00   93.07
01:03:45 PM   22   11.88    0.00   72.28    0.00    0.00   15.84    0.00    0.00    0.00    0.00
01:03:45 PM   23    6.06    0.00    8.08    0.00    0.00    6.06    0.00    0.00    0.00   79.80
01:03:45 PM   24    0.00    0.00    1.00    0.00    0.00    0.00    0.00    0.00    0.00   99.00
01:03:45 PM   25    0.00    0.00    1.00    0.00    0.00    0.00    0.00    0.00    0.00   99.00
01:03:45 PM   26    0.99    0.00    0.00    0.00    0.00    0.00    0.00    0.00    0.00   99.01
01:03:45 PM   27    0.00    0.00    0.00    0.00    0.00    0.00    0.00    0.00    0.00  100.00
01:03:45 PM   28    0.00    0.00    0.00    0.00    0.00    0.00    0.00    0.00    0.00  100.00
01:03:45 PM   29    0.00    0.00    0.00    0.00    0.00    0.00    0.00    0.00    0.00  100.00
01:03:45 PM   30    0.00    0.00    1.01    1.01    0.00    0.00    0.00    0.00    0.00   97.98
01:03:45 PM   31    0.00    0.00    0.00    0.00    0.00    0.00    0.00    0.00    0.00  100.00
01:03:45 PM   32    0.00    0.00    0.00    0.00    0.00    0.00    0.00    0.00    0.00  100.00
01:03:45 PM   33    0.00    0.00    0.00    0.00    0.00    0.00    0.00    0.00    0.00  100.00
01:03:45 PM   34    1.00    0.00    1.00    0.00    0.00    0.00    0.00    0.00    0.00   98.00
01:03:45 PM   35    1.00    0.00    0.00    0.00    0.00    0.00    0.00    0.00    0.00   99.00

01:03:45 PM  CPU    %usr   %nice    %sys %iowait    %irq   %soft  %steal  %guest  %gnice   %idle
01:03:46 PM  all    1.56    0.00    2.65    0.14    0.00    0.75    0.00    0.00    0.00   94.90
01:03:46 PM    0    1.03    0.00    1.03    0.00    0.00    0.00    0.00    0.00    0.00   97.94
01:03:46 PM    1    1.02    0.00    0.00    0.00    0.00    0.00    0.00    0.00    0.00   98.98
01:03:46 PM    2    1.01    0.00    1.01    0.00    0.00    0.00    0.00    0.00    0.00   97.98
01:03:46 PM    3    1.03    0.00    0.00    0.00    0.00    0.00    0.00    0.00    0.00   98.97
01:03:46 PM    4    1.98    0.00    0.99    0.00    0.00    0.99    0.00    0.00    0.00   96.04
01:03:46 PM    5    1.01    0.00    0.00    0.00    0.00    0.00    0.00    0.00    0.00   98.99
01:03:46 PM    6    1.00    0.00    0.00    0.00    0.00    0.00    0.00    0.00    0.00   99.00
01:03:46 PM    7    0.00    0.00    2.00    0.00    0.00    0.00    0.00    0.00    0.00   98.00
01:03:46 PM    8    2.00    0.00    1.00    0.00    0.00    0.00    0.00    0.00    0.00   97.00
01:03:46 PM    9    0.99    0.00    0.99    0.00    0.00    0.99    0.00    0.00    0.00   97.03
01:03:46 PM   10    1.00    0.00    1.00    0.00    0.00    0.00    0.00    0.00    0.00   98.00
01:03:46 PM   11    1.00    0.00    1.00    0.00    0.00    0.00    0.00    0.00    0.00   98.00
01:03:46 PM   12    5.94    0.00    0.00    0.00    0.00    0.00    0.00    0.00    0.00   94.06
01:03:46 PM   13    1.01    0.00    1.01    0.00    0.00    0.00    0.00    0.00    0.00   97.98
01:03:46 PM   14    2.00    0.00    0.00    0.00    0.00    0.00    0.00    0.00    0.00   98.00
01:03:46 PM   15    2.00    0.00    0.00    0.00    0.00    0.00    0.00    0.00    0.00   98.00
01:03:46 PM   16    1.01    0.00    0.00    2.02    0.00    0.00    0.00    0.00    0.00   96.97
01:03:46 PM   17    0.00    0.00    0.00    1.01    0.00    0.00    0.00    0.00    0.00   98.99
01:03:46 PM   18    1.01    0.00    0.00    0.00    0.00    0.00    0.00    0.00    0.00   98.99
01:03:46 PM   19    0.00    0.00    0.00    0.00    0.00    0.00    0.00    0.00    0.00  100.00
01:03:46 PM   20    1.00    0.00    0.00    0.00    0.00    0.00    0.00    0.00    0.00   99.00
01:03:46 PM   21    0.98    0.00    0.98    0.98    0.00    0.00    0.00    0.00    0.00   97.06
01:03:46 PM   22   10.00    0.00   70.00    0.00    0.00   20.00    0.00    0.00    0.00    0.00
01:03:46 PM   23    6.73    0.00   13.46    0.00    0.00    4.81    0.00    0.00    0.00   75.00
01:03:46 PM   24    1.01    0.00    0.00    0.00    0.00    0.00    0.00    0.00    0.00   98.99
01:03:46 PM   25    2.00    0.00    0.00    0.00    0.00    0.00    0.00    0.00    0.00   98.00
01:03:46 PM   26    0.00    0.00    0.00    0.00    0.00    0.00    0.00    0.00    0.00  100.00
01:03:46 PM   27    0.99    0.00    0.00    0.00    0.00    0.00    0.00    0.00    0.00   99.01
01:03:46 PM   28    1.00    0.00    0.00    0.00    0.00    0.00    0.00    0.00    0.00   99.00
01:03:46 PM   29    0.00    0.00    0.00    0.00    0.00    0.00    0.00    0.00    0.00  100.00
01:03:46 PM   30    1.98    0.00    0.00    0.99    0.00    0.00    0.00    0.00    0.00   97.03
01:03:46 PM   31    1.00    0.00    0.00    0.00    0.00    0.00    0.00    0.00    0.00   99.00
01:03:46 PM   32    1.00    0.00    0.00    0.00    0.00    0.00    0.00    0.00    0.00   99.00
01:03:46 PM   33    1.01    0.00    0.00    0.00    0.00    0.00    0.00    0.00    0.00   98.99
01:03:46 PM   34    0.00    0.00    0.00    0.00    0.00    0.00    0.00    0.00    0.00  100.00
01:03:46 PM   35    1.01    0.00    0.00    0.00    0.00    0.00    0.00    0.00    0.00   98.99

01:03:46 PM  CPU    %usr   %nice    %sys %iowait    %irq   %soft  %steal  %guest  %gnice   %idle
01:03:47 PM  all    1.62    0.00    2.62    0.00    0.00    0.81    0.00    0.00    0.00   94.96
01:03:47 PM    0    2.02    0.00    1.01    0.00    0.00    1.01    0.00    0.00    0.00   95.96
01:03:47 PM    1    0.98    0.00    2.94    0.00    0.00    0.00    0.00    0.00    0.00   96.08
01:03:47 PM    2    1.00    0.00    2.00    0.00    0.00    0.00    0.00    0.00    0.00   97.00
01:03:47 PM    3    1.00    0.00    1.00    0.00    0.00    0.00    0.00    0.00    0.00   98.00
01:03:47 PM    4    0.00    0.00    2.02    0.00    0.00    0.00    0.00    0.00    0.00   97.98
01:03:47 PM    5    2.97    0.00    0.99    0.00    0.00    0.00    0.00    0.00    0.00   96.04
01:03:47 PM    6    2.00    0.00    1.00    0.00    0.00    0.00    0.00    0.00    0.00   97.00
01:03:47 PM    7    2.00    0.00    0.00    0.00    0.00    0.00    0.00    0.00    0.00   98.00
01:03:47 PM    8    2.97    0.00    0.00    0.00    0.00    0.00    0.00    0.00    0.00   97.03
01:03:47 PM    9    0.00    0.00    1.01    0.00    0.00    0.00    0.00    0.00    0.00   98.99
01:03:47 PM   10    1.01    0.00    0.00    0.00    0.00    0.00    0.00    0.00    0.00   98.99
01:03:47 PM   11    3.03    0.00    6.06    0.00    0.00    0.00    0.00    0.00    0.00   90.91
01:03:47 PM   12    3.00    0.00    0.00    0.00    0.00    0.00    0.00    0.00    0.00   97.00
01:03:47 PM   13    5.94    0.00    0.00    0.00    0.00    0.00    0.00    0.00    0.00   94.06
01:03:47 PM   14    0.00    0.00    2.02    0.00    0.00    0.00    0.00    0.00    0.00   97.98
01:03:47 PM   15    1.00    0.00    1.00    0.00    0.00    0.00    0.00    0.00    0.00   98.00
01:03:47 PM   16    0.00    0.00    1.00    0.00    0.00    0.00    0.00    0.00    0.00   99.00
01:03:47 PM   17    1.98    0.00    0.99    0.00    0.00    0.00    0.00    0.00    0.00   97.03
01:03:47 PM   18    0.00    0.00    1.00    0.00    0.00    0.00    0.00    0.00    0.00   99.00
01:03:47 PM   19    0.00    0.00    0.00    0.00    0.00    0.00    0.00    0.00    0.00  100.00
01:03:47 PM   20    0.00    0.00    0.00    0.00    0.00    0.00    0.00    0.00    0.00  100.00
01:03:47 PM   21    0.00    0.00    0.00    0.00    0.00    0.00    0.00    0.00    0.00  100.00
01:03:47 PM   22   14.14    0.00   64.65    0.00    0.00   21.21    0.00    0.00    0.00    0.00
01:03:47 PM   23    6.19    0.00    4.12    0.00    0.00    7.22    0.00    0.00    0.00   82.47
01:03:47 PM   24    0.00    0.00    0.00    0.00    0.00    0.00    0.00    0.00    0.00  100.00
01:03:47 PM   25    0.00    0.00    0.00    0.00    0.00    0.00    0.00    0.00    0.00  100.00
01:03:47 PM   26    1.00    0.00    0.00    0.00    0.00    0.00    0.00    0.00    0.00   99.00
01:03:47 PM   27    0.99    0.00    0.99    0.00    0.00    0.00    0.00    0.00    0.00   98.02
01:03:47 PM   28    0.00    0.00    0.00    0.00    0.00    0.00    0.00    0.00    0.00  100.00
01:03:47 PM   29    1.00    0.00    0.00    0.00    0.00    0.00    0.00    0.00    0.00   99.00
01:03:47 PM   30    0.00    0.00    0.00    0.00    0.00    0.00    0.00    0.00    0.00  100.00
01:03:47 PM   31    1.00    0.00    0.00    0.00    0.00    0.00    0.00    0.00    0.00   99.00
01:03:47 PM   32    0.00    0.00    1.00    0.00    0.00    0.00    0.00    0.00    0.00   99.00
01:03:47 PM   33    0.00    0.00    0.00    0.00    0.00    0.00    0.00    0.00    0.00  100.00
01:03:47 PM   34    1.98    0.00    0.00    0.00    0.00    0.00    0.00    0.00    0.00   98.02
01:03:47 PM   35    1.00    0.00    0.00    0.00    0.00    0.00    0.00    0.00    0.00   99.00

01:03:47 PM  CPU    %usr   %nice    %sys %iowait    %irq   %soft  %steal  %guest  %gnice   %idle
01:03:48 PM  all    1.31    0.00    2.51    0.08    0.00    0.81    0.00    0.00    0.00   95.28
01:03:48 PM    0    0.00    0.00    0.00    0.00    0.00    1.03    0.00    0.00    0.00   98.97
01:03:48 PM    1    1.01    0.00    0.00    0.00    0.00    0.00    0.00    0.00    0.00   98.99
01:03:48 PM    2    0.00    0.00    0.00    0.00    0.00    0.00    0.00    0.00    0.00  100.00
01:03:48 PM    3    1.00    0.00    0.00    0.00    0.00    0.00    0.00    0.00    0.00   99.00
01:03:48 PM    4    2.00    0.00    0.00    0.00    0.00    0.00    0.00    0.00    0.00   98.00
01:03:48 PM    5    1.98    0.00    0.00    0.00    0.00    0.00    0.00    0.00    0.00   98.02
01:03:48 PM    6    1.00    0.00    1.00    1.00    0.00    0.00    0.00    0.00    0.00   97.00
01:03:48 PM    7    1.01    0.00    0.00    0.00    0.00    0.00    0.00    0.00    0.00   98.99
01:03:48 PM    8    1.00    0.00    1.00    0.00    0.00    0.00    0.00    0.00    0.00   98.00
01:03:48 PM    9    1.00    0.00    1.00    1.00    0.00    0.00    0.00    0.00    0.00   97.00
01:03:48 PM   10    1.96    0.00    1.96    0.00    0.00    0.00    0.00    0.00    0.00   96.08
01:03:48 PM   11    2.00    0.00    5.00    0.00    0.00    0.00    0.00    0.00    0.00   93.00
01:03:48 PM   12    4.00    0.00    1.00    0.00    0.00    0.00    0.00    0.00    0.00   95.00
01:03:48 PM   13    0.00    0.00    0.00    0.00    0.00    0.00    0.00    0.00    0.00  100.00
01:03:48 PM   14    1.01    0.00    0.00    0.00    0.00    0.00    0.00    0.00    0.00   98.99
01:03:48 PM   15    1.00    0.00    0.00    0.00    0.00    0.00    0.00    0.00    0.00   99.00
01:03:48 PM   16    2.00    0.00    0.00    0.00    0.00    0.00    0.00    0.00    0.00   98.00
01:03:48 PM   17    1.00    0.00    0.00    0.00    0.00    0.00    0.00    0.00    0.00   99.00
01:03:48 PM   18    0.00    0.00    0.00    0.00    0.00    0.00    0.00    0.00    0.00  100.00
01:03:48 PM   19    1.00    0.00    0.00    0.00    0.00    0.00    0.00    0.00    0.00   99.00
01:03:48 PM   20    0.00    0.00    0.00    0.00    0.00    0.00    0.00    0.00    0.00  100.00
01:03:48 PM   21    0.99    0.00    0.99    0.00    0.00    0.00    0.00    0.00    0.00   98.02
01:03:48 PM   22   12.87    0.00   65.35    0.00    0.00   21.78    0.00    0.00    0.00    0.00
01:03:48 PM   23    3.16    0.00    8.42    0.00    0.00    6.32    0.00    0.00    0.00   82.11
01:03:48 PM   24    0.99    0.00    0.99    0.00    0.00    0.00    0.00    0.00    0.00   98.02
01:03:48 PM   25    0.00    0.00    1.00    0.00    0.00    0.00    0.00    0.00    0.00   99.00
01:03:48 PM   26    1.00    0.00    0.00    0.00    0.00    0.00    0.00    0.00    0.00   99.00
01:03:48 PM   27    0.00    0.00    0.00    0.00    0.00    0.00    0.00    0.00    0.00  100.00
01:03:48 PM   28    1.00    0.00    0.00    0.00    0.00    0.00    0.00    0.00    0.00   99.00
01:03:48 PM   29    0.00    0.00    0.00    0.00    0.00    0.00    0.00    0.00    0.00  100.00
01:03:48 PM   30    0.00    0.00    0.00    1.01    0.00    0.00    0.00    0.00    0.00   98.99
01:03:48 PM   31    0.00    0.00    0.99    0.00    0.00    0.00    0.00    0.00    0.00   99.01
01:03:48 PM   32    1.00    0.00    0.00    0.00    0.00    0.00    0.00    0.00    0.00   99.00
01:03:48 PM   33    1.01    0.00    0.00    0.00    0.00    0.00    0.00    0.00    0.00   98.99
01:03:48 PM   34    0.00    0.00    0.00    0.00    0.00    0.00    0.00    0.00    0.00  100.00
01:03:48 PM   35    0.99    0.00    0.99    0.00    0.00    0.00    0.00    0.00    0.00   98.02

Average:     CPU    %usr   %nice    %sys %iowait    %irq   %soft  %steal  %guest  %gnice   %idle
Average:     all    1.47    0.00    2.53    0.05    0.00    0.73    0.00    0.00    0.00   95.22
Average:       0    1.12    0.00    0.51    0.10    0.00    0.82    0.00    0.00    0.00   97.45
Average:       1    0.80    0.00    0.50    0.00    0.00    0.10    0.00    0.00    0.00   98.59
Average:       2    0.70    0.00    0.60    0.00    0.00    0.00    0.00    0.00    0.00   98.69
Average:       3    0.70    0.00    0.50    0.10    0.00    0.00    0.00    0.00    0.00   98.69
Average:       4    0.80    0.00    0.90    0.00    0.00    0.10    0.00    0.00    0.00   98.20
Average:       5    1.20    0.00    0.40    0.00    0.00    0.00    0.00    0.00    0.00   98.40
Average:       6    0.80    0.00    0.50    0.10    0.00    0.00    0.00    0.00    0.00   98.60
Average:       7    0.60    0.00    0.50    0.00    0.00    0.00    0.00    0.00    0.00   98.89
Average:       8    1.00    0.00    0.40    0.00    0.00    0.00    0.00    0.00    0.00   98.60
Average:       9    1.20    0.00    0.60    0.30    0.00    0.10    0.00    0.00    0.00   97.80
Average:      10    2.40    0.00    0.80    0.00    0.00    0.00    0.00    0.00    0.00   96.80
Average:      11    2.40    0.00    4.40    0.00    0.00    0.10    0.00    0.00    0.00   93.11
Average:      12    3.01    0.00    0.30    0.00    0.00    0.00    0.00    0.00    0.00   96.69
Average:      13    1.71    0.00    0.40    0.10    0.00    0.00    0.00    0.00    0.00   97.78
Average:      14    1.50    0.00    0.60    0.00    0.00    0.00    0.00    0.00    0.00   97.90
Average:      15    0.90    0.00    0.60    0.10    0.00    0.00    0.00    0.00    0.00   98.40
Average:      16    1.01    0.00    0.30    0.30    0.00    0.00    0.00    0.00    0.00   98.39
Average:      17    0.91    0.00    0.40    0.10    0.00    0.00    0.00    0.00    0.00   98.59
Average:      18    0.40    0.00    0.30    0.00    0.00    0.00    0.00    0.00    0.00   99.30
Average:      19    0.40    0.00    0.10    0.00    0.00    0.00    0.00    0.00    0.00   99.50
Average:      20    0.40    0.00    0.20    0.00    0.00    0.00    0.00    0.00    0.00   99.40
Average:      21    0.70    0.00    0.60    0.10    0.00    0.00    0.00    0.00    0.00   98.59
Average:      22   14.90    0.00   64.80    0.00    0.00   18.90    0.00    0.00    0.00    1.40
Average:      23    6.15    0.00    8.27    0.00    0.00    5.75    0.00    0.00    0.00   79.84
Average:      24    0.40    0.00    0.20    0.00    0.00    0.00    0.00    0.00    0.00   99.39
Average:      25    0.80    0.00    0.40    0.00    0.00    0.00    0.00    0.00    0.00   98.80
Average:      26    0.50    0.00    0.20    0.00    0.00    0.00    0.00    0.00    0.00   99.30
Average:      27    0.40    0.00    0.30    0.00    0.00    0.00    0.00    0.00    0.00   99.30
Average:      28    0.50    0.00    0.20    0.00    0.00    0.00    0.00    0.00    0.00   99.30
Average:      29    0.70    0.00    0.20    0.00    0.00    0.00    0.00    0.00    0.00   99.10
Average:      30    0.40    0.00    0.40    0.30    0.00    0.10    0.00    0.00    0.00   98.80
Average:      31    0.70    0.00    0.20    0.20    0.00    0.00    0.00    0.00    0.00   98.90
Average:      32    0.60    0.00    0.40    0.00    0.00    0.10    0.00    0.00    0.00   98.90
Average:      33    0.90    0.00    0.10    0.00    0.00    0.00    0.00    0.00    0.00   98.99
Average:      34    0.50    0.00    0.30    0.00    0.00    0.10    0.00    0.00    0.00   99.10
Average:      35    0.80    0.00    0.30    0.00    0.00    0.00    0.00    0.00    0.00   98.90
