Linux 5.15.0-186-generic (rapids4) 	07/28/2026 	_x86_64_	(36 CPU)

01:32:12 PM  CPU    %usr   %nice    %sys %iowait    %irq   %soft  %steal  %guest  %gnice   %idle
01:32:13 PM  all    1.51    0.00    3.12    0.14    0.00    1.51    0.00    0.00    0.00   93.73
01:32:13 PM    0    1.02    0.00    0.00    0.00    0.00    1.02    0.00    0.00    0.00   97.96
01:32:13 PM    1    2.02    0.00    1.01    0.00    0.00    0.00    0.00    0.00    0.00   96.97
01:32:13 PM    2    3.03    0.00    0.00    0.00    0.00    1.01    0.00    0.00    0.00   95.96
01:32:13 PM    3    1.98    0.00    0.99    0.00    0.00    0.00    0.00    0.00    0.00   97.03
01:32:13 PM    4    2.00    0.00    1.00    0.00    0.00    0.00    0.00    0.00    0.00   97.00
01:32:13 PM    5    0.99    0.00    0.99    0.00    0.00    0.99    0.00    0.00    0.00   97.03
01:32:13 PM    6    0.00    0.00    0.00    0.00    0.00    0.00    0.00    0.00    0.00  100.00
01:32:13 PM    7    1.01    0.00    0.00    0.00    0.00    0.00    0.00    0.00    0.00   98.99
01:32:13 PM    8    0.00    0.00    1.01    0.00    0.00    0.00    0.00    0.00    0.00   98.99
01:32:13 PM    9    0.00    0.00    0.00    0.00    0.00    0.00    0.00    0.00    0.00  100.00
01:32:13 PM   10    0.00    0.00    0.00    0.00    0.00    0.00    0.00    0.00    0.00  100.00
01:32:13 PM   11    2.00    0.00    0.00    0.00    0.00    1.00    0.00    0.00    0.00   97.00
01:32:13 PM   12    0.00    0.00    1.01    0.00    0.00    0.00    0.00    0.00    0.00   98.99
01:32:13 PM   13    0.99    0.00    0.99    0.00    0.00    0.00    0.00    0.00    0.00   98.02
01:32:13 PM   14    2.97    0.00    0.00    0.00    0.00    0.00    0.00    0.00    0.00   97.03
01:32:13 PM   15    2.00    0.00    0.00    1.00    0.00    0.00    0.00    0.00    0.00   97.00
01:32:13 PM   16    1.00    0.00    1.00    0.00    0.00    0.00    0.00    0.00    0.00   98.00
01:32:13 PM   17    0.99    0.00    0.99    0.00    0.00    0.00    0.00    0.00    0.00   98.02
01:32:13 PM   18    1.01    0.00    1.01    0.00    0.00    0.00    0.00    0.00    0.00   97.98
01:32:13 PM   19    1.02    0.00    0.00    0.00    0.00    0.00    0.00    0.00    0.00   98.98
01:32:13 PM   20   13.00    0.00   50.00    0.00    0.00   22.00    0.00    0.00    0.00   15.00
01:32:13 PM   21    3.03    0.00   43.43    0.00    0.00   28.28    0.00    0.00    0.00   25.25
01:32:13 PM   22    1.01    0.00    1.01    0.00    0.00    0.00    0.00    0.00    0.00   97.98
01:32:13 PM   23    0.00    0.00    2.00    0.00    0.00    0.00    0.00    0.00    0.00   98.00
01:32:13 PM   24    1.01    0.00    1.01    0.00    0.00    0.00    0.00    0.00    0.00   97.98
01:32:13 PM   25    1.98    0.00    0.99    0.00    0.00    0.00    0.00    0.00    0.00   97.03
01:32:13 PM   26    0.99    0.00    0.00    2.97    0.00    0.00    0.00    0.00    0.00   96.04
01:32:13 PM   27    0.00    0.00    0.00    1.01    0.00    0.00    0.00    0.00    0.00   98.99
01:32:13 PM   28    1.98    0.00    0.99    0.00    0.00    0.00    0.00    0.00    0.00   97.03
01:32:13 PM   29    1.00    0.00    1.00    0.00    0.00    0.00    0.00    0.00    0.00   98.00
01:32:13 PM   30    0.00    0.00    0.00    0.00    0.00    0.00    0.00    0.00    0.00  100.00
01:32:13 PM   31    0.00    0.00    0.00    0.00    0.00    0.00    0.00    0.00    0.00  100.00
01:32:13 PM   32    0.99    0.00    0.99    0.00    0.00    0.00    0.00    0.00    0.00   98.02
01:32:13 PM   33    1.01    0.00    0.00    0.00    0.00    0.00    0.00    0.00    0.00   98.99
01:32:13 PM   34    1.98    0.00    0.99    0.00    0.00    0.00    0.00    0.00    0.00   97.03
01:32:13 PM   35    2.02    0.00    0.00    0.00    0.00    0.00    0.00    0.00    0.00   97.98

01:32:13 PM  CPU    %usr   %nice    %sys %iowait    %irq   %soft  %steal  %guest  %gnice   %idle
01:32:14 PM  all    0.92    0.00    3.65    0.00    0.00    1.76    0.00    0.00    0.00   93.67
01:32:14 PM    0    1.03    0.00    0.00    0.00    0.00    0.00    0.00    0.00    0.00   98.97
01:32:14 PM    1    4.04    0.00    5.05    0.00    0.00    0.00    0.00    0.00    0.00   90.91
01:32:14 PM    2    0.99    0.00    0.99    0.00    0.00    0.00    0.00    0.00    0.00   98.02
01:32:14 PM    3    0.00    0.00    1.01    0.00    0.00    0.00    0.00    0.00    0.00   98.99
01:32:14 PM    4    0.00    0.00    0.00    0.00    0.00    0.00    0.00    0.00    0.00  100.00
01:32:14 PM    5    1.00    0.00    1.00    0.00    0.00    0.00    0.00    0.00    0.00   98.00
01:32:14 PM    6    1.01    0.00    0.00    0.00    0.00    0.00    0.00    0.00    0.00   98.99
01:32:14 PM    7    1.98    0.00    0.00    0.00    0.00    0.00    0.00    0.00    0.00   98.02
01:32:14 PM    8    0.99    0.00    0.99    0.00    0.00    0.00    0.00    0.00    0.00   98.02
01:32:14 PM    9    1.00    0.00    0.00    0.00    0.00    0.00    0.00    0.00    0.00   99.00
01:32:14 PM   10    0.99    0.00    0.99    0.00    0.00    0.00    0.00    0.00    0.00   98.02
01:32:14 PM   11    0.00    0.00    0.00    0.00    0.00    0.00    0.00    0.00    0.00  100.00
01:32:14 PM   12    0.00    0.00    1.01    0.00    0.00    0.00    0.00    0.00    0.00   98.99
01:32:14 PM   13    0.00    0.00    0.00    0.00    0.00    0.00    0.00    0.00    0.00  100.00
01:32:14 PM   14    0.00    0.00    0.00    0.00    0.00    0.00    0.00    0.00    0.00  100.00
01:32:14 PM   15    0.00    0.00    0.00    0.00    0.00    0.00    0.00    0.00    0.00  100.00
01:32:14 PM   16    0.00    0.00    0.00    0.00    0.00    0.00    0.00    0.00    0.00  100.00
01:32:14 PM   17    0.00    0.00    0.00    0.00    0.00    0.00    0.00    0.00    0.00  100.00
01:32:14 PM   18    0.00    0.00    0.00    0.00    0.00    0.00    0.00    0.00    0.00  100.00
01:32:14 PM   19    1.98    0.00    0.00    0.00    0.00    0.00    0.00    0.00    0.00   98.02
01:32:14 PM   20    9.00    0.00   61.00    0.00    0.00   30.00    0.00    0.00    0.00    0.00
01:32:14 PM   21    2.97    0.00   54.46    0.00    0.00   32.67    0.00    0.00    0.00    9.90
01:32:14 PM   22    0.00    0.00    1.98    0.00    0.00    0.00    0.00    0.00    0.00   98.02
01:32:14 PM   23    1.00    0.00    0.00    0.00    0.00    0.00    0.00    0.00    0.00   99.00
01:32:14 PM   24    1.01    0.00    0.00    0.00    0.00    0.00    0.00    0.00    0.00   98.99
01:32:14 PM   25    0.00    0.00    1.00    0.00    0.00    0.00    0.00    0.00    0.00   99.00
01:32:14 PM   26    0.00    0.00    0.00    0.00    0.00    0.00    0.00    0.00    0.00  100.00
01:32:14 PM   27    1.00    0.00    0.00    0.00    0.00    0.00    0.00    0.00    0.00   99.00
01:32:14 PM   28    0.00    0.00    0.00    0.00    0.00    0.00    0.00    0.00    0.00  100.00
01:32:14 PM   29    0.00    0.00    0.00    0.00    0.00    0.00    0.00    0.00    0.00  100.00
01:32:14 PM   30    1.00    0.00    0.00    0.00    0.00    0.00    0.00    0.00    0.00   99.00
01:32:14 PM   31    0.99    0.00    0.00    0.00    0.00    0.00    0.00    0.00    0.00   99.01
01:32:14 PM   32    0.00    0.00    0.00    0.00    0.00    0.00    0.00    0.00    0.00  100.00
01:32:14 PM   33    0.00    0.00    0.00    0.00    0.00    0.00    0.00    0.00    0.00  100.00
01:32:14 PM   34    0.00    0.00    1.01    0.00    0.00    0.00    0.00    0.00    0.00   98.99
01:32:14 PM   35    1.00    0.00    0.00    0.00    0.00    0.00    0.00    0.00    0.00   99.00

01:32:14 PM  CPU    %usr   %nice    %sys %iowait    %irq   %soft  %steal  %guest  %gnice   %idle
01:32:15 PM  all    1.26    0.00    3.71    0.08    0.00    1.87    0.00    0.00    0.00   93.08
01:32:15 PM    0    1.02    0.00    0.00    0.00    0.00    2.04    0.00    0.00    0.00   96.94
01:32:15 PM    1    0.00    0.00    5.05    0.00    0.00    0.00    0.00    0.00    0.00   94.95
01:32:15 PM    2    1.01    0.00    1.01    1.01    0.00    0.00    0.00    0.00    0.00   96.97
01:32:15 PM    3    1.01    0.00    0.00    0.00    0.00    0.00    0.00    0.00    0.00   98.99
01:32:15 PM    4    0.00    0.00    0.00    0.00    0.00    0.00    0.00    0.00    0.00  100.00
01:32:15 PM    5    2.00    0.00    1.00    0.00    0.00    0.00    0.00    0.00    0.00   97.00
01:32:15 PM    6    1.98    0.00    0.99    0.00    0.00    0.00    0.00    0.00    0.00   97.03
01:32:15 PM    7    1.00    0.00    1.00    1.00    0.00    0.00    0.00    0.00    0.00   97.00
01:32:15 PM    8    1.01    0.00    0.00    0.00    0.00    0.00    0.00    0.00    0.00   98.99
01:32:15 PM    9    0.00    0.00    0.00    0.00    0.00    0.00    0.00    0.00    0.00  100.00
01:32:15 PM   10    1.01    0.00    0.00    1.01    0.00    0.00    0.00    0.00    0.00   97.98
01:32:15 PM   11    1.00    0.00    1.00    0.00    0.00    0.00    0.00    0.00    0.00   98.00
01:32:15 PM   12    2.97    0.00    0.00    0.00    0.00    0.00    0.00    0.00    0.00   97.03
01:32:15 PM   13    1.00    0.00    0.00    0.00    0.00    0.00    0.00    0.00    0.00   99.00
01:32:15 PM   14    3.00    0.00    0.00    0.00    0.00    0.00    0.00    0.00    0.00   97.00
01:32:15 PM   15    1.96    0.00    0.98    0.00    0.00    0.00    0.00    0.00    0.00   97.06
01:32:15 PM   16    1.01    0.00    0.00    0.00    0.00    0.00    0.00    0.00    0.00   98.99
01:32:15 PM   17    0.00    0.00    1.01    0.00    0.00    0.00    0.00    0.00    0.00   98.99
01:32:15 PM   18    1.00    0.00    0.00    0.00    0.00    0.00    0.00    0.00    0.00   99.00
01:32:15 PM   19    1.00    0.00    0.00    0.00    0.00    0.00    0.00    0.00    0.00   99.00
01:32:15 PM   20   11.00    0.00   58.00    0.00    0.00   31.00    0.00    0.00    0.00    0.00
01:32:15 PM   21    3.92    0.00   52.94    0.00    0.00   33.33    0.00    0.00    0.00    9.80
01:32:15 PM   22    1.01    0.00    0.00    0.00    0.00    0.00    0.00    0.00    0.00   98.99
01:32:15 PM   23    1.01    0.00    0.00    0.00    0.00    0.00    0.00    0.00    0.00   98.99
01:32:15 PM   24    0.00    0.00    0.00    0.00    0.00    0.00    0.00    0.00    0.00  100.00
01:32:15 PM   25    1.01    0.00    5.05    0.00    0.00    0.00    0.00    0.00    0.00   93.94
01:32:15 PM   26    0.00    0.00    1.00    0.00    0.00    0.00    0.00    0.00    0.00   99.00
01:32:15 PM   27    0.00    0.00    0.00    0.00    0.00    0.00    0.00    0.00    0.00  100.00
01:32:15 PM   28    0.00    0.00    1.01    0.00    0.00    0.00    0.00    0.00    0.00   98.99
01:32:15 PM   29    1.00    0.00    1.00    0.00    0.00    0.00    0.00    0.00    0.00   98.00
01:32:15 PM   30    1.00    0.00    0.00    0.00    0.00    0.00    0.00    0.00    0.00   99.00
01:32:15 PM   31    0.00    0.00    0.00    0.00    0.00    0.00    0.00    0.00    0.00  100.00
01:32:15 PM   32    1.00    0.00    0.00    0.00    0.00    0.00    0.00    0.00    0.00   99.00
01:32:15 PM   33    0.00    0.00    0.00    0.00    0.00    0.00    0.00    0.00    0.00  100.00
01:32:15 PM   34    1.00    0.00    0.00    0.00    0.00    0.00    0.00    0.00    0.00   99.00
01:32:15 PM   35    0.00    0.00    1.00    0.00    0.00    0.00    0.00    0.00    0.00   99.00

01:32:15 PM  CPU    %usr   %nice    %sys %iowait    %irq   %soft  %steal  %guest  %gnice   %idle
01:32:16 PM  all    1.23    0.00    3.49    0.00    0.00    1.78    0.00    0.00    0.00   93.50
01:32:16 PM    0    1.02    0.00    0.00    0.00    0.00    1.02    0.00    0.00    0.00   97.96
01:32:16 PM    1    2.00    0.00    3.00    0.00    0.00    1.00    0.00    0.00    0.00   94.00
01:32:16 PM    2    1.01    0.00    0.00    0.00    0.00    0.00    0.00    0.00    0.00   98.99
01:32:16 PM    3    0.00    0.00    1.01    0.00    0.00    0.00    0.00    0.00    0.00   98.99
01:32:16 PM    4    1.00    0.00    0.00    0.00    0.00    0.00    0.00    0.00    0.00   99.00
01:32:16 PM    5    0.00    0.00    0.00    0.00    0.00    0.00    0.00    0.00    0.00  100.00
01:32:16 PM    6    1.00    0.00    1.00    0.00    0.00    0.00    0.00    0.00    0.00   98.00
01:32:16 PM    7    1.01    0.00    0.00    0.00    0.00    0.00    0.00    0.00    0.00   98.99
01:32:16 PM    8    0.00    0.00    0.00    0.00    0.00    0.00    0.00    0.00    0.00  100.00
01:32:16 PM    9    1.00    0.00    0.00    0.00    0.00    0.00    0.00    0.00    0.00   99.00
01:32:16 PM   10    0.00    0.00    0.00    0.00    0.00    0.99    0.00    0.00    0.00   99.01
01:32:16 PM   11    0.00    0.00    0.00    0.00    0.00    0.00    0.00    0.00    0.00  100.00
01:32:16 PM   12    1.00    0.00    0.00    0.00    0.00    0.00    0.00    0.00    0.00   99.00
01:32:16 PM   13    1.98    0.00    0.00    0.00    0.00    0.00    0.00    0.00    0.00   98.02
01:32:16 PM   14    2.97    0.00    0.99    0.00    0.00    0.00    0.00    0.00    0.00   96.04
01:32:16 PM   15    1.00    0.00    1.00    0.00    0.00    0.00    0.00    0.00    0.00   98.00
01:32:16 PM   16    1.00    0.00    0.00    0.00    0.00    0.00    0.00    0.00    0.00   99.00
01:32:16 PM   17    1.00    0.00    0.00    0.00    0.00    0.00    0.00    0.00    0.00   99.00
01:32:16 PM   18    0.00    0.00    0.00    0.00    0.00    0.00    0.00    0.00    0.00  100.00
01:32:16 PM   19    0.99    0.00    0.99    0.00    0.00    0.00    0.00    0.00    0.00   98.02
01:32:16 PM   20   11.00    0.00   61.00    0.00    0.00   28.00    0.00    0.00    0.00    0.00
01:32:16 PM   21    2.02    0.00   54.55    0.00    0.00   33.33    0.00    0.00    0.00   10.10
01:32:16 PM   22    0.00    0.00    0.00    0.00    0.00    0.00    0.00    0.00    0.00  100.00
01:32:16 PM   23    2.02    0.00    0.00    0.00    0.00    0.00    0.00    0.00    0.00   97.98
01:32:16 PM   24    1.00    0.00    1.00    0.00    0.00    0.00    0.00    0.00    0.00   98.00
01:32:16 PM   25    1.00    0.00    1.00    0.00    0.00    0.00    0.00    0.00    0.00   98.00
01:32:16 PM   26    1.00    0.00    0.00    0.00    0.00    0.00    0.00    0.00    0.00   99.00
01:32:16 PM   27    0.00    0.00    0.00    0.00    0.00    0.00    0.00    0.00    0.00  100.00
01:32:16 PM   28    2.00    0.00    0.00    0.00    0.00    0.00    0.00    0.00    0.00   98.00
01:32:16 PM   29    0.00    0.00    0.00    0.00    0.00    0.00    0.00    0.00    0.00  100.00
01:32:16 PM   30    0.00    0.00    0.00    0.00    0.00    0.00    0.00    0.00    0.00  100.00
01:32:16 PM   31    2.00    0.00    0.00    0.00    0.00    0.00    0.00    0.00    0.00   98.00
01:32:16 PM   32    1.01    0.00    0.00    0.00    0.00    0.00    0.00    0.00    0.00   98.99
01:32:16 PM   33    0.99    0.00    0.00    0.00    0.00    0.00    0.00    0.00    0.00   99.01
01:32:16 PM   34    1.00    0.00    0.00    0.00    0.00    0.00    0.00    0.00    0.00   99.00
01:32:16 PM   35    1.00    0.00    0.00    0.00    0.00    0.00    0.00    0.00    0.00   99.00

01:32:16 PM  CPU    %usr   %nice    %sys %iowait    %irq   %soft  %steal  %guest  %gnice   %idle
01:32:17 PM  all    1.23    0.00    3.55    0.06    0.00    1.70    0.00    0.00    0.00   93.47
01:32:17 PM    0    1.00    0.00    0.00    0.00    0.00    3.00    0.00    0.00    0.00   96.00
01:32:17 PM    1    4.04    0.00    5.05    0.00    0.00    0.00    0.00    0.00    0.00   90.91
01:32:17 PM    2    1.01    0.00    0.00    0.00    0.00    0.00    0.00    0.00    0.00   98.99
01:32:17 PM    3    1.01    0.00    1.01    0.00    0.00    0.00    0.00    0.00    0.00   97.98
01:32:17 PM    4    1.01    0.00    0.00    0.00    0.00    0.00    0.00    0.00    0.00   98.99
01:32:17 PM    5    0.00    0.00    0.00    0.00    0.00    0.00    0.00    0.00    0.00  100.00
01:32:17 PM    6    0.99    0.00    1.98    0.00    0.00    0.00    0.00    0.00    0.00   97.03
01:32:17 PM    7    0.99    0.00    0.99    0.00    0.00    0.00    0.00    0.00    0.00   98.02
01:32:17 PM    8    1.00    0.00    0.00    0.00    0.00    0.00    0.00    0.00    0.00   99.00
01:32:17 PM    9    0.00    0.00    1.01    0.00    0.00    0.00    0.00    0.00    0.00   98.99
01:32:17 PM   10    1.01    0.00    0.00    0.00    0.00    0.00    0.00    0.00    0.00   98.99
01:32:17 PM   11    0.00    0.00    0.00    1.00    0.00    1.00    0.00    0.00    0.00   98.00
01:32:17 PM   12    2.00    0.00    0.00    0.00    0.00    0.00    0.00    0.00    0.00   98.00
01:32:17 PM   13    1.00    0.00    0.00    0.00    0.00    0.00    0.00    0.00    0.00   99.00
01:32:17 PM   14    2.00    0.00    0.00    0.00    0.00    0.00    0.00    0.00    0.00   98.00
01:32:17 PM   15    1.01    0.00    0.00    0.00    0.00    0.00    0.00    0.00    0.00   98.99
01:32:17 PM   16    0.99    0.00    0.00    0.00    0.00    0.00    0.00    0.00    0.00   99.01
01:32:17 PM   17    0.00    0.00    0.00    0.00    0.00    0.00    0.00    0.00    0.00  100.00
01:32:17 PM   18    1.00    0.00    0.00    0.00    0.00    0.00    0.00    0.00    0.00   99.00
01:32:17 PM   19    1.00    0.00    0.00    0.00    0.00    0.00    0.00    0.00    0.00   99.00
01:32:17 PM   20   11.11    0.00   60.61    0.00    0.00   28.28    0.00    0.00    0.00    0.00
01:32:17 PM   21    3.09    0.00   56.70    0.00    0.00   29.90    0.00    0.00    0.00   10.31
01:32:17 PM   22    0.00    0.00    0.00    0.00    0.00    0.00    0.00    0.00    0.00  100.00
01:32:17 PM   23    0.00    0.00    0.00    0.00    0.00    0.00    0.00    0.00    0.00  100.00
01:32:17 PM   24    1.01    0.00    0.00    0.00    0.00    0.00    0.00    0.00    0.00   98.99
01:32:17 PM   25    0.00    0.00    0.00    1.01    0.00    0.00    0.00    0.00    0.00   98.99
01:32:17 PM   26    1.98    0.00    0.00    0.00    0.00    0.00    0.00    0.00    0.00   98.02
01:32:17 PM   27    1.98    0.00    0.00    0.00    0.00    0.00    0.00    0.00    0.00   98.02
01:32:17 PM   28    0.00    0.00    0.00    0.00    0.00    0.00    0.00    0.00    0.00  100.00
01:32:17 PM   29    0.00    0.00    0.00    0.00    0.00    0.00    0.00    0.00    0.00  100.00
01:32:17 PM   30    0.00    0.00    0.00    0.00    0.00    0.00    0.00    0.00    0.00  100.00
01:32:17 PM   31    1.00    0.00    0.00    0.00    0.00    0.00    0.00    0.00    0.00   99.00
01:32:17 PM   32    1.98    0.00    0.00    0.00    0.00    0.00    0.00    0.00    0.00   98.02
01:32:17 PM   33    0.00    0.00    1.01    0.00    0.00    0.00    0.00    0.00    0.00   98.99
01:32:17 PM   34    1.01    0.00    0.00    0.00    0.00    0.00    0.00    0.00    0.00   98.99
01:32:17 PM   35    0.00    0.00    1.00    0.00    0.00    0.00    0.00    0.00    0.00   99.00

01:32:17 PM  CPU    %usr   %nice    %sys %iowait    %irq   %soft  %steal  %guest  %gnice   %idle
01:32:18 PM  all    1.20    0.00    3.18    0.03    0.00    2.04    0.00    0.00    0.00   93.55
01:32:18 PM    0    0.00    0.00    1.01    0.00    0.00    3.03    0.00    0.00    0.00   95.96
01:32:18 PM    1    5.05    0.00    0.00    0.00    0.00    0.00    0.00    0.00    0.00   94.95
01:32:18 PM    2    0.00    0.00    1.00    0.00    0.00    0.00    0.00    0.00    0.00   99.00
01:32:18 PM    3    0.00    0.00    0.00    0.00    0.00    0.00    0.00    0.00    0.00  100.00
01:32:18 PM    4    1.01    0.00    0.00    0.00    0.00    0.00    0.00    0.00    0.00   98.99
01:32:18 PM    5    1.98    0.00    0.99    0.00    0.00    0.00    0.00    0.00    0.00   97.03
01:32:18 PM    6    1.01    0.00    0.00    0.00    0.00    0.00    0.00    0.00    0.00   98.99
01:32:18 PM    7    1.98    0.00    0.99    0.00    0.00    0.00    0.00    0.00    0.00   97.03
01:32:18 PM    8    0.00    0.00    0.00    0.00    0.00    0.00    0.00    0.00    0.00  100.00
01:32:18 PM    9    1.01    0.00    0.00    0.00    0.00    0.00    0.00    0.00    0.00   98.99
01:32:18 PM   10    0.00    0.00    0.00    1.01    0.00    0.00    0.00    0.00    0.00   98.99
01:32:18 PM   11    0.00    0.00    0.00    0.00    0.00    0.00    0.00    0.00    0.00  100.00
01:32:18 PM   12    0.00    0.00    0.00    0.00    0.00    0.00    0.00    0.00    0.00  100.00
01:32:18 PM   13    1.01    0.00    0.00    0.00    0.00    0.00    0.00    0.00    0.00   98.99
01:32:18 PM   14    5.00    0.00    0.00    0.00    0.00    0.00    0.00    0.00    0.00   95.00
01:32:18 PM   15    1.98    0.00    0.99    0.00    0.00    0.00    0.00    0.00    0.00   97.03
01:32:18 PM   16    0.00    0.00    0.00    0.00    0.00    0.00    0.00    0.00    0.00  100.00
01:32:18 PM   17    1.01    0.00    0.00    0.00    0.00    0.00    0.00    0.00    0.00   98.99
01:32:18 PM   18    1.00    0.00    0.00    0.00    0.00    0.00    0.00    0.00    0.00   99.00
01:32:18 PM   19    0.00    0.00    1.00    0.00    0.00    0.00    0.00    0.00    0.00   99.00
01:32:18 PM   20   12.87    0.00   50.50    0.00    0.00   36.63    0.00    0.00    0.00    0.00
01:32:18 PM   21    3.03    0.00   53.54    0.00    0.00   33.33    0.00    0.00    0.00   10.10
01:32:18 PM   22    1.00    0.00    0.00    0.00    0.00    0.00    0.00    0.00    0.00   99.00
01:32:18 PM   23    0.00    0.00    0.00    0.00    0.00    0.00    0.00    0.00    0.00  100.00
01:32:18 PM   24    0.00    0.00    0.00    0.00    0.00    0.00    0.00    0.00    0.00  100.00
01:32:18 PM   25    0.00    0.00    1.00    0.00    0.00    0.00    0.00    0.00    0.00   99.00
01:32:18 PM   26    0.00    0.00    0.00    0.00    0.00    0.00    0.00    0.00    0.00  100.00
01:32:18 PM   27    0.00    0.00    1.00    0.00    0.00    0.00    0.00    0.00    0.00   99.00
01:32:18 PM   28    0.00    0.00    0.00    0.00    0.00    0.00    0.00    0.00    0.00  100.00
01:32:18 PM   29    1.00    0.00    0.00    0.00    0.00    0.00    0.00    0.00    0.00   99.00
01:32:18 PM   30    0.99    0.00    0.99    0.00    0.00    0.00    0.00    0.00    0.00   98.02
01:32:18 PM   31    0.00    0.00    0.00    0.00    0.00    0.00    0.00    0.00    0.00  100.00
01:32:18 PM   32    0.00    0.00    0.00    0.00    0.00    0.00    0.00    0.00    0.00  100.00
01:32:18 PM   33    1.00    0.00    0.00    0.00    0.00    0.00    0.00    0.00    0.00   99.00
01:32:18 PM   34    1.00    0.00    0.00    0.00    0.00    0.00    0.00    0.00    0.00   99.00
01:32:18 PM   35    0.00    0.00    1.00    0.00    0.00    0.00    0.00    0.00    0.00   99.00

01:32:18 PM  CPU    %usr   %nice    %sys %iowait    %irq   %soft  %steal  %guest  %gnice   %idle
01:32:19 PM  all    2.15    0.00    3.61    0.14    0.00    1.71    0.00    0.00    0.00   92.40
01:32:19 PM    0    2.00    0.00    1.00    0.00    0.00    2.00    0.00    0.00    0.00   95.00
01:32:19 PM    1    3.03    0.00    7.07    0.00    0.00    0.00    0.00    0.00    0.00   89.90
01:32:19 PM    2    2.00    0.00    1.00    0.00    0.00    0.00    0.00    0.00    0.00   97.00
01:32:19 PM    3    2.00    0.00    0.00    0.00    0.00    1.00    0.00    0.00    0.00   97.00
01:32:19 PM    4    3.00    0.00    1.00    0.00    0.00    0.00    0.00    0.00    0.00   96.00
01:32:19 PM    5    1.02    0.00    0.00    0.00    0.00    0.00    0.00    0.00    0.00   98.98
01:32:19 PM    6    5.00    0.00    0.00    0.00    0.00    0.00    0.00    0.00    0.00   95.00
01:32:19 PM    7    4.95    0.00    1.98    0.00    0.00    0.00    0.00    0.00    0.00   93.07
01:32:19 PM    8    1.01    0.00    0.00    0.00    0.00    0.00    0.00    0.00    0.00   98.99
01:32:19 PM    9    1.01    0.00    0.00    0.00    0.00    0.00    0.00    0.00    0.00   98.99
01:32:19 PM   10    2.00    0.00    0.00    0.00    0.00    0.00    0.00    0.00    0.00   98.00
01:32:19 PM   11    0.99    0.00    0.99    0.00    0.00    0.99    0.00    0.00    0.00   97.03
01:32:19 PM   12    2.00    0.00    1.00    0.00    0.00    0.00    0.00    0.00    0.00   97.00
01:32:19 PM   13    2.02    0.00    0.00    0.00    0.00    0.00    0.00    0.00    0.00   97.98
01:32:19 PM   14    3.00    0.00    0.00    1.00    0.00    0.00    0.00    0.00    0.00   96.00
01:32:19 PM   15    1.02    0.00    0.00    0.00    0.00    0.00    0.00    0.00    0.00   98.98
01:32:19 PM   16    1.02    0.00    0.00    0.00    0.00    0.00    0.00    0.00    0.00   98.98
01:32:19 PM   17    1.01    0.00    0.00    0.00    0.00    0.00    0.00    0.00    0.00   98.99
01:32:19 PM   18    1.01    0.00    0.00    0.00    0.00    0.00    0.00    0.00    0.00   98.99
01:32:19 PM   19    1.01    0.00    0.00    1.01    0.00    0.00    0.00    0.00    0.00   97.98
01:32:19 PM   20   15.00    0.00   55.00    0.00    0.00   30.00    0.00    0.00    0.00    0.00
01:32:19 PM   21    6.19    0.00   55.67    0.00    0.00   27.84    0.00    0.00    0.00   10.31
01:32:19 PM   22    1.02    0.00    0.00    0.00    0.00    0.00    0.00    0.00    0.00   98.98
01:32:19 PM   23    2.00    0.00    0.00    0.00    0.00    0.00    0.00    0.00    0.00   98.00
01:32:19 PM   24    1.00    0.00    1.00    0.00    0.00    0.00    0.00    0.00    0.00   98.00
01:32:19 PM   25    1.01    0.00    0.00    0.00    0.00    0.00    0.00    0.00    0.00   98.99
01:32:19 PM   26    1.00    0.00    0.00    0.00    0.00    0.00    0.00    0.00    0.00   99.00
01:32:19 PM   27    0.00    0.00    0.00    0.00    0.00    0.00    0.00    0.00    0.00  100.00
01:32:19 PM   28    0.00    0.00    2.00    0.00    0.00    0.00    0.00    0.00    0.00   98.00
01:32:19 PM   29    1.01    0.00    1.01    0.00    0.00    0.00    0.00    0.00    0.00   97.98
01:32:19 PM   30    1.01    0.00    0.00    1.01    0.00    0.00    0.00    0.00    0.00   97.98
01:32:19 PM   31    1.01    0.00    1.01    0.00    0.00    0.00    0.00    0.00    0.00   97.98
01:32:19 PM   32    2.02    0.00    0.00    1.01    0.00    0.00    0.00    0.00    0.00   96.97
01:32:19 PM   33    1.01    0.00    0.00    0.00    0.00    0.00    0.00    0.00    0.00   98.99
01:32:19 PM   34    2.97    0.00    0.99    0.99    0.00    0.00    0.00    0.00    0.00   95.05
01:32:19 PM   35    1.01    0.00    0.00    0.00    0.00    0.00    0.00    0.00    0.00   98.99

01:32:19 PM  CPU    %usr   %nice    %sys %iowait    %irq   %soft  %steal  %guest  %gnice   %idle
01:32:20 PM  all    0.84    0.00    3.48    0.06    0.00    1.95    0.00    0.00    0.00   93.68
01:32:20 PM    0    0.00    0.00    0.00    0.00    0.00    4.95    0.00    0.00    0.00   95.05
01:32:20 PM    1    0.00    0.00    0.00    0.00    0.00    0.00    0.00    0.00    0.00  100.00
01:32:20 PM    2    1.00    0.00    0.00    0.00    0.00    0.00    0.00    0.00    0.00   99.00
01:32:20 PM    3    1.96    0.00    0.98    0.00    0.00    0.00    0.00    0.00    0.00   97.06
01:32:20 PM    4    0.00    0.00    0.00    0.00    0.00    0.00    0.00    0.00    0.00  100.00
01:32:20 PM    5    0.00    0.00    0.00    0.00    0.00    0.00    0.00    0.00    0.00  100.00
01:32:20 PM    6    0.00    0.00    0.00    0.00    0.00    0.00    0.00    0.00    0.00  100.00
01:32:20 PM    7    0.00    0.00    0.00    0.00    0.00    0.00    0.00    0.00    0.00  100.00
01:32:20 PM    8    0.00    0.00    1.00    0.00    0.00    0.00    0.00    0.00    0.00   99.00
01:32:20 PM    9    0.00    0.00    1.00    0.00    0.00    0.00    0.00    0.00    0.00   99.00
01:32:20 PM   10    0.00    0.00    1.00    0.00    0.00    0.00    0.00    0.00    0.00   99.00
01:32:20 PM   11    1.01    0.00    0.00    0.00    0.00    0.00    0.00    0.00    0.00   98.99
01:32:20 PM   12    1.00    0.00    0.00    0.00    0.00    0.00    0.00    0.00    0.00   99.00
01:32:20 PM   13    1.00    0.00    0.00    0.00    0.00    0.00    0.00    0.00    0.00   99.00
01:32:20 PM   14    1.98    0.00    0.99    0.00    0.00    0.00    0.00    0.00    0.00   97.03
01:32:20 PM   15    0.00    0.00    0.00    0.00    0.00    0.00    0.00    0.00    0.00  100.00
01:32:20 PM   16    1.00    0.00    1.00    0.00    0.00    0.00    0.00    0.00    0.00   98.00
01:32:20 PM   17    2.97    0.00    6.93    0.00    0.00    0.00    0.00    0.00    0.00   90.10
01:32:20 PM   18    0.00    0.00    0.00    0.00    0.00    0.00    0.00    0.00    0.00  100.00
01:32:20 PM   19    0.00    0.00    0.00    0.00    0.00    0.00    0.00    0.00    0.00  100.00
01:32:20 PM   20   12.12    0.00   54.55    0.00    0.00   33.33    0.00    0.00    0.00    0.00
01:32:20 PM   21    3.03    0.00   54.55    0.00    0.00   32.32    0.00    0.00    0.00   10.10
01:32:20 PM   22    0.00    0.00    0.00    0.00    0.00    0.00    0.00    0.00    0.00  100.00
01:32:20 PM   23    0.00    0.00    0.00    0.00    0.00    0.00    0.00    0.00    0.00  100.00
01:32:20 PM   24    0.00    0.00    0.00    1.01    0.00    0.00    0.00    0.00    0.00   98.99
01:32:20 PM   25    1.01    0.00    0.00    0.00    0.00    0.00    0.00    0.00    0.00   98.99
01:32:20 PM   26    0.99    0.00    0.00    0.00    0.00    0.00    0.00    0.00    0.00   99.01
01:32:20 PM   27    0.00    0.00    0.00    0.00    0.00    0.00    0.00    0.00    0.00  100.00
01:32:20 PM   28    0.99    0.00    0.99    0.00    0.00    0.00    0.00    0.00    0.00   98.02
01:32:20 PM   29    0.00    0.00    1.00    0.00    0.00    0.00    0.00    0.00    0.00   99.00
01:32:20 PM   30    0.00    0.00    0.00    0.00    0.00    0.00    0.00    0.00    0.00  100.00
01:32:20 PM   31    0.00    0.00    0.00    1.01    0.00    0.00    0.00    0.00    0.00   98.99
01:32:20 PM   32    0.00    0.00    1.00    0.00    0.00    0.00    0.00    0.00    0.00   99.00
01:32:20 PM   33    0.00    0.00    1.01    0.00    0.00    0.00    0.00    0.00    0.00   98.99
01:32:20 PM   34    0.00    0.00    0.00    0.00    0.00    0.00    0.00    0.00    0.00  100.00
01:32:20 PM   35    0.00    0.00    0.00    0.00    0.00    0.00    0.00    0.00    0.00  100.00

01:32:20 PM  CPU    %usr   %nice    %sys %iowait    %irq   %soft  %steal  %guest  %gnice   %idle
01:32:21 PM  all    1.22    0.00    3.37    0.17    0.00    1.95    0.00    0.00    0.00   93.30
01:32:21 PM    0    0.98    0.00    0.00    0.00    0.00    4.90    0.00    0.00    0.00   94.12
01:32:21 PM    1    1.00    0.00    1.00    0.00    0.00    0.00    0.00    0.00    0.00   98.00
01:32:21 PM    2    0.00    0.00    0.00    0.00    0.00    0.00    0.00    0.00    0.00  100.00
01:32:21 PM    3    0.00    0.00    1.01    0.00    0.00    0.00    0.00    0.00    0.00   98.99
01:32:21 PM    4    1.98    0.00    0.00    0.99    0.00    0.00    0.00    0.00    0.00   97.03
01:32:21 PM    5    1.01    0.00    0.00    0.00    0.00    0.00    0.00    0.00    0.00   98.99
01:32:21 PM    6    2.00    0.00    0.00    0.00    0.00    0.00    0.00    0.00    0.00   98.00
01:32:21 PM    7    1.98    0.00    0.00    0.00    0.00    0.00    0.00    0.00    0.00   98.02
01:32:21 PM    8    1.00    0.00    0.00    0.00    0.00    0.00    0.00    0.00    0.00   99.00
01:32:21 PM    9    0.00    0.00    0.00    0.00    0.00    0.00    0.00    0.00    0.00  100.00
01:32:21 PM   10    1.00    0.00    1.00    0.00    0.00    0.00    0.00    0.00    0.00   98.00
01:32:21 PM   11    1.00    0.00    0.00    1.00    0.00    0.00    0.00    0.00    0.00   98.00
01:32:21 PM   12    1.01    0.00    0.00    0.00    0.00    0.00    0.00    0.00    0.00   98.99
01:32:21 PM   13    2.00    0.00    1.00    0.00    0.00    0.00    0.00    0.00    0.00   97.00
01:32:21 PM   14    3.03    0.00    0.00    0.00    0.00    0.00    0.00    0.00    0.00   96.97
01:32:21 PM   15    0.00    0.00    1.00    0.00    0.00    0.00    0.00    0.00    0.00   99.00
01:32:21 PM   16    0.00    0.00    0.00    1.01    0.00    0.00    0.00    0.00    0.00   98.99
01:32:21 PM   17    1.00    0.00    0.00    0.00    0.00    0.00    0.00    0.00    0.00   99.00
01:32:21 PM   18    0.00    0.00    0.00    0.00    0.00    0.00    0.00    0.00    0.00  100.00
01:32:21 PM   19    1.00    0.00    0.00    0.00    0.00    0.00    0.00    0.00    0.00   99.00
01:32:21 PM   20   10.89    0.00   57.43    0.00    0.00   31.68    0.00    0.00    0.00    0.00
01:32:21 PM   21    4.90    0.00   52.94    0.00    0.00   32.35    0.00    0.00    0.00    9.80
01:32:21 PM   22    0.00    0.00    1.00    1.00    0.00    0.00    0.00    0.00    0.00   98.00
01:32:21 PM   23    0.00    0.00    0.00    1.01    0.00    0.00    0.00    0.00    0.00   98.99
01:32:21 PM   24    1.01    0.00    0.00    0.00    0.00    0.00    0.00    0.00    0.00   98.99
01:32:21 PM   25    1.00    0.00    1.00    0.00    0.00    0.00    0.00    0.00    0.00   98.00
01:32:21 PM   26    1.01    0.00    0.00    0.00    0.00    0.00    0.00    0.00    0.00   98.99
01:32:21 PM   27    0.00    0.00    0.00    0.00    0.00    0.00    0.00    0.00    0.00  100.00
01:32:21 PM   28    1.00    0.00    0.00    0.00    0.00    0.00    0.00    0.00    0.00   99.00
01:32:21 PM   29    0.00    0.00    1.00    1.00    0.00    0.00    0.00    0.00    0.00   98.00
01:32:21 PM   30    1.00    0.00    0.00    0.00    0.00    0.00    0.00    0.00    0.00   99.00
01:32:21 PM   31    1.00    0.00    0.00    0.00    0.00    0.00    0.00    0.00    0.00   99.00
01:32:21 PM   32    1.00    0.00    0.00    0.00    0.00    0.00    0.00    0.00    0.00   99.00
01:32:21 PM   33    0.99    0.00    0.99    0.00    0.00    0.00    0.00    0.00    0.00   98.02
01:32:21 PM   34    0.00    0.00    0.00    0.00    0.00    0.00    0.00    0.00    0.00  100.00
01:32:21 PM   35    0.00    0.00    0.00    0.00    0.00    0.00    0.00    0.00    0.00  100.00

01:32:21 PM  CPU    %usr   %nice    %sys %iowait    %irq   %soft  %steal  %guest  %gnice   %idle
01:32:22 PM  all    1.54    0.00    3.69    0.03    0.00    1.76    0.00    0.00    0.00   92.99
01:32:22 PM    0    2.06    0.00    0.00    0.00    0.00    0.00    0.00    0.00    0.00   97.94
01:32:22 PM    1    1.00    0.00    0.00    0.00    0.00    0.00    0.00    0.00    0.00   99.00
01:32:22 PM    2    1.01    0.00    0.00    0.00    0.00    0.00    0.00    0.00    0.00   98.99
01:32:22 PM    3    0.00    0.00    0.00    0.00    0.00    0.00    0.00    0.00    0.00  100.00
01:32:22 PM    4    2.97    0.00    0.99    0.00    0.00    0.00    0.00    0.00    0.00   96.04
01:32:22 PM    5    3.03    0.00    1.01    0.00    0.00    0.00    0.00    0.00    0.00   95.96
01:32:22 PM    6    1.01    0.00    1.01    0.00    0.00    0.00    0.00    0.00    0.00   97.98
01:32:22 PM    7    2.02    0.00    1.01    0.00    0.00    0.00    0.00    0.00    0.00   96.97
01:32:22 PM    8    1.00    0.00    1.00    0.00    0.00    0.00    0.00    0.00    0.00   98.00
01:32:22 PM    9    2.02    0.00    0.00    0.00    0.00    0.00    0.00    0.00    0.00   97.98
01:32:22 PM   10    1.01    0.00    0.00    0.00    0.00    0.00    0.00    0.00    0.00   98.99
01:32:22 PM   11    0.99    0.00    0.99    0.00    0.00    0.99    0.00    0.00    0.00   97.03
01:32:22 PM   12    1.01    0.00    1.01    0.00    0.00    0.00    0.00    0.00    0.00   97.98
01:32:22 PM   13    3.92    0.00    0.00    0.00    0.00    0.00    0.00    0.00    0.00   96.08
01:32:22 PM   14    1.01    0.00    0.00    0.00    0.00    0.00    0.00    0.00    0.00   98.99
01:32:22 PM   15    2.00    0.00    0.00    0.00    0.00    0.00    0.00    0.00    0.00   98.00
01:32:22 PM   16    0.99    0.00    0.99    0.00    0.00    0.00    0.00    0.00    0.00   98.02
01:32:22 PM   17    2.00    0.00    8.00    0.00    0.00    0.00    0.00    0.00    0.00   90.00
01:32:22 PM   18    0.00    0.00    0.00    0.00    0.00    0.00    0.00    0.00    0.00  100.00
01:32:22 PM   19    0.00    0.00    0.00    0.00    0.00    0.00    0.00    0.00    0.00  100.00
01:32:22 PM   20   17.00    0.00   56.00    0.00    0.00   27.00    0.00    0.00    0.00    0.00
01:32:22 PM   21    1.02    0.00   53.06    0.00    0.00   35.71    0.00    0.00    0.00   10.20
01:32:22 PM   22    1.01    0.00    0.00    0.00    0.00    0.00    0.00    0.00    0.00   98.99
01:32:22 PM   23    0.00    0.00    0.00    0.00    0.00    0.00    0.00    0.00    0.00  100.00
01:32:22 PM   24    0.00    0.00    1.00    0.00    0.00    0.00    0.00    0.00    0.00   99.00
01:32:22 PM   25    0.00    0.00    0.00    0.00    0.00    0.00    0.00    0.00    0.00  100.00
01:32:22 PM   26    0.00    0.00    1.01    0.00    0.00    0.00    0.00    0.00    0.00   98.99
01:32:22 PM   27    0.00    0.00    0.00    0.00    0.00    0.00    0.00    0.00    0.00  100.00
01:32:22 PM   28    1.00    0.00    1.00    0.00    0.00    0.00    0.00    0.00    0.00   98.00
01:32:22 PM   29    1.00    0.00    0.00    0.00    0.00    0.00    0.00    0.00    0.00   99.00
01:32:22 PM   30    1.00    0.00    2.00    0.00    0.00    0.00    0.00    0.00    0.00   97.00
01:32:22 PM   31    1.00    0.00    1.00    0.00    0.00    0.00    0.00    0.00    0.00   98.00
01:32:22 PM   32    1.00    0.00    0.00    0.00    0.00    0.00    0.00    0.00    0.00   99.00
01:32:22 PM   33    0.00    0.00    1.00    0.00    0.00    0.00    0.00    0.00    0.00   99.00
01:32:22 PM   34    1.00    0.00    1.00    1.00    0.00    0.00    0.00    0.00    0.00   97.00
01:32:22 PM   35    1.00    0.00    0.00    0.00    0.00    0.00    0.00    0.00    0.00   99.00

Average:     CPU    %usr   %nice    %sys %iowait    %irq   %soft  %steal  %guest  %gnice   %idle
Average:     all    1.31    0.00    3.48    0.07    0.00    1.80    0.00    0.00    0.00   93.34
Average:       0    1.01    0.00    0.20    0.00    0.00    2.22    0.00    0.00    0.00   96.57
Average:       1    2.22    0.00    2.72    0.00    0.00    0.10    0.00    0.00    0.00   94.96
Average:       2    1.11    0.00    0.40    0.10    0.00    0.10    0.00    0.00    0.00   98.29
Average:       3    0.80    0.00    0.60    0.00    0.00    0.10    0.00    0.00    0.00   98.49
Average:       4    1.31    0.00    0.30    0.10    0.00    0.00    0.00    0.00    0.00   98.29
Average:       5    1.11    0.00    0.50    0.00    0.00    0.10    0.00    0.00    0.00   98.29
Average:       6    1.40    0.00    0.50    0.00    0.00    0.00    0.00    0.00    0.00   98.09
Average:       7    1.70    0.00    0.60    0.10    0.00    0.00    0.00    0.00    0.00   97.60
Average:       8    0.60    0.00    0.40    0.00    0.00    0.00    0.00    0.00    0.00   98.99
Average:       9    0.61    0.00    0.20    0.00    0.00    0.00    0.00    0.00    0.00   99.19
Average:      10    0.70    0.00    0.30    0.20    0.00    0.10    0.00    0.00    0.00   98.70
Average:      11    0.70    0.00    0.30    0.20    0.00    0.40    0.00    0.00    0.00   98.40
Average:      12    1.10    0.00    0.40    0.00    0.00    0.00    0.00    0.00    0.00   98.49
Average:      13    1.50    0.00    0.20    0.00    0.00    0.00    0.00    0.00    0.00   98.30
Average:      14    2.50    0.00    0.20    0.10    0.00    0.00    0.00    0.00    0.00   97.20
Average:      15    1.10    0.00    0.40    0.10    0.00    0.00    0.00    0.00    0.00   98.40
Average:      16    0.70    0.00    0.30    0.10    0.00    0.00    0.00    0.00    0.00   98.90
Average:      17    1.00    0.00    1.71    0.00    0.00    0.00    0.00    0.00    0.00   97.29
Average:      18    0.50    0.00    0.10    0.00    0.00    0.00    0.00    0.00    0.00   99.40
Average:      19    0.80    0.00    0.20    0.10    0.00    0.00    0.00    0.00    0.00   98.90
Average:      20   12.30    0.00   56.40    0.00    0.00   29.80    0.00    0.00    0.00    1.50
Average:      21    3.32    0.00   53.17    0.00    0.00   31.92    0.00    0.00    0.00   11.58
Average:      22    0.50    0.00    0.40    0.10    0.00    0.00    0.00    0.00    0.00   98.99
Average:      23    0.61    0.00    0.20    0.10    0.00    0.00    0.00    0.00    0.00   99.09
Average:      24    0.60    0.00    0.40    0.10    0.00    0.00    0.00    0.00    0.00   98.89
Average:      25    0.70    0.00    1.01    0.10    0.00    0.00    0.00    0.00    0.00   98.19
Average:      26    0.70    0.00    0.20    0.30    0.00    0.00    0.00    0.00    0.00   98.80
Average:      27    0.30    0.00    0.10    0.10    0.00    0.00    0.00    0.00    0.00   99.50
Average:      28    0.70    0.00    0.60    0.00    0.00    0.00    0.00    0.00    0.00   98.69
Average:      29    0.50    0.00    0.50    0.10    0.00    0.00    0.00    0.00    0.00   98.90
Average:      30    0.60    0.00    0.30    0.10    0.00    0.00    0.00    0.00    0.00   98.99
Average:      31    0.70    0.00    0.20    0.10    0.00    0.00    0.00    0.00    0.00   99.00
Average:      32    0.90    0.00    0.20    0.10    0.00    0.00    0.00    0.00    0.00   98.80
Average:      33    0.50    0.00    0.40    0.00    0.00    0.00    0.00    0.00    0.00   99.10
Average:      34    1.00    0.00    0.40    0.20    0.00    0.00    0.00    0.00    0.00   98.40
Average:      35    0.60    0.00    0.30    0.00    0.00    0.00    0.00    0.00    0.00   99.10
