Linux 5.15.0-186-generic (rapids4) 	07/28/2026 	_x86_64_	(36 CPU)

01:42:05 PM  CPU    %usr   %nice    %sys %iowait    %irq   %soft  %steal  %guest  %gnice   %idle
01:42:06 PM  all    2.98    0.00    2.45    0.03    0.00    1.50    0.00    0.00    0.00   93.04
01:42:06 PM    0    3.06    0.00    4.08    0.00    0.00    1.02    0.00    0.00    0.00   91.84
01:42:06 PM    1    4.04    0.00    1.01    0.00    0.00    1.01    0.00    0.00    0.00   93.94
01:42:06 PM    2    2.00    0.00    0.00    0.00    0.00    0.00    0.00    0.00    0.00   98.00
01:42:06 PM    3    3.00    0.00    2.00    0.00    0.00    0.00    0.00    0.00    0.00   95.00
01:42:06 PM    4    0.00    0.00    0.00    0.00    0.00    0.00    0.00    0.00    0.00  100.00
01:42:06 PM    5    2.00    0.00    1.00    0.00    0.00    0.00    0.00    0.00    0.00   97.00
01:42:06 PM    6    0.00    0.00    1.02    0.00    0.00    0.00    0.00    0.00    0.00   98.98
01:42:06 PM    7    1.03    0.00    0.00    0.00    0.00    0.00    0.00    0.00    0.00   98.97
01:42:06 PM    8    2.00    0.00    1.00    0.00    0.00    0.00    0.00    0.00    0.00   97.00
01:42:06 PM    9    2.97    0.00    0.99    0.00    0.00    0.00    0.00    0.00    0.00   96.04
01:42:06 PM   10    1.02    0.00    0.00    0.00    0.00    0.00    0.00    0.00    0.00   98.98
01:42:06 PM   11    2.00    0.00    1.00    0.00    0.00    0.00    0.00    0.00    0.00   97.00
01:42:06 PM   12    1.00    0.00    1.00    1.00    0.00    0.00    0.00    0.00    0.00   97.00
01:42:06 PM   13    2.02    0.00    1.01    0.00    0.00    0.00    0.00    0.00    0.00   96.97
01:42:06 PM   14    3.96    0.00    0.00    0.00    0.00    0.00    0.00    0.00    0.00   96.04
01:42:06 PM   15    3.00    0.00    2.00    0.00    0.00    0.00    0.00    0.00    0.00   95.00
01:42:06 PM   16    0.99    0.00    0.99    0.00    0.00    0.00    0.00    0.00    0.00   98.02
01:42:06 PM   17    1.98    0.00    1.98    0.00    0.00    0.00    0.00    0.00    0.00   96.04
01:42:06 PM   18    0.00    0.00    0.00    0.00    0.00    0.00    0.00    0.00    0.00  100.00
01:42:06 PM   19    2.00    0.00    0.00    0.00    0.00    0.00    0.00    0.00    0.00   98.00
01:42:06 PM   20    1.01    0.00    0.00    0.00    0.00    0.00    0.00    0.00    0.00   98.99
01:42:06 PM   21    2.97    0.00    0.00    0.00    0.00    0.00    0.00    0.00    0.00   97.03
01:42:06 PM   22    0.00    0.00    0.00    0.00    0.00    1.00    0.00    0.00    0.00   99.00
01:42:06 PM   23    2.97    0.00    0.00    0.00    0.00    0.00    0.00    0.00    0.00   97.03
01:42:06 PM   24   24.00    0.00   29.00    0.00    0.00   31.00    0.00    0.00    0.00   16.00
01:42:06 PM   25   24.75    0.00   35.64    0.00    0.00   19.80    0.00    0.00    0.00   19.80
01:42:06 PM   26    3.00    0.00    0.00    0.00    0.00    0.00    0.00    0.00    0.00   97.00
01:42:06 PM   27    0.99    0.00    0.99    0.00    0.00    0.00    0.00    0.00    0.00   98.02
01:42:06 PM   28    1.00    0.00    0.00    0.00    0.00    0.00    0.00    0.00    0.00   99.00
01:42:06 PM   29    1.98    0.00    0.99    0.00    0.00    0.00    0.00    0.00    0.00   97.03
01:42:06 PM   30    0.99    0.00    0.99    0.00    0.00    0.00    0.00    0.00    0.00   98.02
01:42:06 PM   31    0.00    0.00    0.00    0.00    0.00    0.00    0.00    0.00    0.00  100.00
01:42:06 PM   32    1.01    0.00    0.00    0.00    0.00    0.00    0.00    0.00    0.00   98.99
01:42:06 PM   33    1.00    0.00    0.00    0.00    0.00    0.00    0.00    0.00    0.00   99.00
01:42:06 PM   34    1.98    0.00    0.99    0.00    0.00    0.00    0.00    0.00    0.00   97.03
01:42:06 PM   35    1.00    0.00    0.00    0.00    0.00    0.00    0.00    0.00    0.00   99.00

01:42:06 PM  CPU    %usr   %nice    %sys %iowait    %irq   %soft  %steal  %guest  %gnice   %idle
01:42:07 PM  all    1.74    0.00    3.22    0.00    0.00    1.74    0.00    0.00    0.00   93.31
01:42:07 PM    0    0.00    0.00    0.00    0.00    0.00    3.03    0.00    0.00    0.00   96.97
01:42:07 PM    1    3.03    0.00    1.01    0.00    0.00    0.00    0.00    0.00    0.00   95.96
01:42:07 PM    2    0.00    0.00    0.00    0.00    0.00    0.00    0.00    0.00    0.00  100.00
01:42:07 PM    3    4.04    0.00    0.00    0.00    0.00    0.00    0.00    0.00    0.00   95.96
01:42:07 PM    4    1.02    0.00    0.00    0.00    0.00    0.00    0.00    0.00    0.00   98.98
01:42:07 PM    5    0.00    0.00    7.14    0.00    0.00    0.00    0.00    0.00    0.00   92.86
01:42:07 PM    6    0.99    0.00    0.99    0.00    0.00    0.00    0.00    0.00    0.00   98.02
01:42:07 PM    7    0.99    0.00    0.99    0.00    0.00    0.00    0.00    0.00    0.00   98.02
01:42:07 PM    8    0.00    0.00    0.00    0.00    0.00    0.00    0.00    0.00    0.00  100.00
01:42:07 PM    9    1.01    0.00    0.00    0.00    0.00    0.00    0.00    0.00    0.00   98.99
01:42:07 PM   10    1.00    0.00    0.00    0.00    0.00    0.00    0.00    0.00    0.00   99.00
01:42:07 PM   11    1.00    0.00    1.00    0.00    0.00    0.00    0.00    0.00    0.00   98.00
01:42:07 PM   12    0.00    0.00    0.00    0.00    0.00    0.00    0.00    0.00    0.00  100.00
01:42:07 PM   13    1.00    0.00    1.00    0.00    0.00    0.00    0.00    0.00    0.00   98.00
01:42:07 PM   14    1.00    0.00    1.00    0.00    0.00    0.00    0.00    0.00    0.00   98.00
01:42:07 PM   15    0.00    0.00    2.00    0.00    0.00    0.00    0.00    0.00    0.00   98.00
01:42:07 PM   16    0.00    0.00    0.00    0.00    0.00    0.00    0.00    0.00    0.00  100.00
01:42:07 PM   17    1.01    0.00    0.00    0.00    0.00    0.00    0.00    0.00    0.00   98.99
01:42:07 PM   18    0.00    0.00    1.01    0.00    0.00    0.00    0.00    0.00    0.00   98.99
01:42:07 PM   19    0.00    0.00    1.00    0.00    0.00    0.00    0.00    0.00    0.00   99.00
01:42:07 PM   20    0.00    0.00    1.00    0.00    0.00    0.00    0.00    0.00    0.00   99.00
01:42:07 PM   21    0.00    0.00    1.00    0.00    0.00    0.00    0.00    0.00    0.00   99.00
01:42:07 PM   22    1.01    0.00    0.00    0.00    0.00    0.00    0.00    0.00    0.00   98.99
01:42:07 PM   23    0.00    0.00    1.01    0.00    0.00    0.00    0.00    0.00    0.00   98.99
01:42:07 PM   24   26.00    0.00   42.00    0.00    0.00   32.00    0.00    0.00    0.00    0.00
01:42:07 PM   25   18.18    0.00   50.51    0.00    0.00   26.26    0.00    0.00    0.00    5.05
01:42:07 PM   26    0.00    0.00    0.00    0.00    0.00    0.00    0.00    0.00    0.00  100.00
01:42:07 PM   27    0.00    0.00    0.00    0.00    0.00    0.00    0.00    0.00    0.00  100.00
01:42:07 PM   28    1.00    0.00    0.00    0.00    0.00    1.00    0.00    0.00    0.00   98.00
01:42:07 PM   29    0.00    0.00    1.00    0.00    0.00    0.00    0.00    0.00    0.00   99.00
01:42:07 PM   30    0.00    0.00    1.00    0.00    0.00    0.00    0.00    0.00    0.00   99.00
01:42:07 PM   31    0.00    0.00    0.00    0.00    0.00    0.00    0.00    0.00    0.00  100.00
01:42:07 PM   32    0.00    0.00    1.00    0.00    0.00    0.00    0.00    0.00    0.00   99.00
01:42:07 PM   33    0.00    0.00    0.00    0.00    0.00    0.00    0.00    0.00    0.00  100.00
01:42:07 PM   34    0.00    0.00    0.00    0.00    0.00    0.00    0.00    0.00    0.00  100.00
01:42:07 PM   35    0.00    0.00    0.00    0.00    0.00    0.00    0.00    0.00    0.00  100.00

01:42:07 PM  CPU    %usr   %nice    %sys %iowait    %irq   %soft  %steal  %guest  %gnice   %idle
01:42:08 PM  all    2.46    0.00    3.27    0.08    0.00    1.37    0.00    0.00    0.00   92.83
01:42:08 PM    0    1.03    0.00    0.00    0.00    0.00    1.03    0.00    0.00    0.00   97.94
01:42:08 PM    1    4.90    0.00    0.98    0.00    0.00    0.00    0.00    0.00    0.00   94.12
01:42:08 PM    2    1.01    0.00    2.02    1.01    0.00    0.00    0.00    0.00    0.00   95.96
01:42:08 PM    3    3.92    0.00    1.96    0.98    0.00    0.00    0.00    0.00    0.00   93.14
01:42:08 PM    4    0.99    0.00    0.99    0.00    0.00    0.00    0.00    0.00    0.00   98.02
01:42:08 PM    5    2.04    0.00    5.10    0.00    0.00    0.00    0.00    0.00    0.00   92.86
01:42:08 PM    6    1.01    0.00    0.00    0.00    0.00    0.00    0.00    0.00    0.00   98.99
01:42:08 PM    7    1.01    0.00    0.00    0.00    0.00    0.00    0.00    0.00    0.00   98.99
01:42:08 PM    8    0.99    0.00    1.98    0.00    0.00    0.00    0.00    0.00    0.00   97.03
01:42:08 PM    9    0.00    0.00    2.00    0.00    0.00    0.00    0.00    0.00    0.00   98.00
01:42:08 PM   10    0.00    0.00    1.01    0.00    0.00    0.00    0.00    0.00    0.00   98.99
01:42:08 PM   11    1.01    0.00    1.01    0.00    0.00    0.00    0.00    0.00    0.00   97.98
01:42:08 PM   12    1.00    0.00    0.00    0.00    0.00    0.00    0.00    0.00    0.00   99.00
01:42:08 PM   13    0.00    0.00    1.01    0.00    0.00    0.00    0.00    0.00    0.00   98.99
01:42:08 PM   14    1.01    0.00    0.00    0.00    0.00    0.00    0.00    0.00    0.00   98.99
01:42:08 PM   15    0.00    0.00    0.00    1.01    0.00    0.00    0.00    0.00    0.00   98.99
01:42:08 PM   16    1.01    0.00    0.00    0.00    0.00    0.00    0.00    0.00    0.00   98.99
01:42:08 PM   17    1.01    0.00    0.00    0.00    0.00    0.00    0.00    0.00    0.00   98.99
01:42:08 PM   18    0.00    0.00    0.00    0.00    0.00    0.00    0.00    0.00    0.00  100.00
01:42:08 PM   19    0.00    0.00    0.00    0.00    0.00    0.00    0.00    0.00    0.00  100.00
01:42:08 PM   20    1.00    0.00    0.00    0.00    0.00    0.00    0.00    0.00    0.00   99.00
01:42:08 PM   21    1.01    0.00    0.00    0.00    0.00    0.00    0.00    0.00    0.00   98.99
01:42:08 PM   22    0.99    0.00    0.99    0.00    0.00    0.00    0.00    0.00    0.00   98.02
01:42:08 PM   23    0.00    0.00    0.00    0.00    0.00    0.00    0.00    0.00    0.00  100.00
01:42:08 PM   24   26.00    0.00   46.00    0.00    0.00   28.00    0.00    0.00    0.00    0.00
01:42:08 PM   25   28.28    0.00   47.47    0.00    0.00   19.19    0.00    0.00    0.00    5.05
01:42:08 PM   26    1.00    0.00    1.00    0.00    0.00    0.00    0.00    0.00    0.00   98.00
01:42:08 PM   27    1.00    0.00    1.00    0.00    0.00    0.00    0.00    0.00    0.00   98.00
01:42:08 PM   28    1.02    0.00    0.00    0.00    0.00    0.00    0.00    0.00    0.00   98.98
01:42:08 PM   29    2.00    0.00    0.00    0.00    0.00    0.00    0.00    0.00    0.00   98.00
01:42:08 PM   30    0.00    0.00    0.00    0.00    0.00    0.00    0.00    0.00    0.00  100.00
01:42:08 PM   31    1.98    0.00    0.99    0.00    0.00    0.00    0.00    0.00    0.00   97.03
01:42:08 PM   32    1.01    0.00    0.00    0.00    0.00    0.00    0.00    0.00    0.00   98.99
01:42:08 PM   33    0.00    0.00    0.00    0.00    0.00    0.00    0.00    0.00    0.00  100.00
01:42:08 PM   34    0.00    0.00    0.99    0.00    0.00    0.99    0.00    0.00    0.00   98.02
01:42:08 PM   35    0.99    0.00    0.99    0.00    0.00    0.00    0.00    0.00    0.00   98.02

01:42:08 PM  CPU    %usr   %nice    %sys %iowait    %irq   %soft  %steal  %guest  %gnice   %idle
01:42:09 PM  all    1.96    0.00    2.91    0.00    0.00    1.76    0.00    0.00    0.00   93.37
01:42:09 PM    0    1.00    0.00    0.00    0.00    0.00    3.00    0.00    0.00    0.00   96.00
01:42:09 PM    1    4.12    0.00    0.00    0.00    0.00    0.00    0.00    0.00    0.00   95.88
01:42:09 PM    2    1.02    0.00    0.00    0.00    0.00    0.00    0.00    0.00    0.00   98.98
01:42:09 PM    3    2.00    0.00    0.00    0.00    0.00    0.00    0.00    0.00    0.00   98.00
01:42:09 PM    4    0.00    0.00    0.00    0.00    0.00    0.00    0.00    0.00    0.00  100.00
01:42:09 PM    5    1.98    0.00    0.99    0.00    0.00    0.00    0.00    0.00    0.00   97.03
01:42:09 PM    6    0.00    0.00    0.00    0.00    0.00    0.00    0.00    0.00    0.00  100.00
01:42:09 PM    7    1.01    0.00    0.00    0.00    0.00    0.00    0.00    0.00    0.00   98.99
01:42:09 PM    8    1.01    0.00    0.00    0.00    0.00    0.00    0.00    0.00    0.00   98.99
01:42:09 PM    9    2.00    0.00    0.00    0.00    0.00    0.00    0.00    0.00    0.00   98.00
01:42:09 PM   10    0.00    0.00    0.00    0.00    0.00    0.00    0.00    0.00    0.00  100.00
01:42:09 PM   11    0.00    0.00    0.00    0.00    0.00    0.00    0.00    0.00    0.00  100.00
01:42:09 PM   12    0.00    0.00    1.01    0.00    0.00    0.00    0.00    0.00    0.00   98.99
01:42:09 PM   13    0.00    0.00    1.00    0.00    0.00    0.00    0.00    0.00    0.00   99.00
01:42:09 PM   14    2.00    0.00    1.00    0.00    0.00    0.00    0.00    0.00    0.00   97.00
01:42:09 PM   15    0.00    0.00    0.00    0.00    0.00    0.00    0.00    0.00    0.00  100.00
01:42:09 PM   16    0.00    0.00    0.00    0.00    0.00    0.00    0.00    0.00    0.00  100.00
01:42:09 PM   17    0.00    0.00    1.00    0.00    0.00    0.00    0.00    0.00    0.00   99.00
01:42:09 PM   18    0.00    0.00    1.00    0.00    0.00    0.00    0.00    0.00    0.00   99.00
01:42:09 PM   19    0.00    0.00    0.00    0.00    0.00    0.00    0.00    0.00    0.00  100.00
01:42:09 PM   20    0.00    0.00    1.01    0.00    0.00    0.00    0.00    0.00    0.00   98.99
01:42:09 PM   21    1.00    0.00    1.00    0.00    0.00    0.00    0.00    0.00    0.00   98.00
01:42:09 PM   22    1.00    0.00    0.00    0.00    0.00    0.00    0.00    0.00    0.00   99.00
01:42:09 PM   23    0.00    0.00    0.99    0.00    0.00    0.99    0.00    0.00    0.00   98.02
01:42:09 PM   24   19.00    0.00   47.00    0.00    0.00   34.00    0.00    0.00    0.00    0.00
01:42:09 PM   25   28.28    0.00   41.41    0.00    0.00   25.25    0.00    0.00    0.00    5.05
01:42:09 PM   26    1.00    0.00    1.00    0.00    0.00    0.00    0.00    0.00    0.00   98.00
01:42:09 PM   27    0.99    0.00    0.99    0.00    0.00    0.00    0.00    0.00    0.00   98.02
01:42:09 PM   28    0.00    0.00    1.00    0.00    0.00    0.00    0.00    0.00    0.00   99.00
01:42:09 PM   29    0.00    0.00    0.00    0.00    0.00    0.00    0.00    0.00    0.00  100.00
01:42:09 PM   30    0.00    0.00    0.00    0.00    0.00    0.00    0.00    0.00    0.00  100.00
01:42:09 PM   31    0.00    0.00    1.01    0.00    0.00    0.00    0.00    0.00    0.00   98.99
01:42:09 PM   32    0.00    0.00    1.01    0.00    0.00    0.00    0.00    0.00    0.00   98.99
01:42:09 PM   33    0.98    0.00    1.96    0.00    0.00    0.00    0.00    0.00    0.00   97.06
01:42:09 PM   34    1.01    0.00    0.00    0.00    0.00    0.00    0.00    0.00    0.00   98.99
01:42:09 PM   35    1.01    0.00    0.00    0.00    0.00    0.00    0.00    0.00    0.00   98.99

01:42:09 PM  CPU    %usr   %nice    %sys %iowait    %irq   %soft  %steal  %guest  %gnice   %idle
01:42:10 PM  all    2.82    0.00    2.93    0.11    0.00    1.53    0.00    0.00    0.00   92.61
01:42:10 PM    0    2.04    0.00    0.00    0.00    0.00    3.06    0.00    0.00    0.00   94.90
01:42:10 PM    1    3.96    0.00    0.00    0.00    0.00    0.00    0.00    0.00    0.00   96.04
01:42:10 PM    2    1.00    0.00    1.00    0.00    0.00    0.00    0.00    0.00    0.00   98.00
01:42:10 PM    3    1.04    0.00    0.00    0.00    0.00    0.00    0.00    0.00    0.00   98.96
01:42:10 PM    4    2.00    0.00    1.00    1.00    0.00    0.00    0.00    0.00    0.00   96.00
01:42:10 PM    5    2.02    0.00    7.07    0.00    0.00    0.00    0.00    0.00    0.00   90.91
01:42:10 PM    6    1.00    0.00    1.00    0.00    0.00    0.00    0.00    0.00    0.00   98.00
01:42:10 PM    7    1.01    0.00    0.00    0.00    0.00    0.00    0.00    0.00    0.00   98.99
01:42:10 PM    8    2.94    0.00    0.98    0.00    0.00    0.00    0.00    0.00    0.00   96.08
01:42:10 PM    9    0.00    0.00    1.01    0.00    0.00    0.00    0.00    0.00    0.00   98.99
01:42:10 PM   10    0.99    0.00    0.99    0.00    0.00    0.00    0.00    0.00    0.00   98.02
01:42:10 PM   11    1.01    0.00    0.00    0.00    0.00    0.00    0.00    0.00    0.00   98.99
01:42:10 PM   12    1.00    0.00    1.00    0.00    0.00    0.00    0.00    0.00    0.00   98.00
01:42:10 PM   13    1.01    0.00    0.00    0.00    0.00    0.00    0.00    0.00    0.00   98.99
01:42:10 PM   14    1.01    0.00    1.01    0.00    0.00    0.00    0.00    0.00    0.00   97.98
01:42:10 PM   15    1.01    0.00    0.00    1.01    0.00    0.00    0.00    0.00    0.00   97.98
01:42:10 PM   16    4.00    0.00    1.00    0.00    0.00    0.00    0.00    0.00    0.00   95.00
01:42:10 PM   17    2.97    0.00    0.00    0.99    0.00    0.00    0.00    0.00    0.00   96.04
01:42:10 PM   18    2.00    0.00    0.00    1.00    0.00    0.00    0.00    0.00    0.00   97.00
01:42:10 PM   19    0.00    0.00    1.00    0.00    0.00    0.00    0.00    0.00    0.00   99.00
01:42:10 PM   20    0.00    0.00    0.00    0.00    0.00    0.00    0.00    0.00    0.00  100.00
01:42:10 PM   21    1.98    0.00    0.00    0.00    0.00    0.00    0.00    0.00    0.00   98.02
01:42:10 PM   22    0.00    0.00    0.00    0.00    0.00    0.00    0.00    0.00    0.00  100.00
01:42:10 PM   23    1.00    0.00    1.00    0.00    0.00    0.00    0.00    0.00    0.00   98.00
01:42:10 PM   24   28.00    0.00   39.00    0.00    0.00   33.00    0.00    0.00    0.00    0.00
01:42:10 PM   25   25.00    0.00   48.96    0.00    0.00   19.79    0.00    0.00    0.00    6.25
01:42:10 PM   26    2.02    0.00    0.00    0.00    0.00    0.00    0.00    0.00    0.00   97.98
01:42:10 PM   27    0.00    0.00    0.00    0.00    0.00    0.00    0.00    0.00    0.00  100.00
01:42:10 PM   28    0.00    0.00    0.00    0.00    0.00    0.00    0.00    0.00    0.00  100.00
01:42:10 PM   29    2.00    0.00    0.00    0.00    0.00    0.00    0.00    0.00    0.00   98.00
01:42:10 PM   30    0.99    0.00    0.99    0.00    0.00    0.00    0.00    0.00    0.00   98.02
01:42:10 PM   31    0.00    0.00    0.00    0.00    0.00    0.00    0.00    0.00    0.00  100.00
01:42:10 PM   32    2.00    0.00    0.00    0.00    0.00    0.00    0.00    0.00    0.00   98.00
01:42:10 PM   33    2.02    0.00    0.00    0.00    0.00    0.00    0.00    0.00    0.00   97.98
01:42:10 PM   34    1.98    0.00    0.00    0.00    0.00    0.00    0.00    0.00    0.00   98.02
01:42:10 PM   35    2.97    0.00    0.00    0.00    0.00    0.00    0.00    0.00    0.00   97.03

01:42:10 PM  CPU    %usr   %nice    %sys %iowait    %irq   %soft  %steal  %guest  %gnice   %idle
01:42:11 PM  all    2.23    0.00    2.82    0.00    0.00    1.65    0.00    0.00    0.00   93.30
01:42:11 PM    0    0.99    0.00    0.00    0.00    0.00    2.97    0.00    0.00    0.00   96.04
01:42:11 PM    1    0.00    0.00    0.00    0.00    0.00    0.00    0.00    0.00    0.00  100.00
01:42:11 PM    2    0.00    0.00    1.00    0.00    0.00    0.00    0.00    0.00    0.00   99.00
01:42:11 PM    3   10.58    0.00    0.96    0.00    0.00    0.00    0.00    0.00    0.00   88.46
01:42:11 PM    4    1.00    0.00    0.00    0.00    0.00    0.00    0.00    0.00    0.00   99.00
01:42:11 PM    5    2.02    0.00    6.06    0.00    0.00    0.00    0.00    0.00    0.00   91.92
01:42:11 PM    6    1.00    0.00    1.00    0.00    0.00    0.00    0.00    0.00    0.00   98.00
01:42:11 PM    7    1.98    0.00    0.99    0.00    0.00    0.00    0.00    0.00    0.00   97.03
01:42:11 PM    8    0.00    0.00    0.00    0.00    0.00    0.00    0.00    0.00    0.00  100.00
01:42:11 PM    9    0.00    0.00    0.00    0.00    0.00    0.00    0.00    0.00    0.00  100.00
01:42:11 PM   10    1.01    0.00    0.00    0.00    0.00    0.00    0.00    0.00    0.00   98.99
01:42:11 PM   11    1.01    0.00    0.00    0.00    0.00    0.00    0.00    0.00    0.00   98.99
01:42:11 PM   12    0.00    0.00    0.00    0.00    0.00    0.00    0.00    0.00    0.00  100.00
01:42:11 PM   13    0.00    0.00    1.01    0.00    0.00    0.00    0.00    0.00    0.00   98.99
01:42:11 PM   14    1.01    0.00    0.00    0.00    0.00    0.00    0.00    0.00    0.00   98.99
01:42:11 PM   15    1.00    0.00    1.00    0.00    0.00    0.00    0.00    0.00    0.00   98.00
01:42:11 PM   16    1.00    0.00    0.00    0.00    0.00    0.00    0.00    0.00    0.00   99.00
01:42:11 PM   17    0.00    0.00    0.00    0.00    0.00    0.00    0.00    0.00    0.00  100.00
01:42:11 PM   18    0.99    0.00    0.99    0.00    0.00    0.00    0.00    0.00    0.00   98.02
01:42:11 PM   19    0.00    0.00    0.00    0.00    0.00    0.00    0.00    0.00    0.00  100.00
01:42:11 PM   20    1.00    0.00    0.00    0.00    0.00    0.00    0.00    0.00    0.00   99.00
01:42:11 PM   21    0.00    0.00    0.00    0.00    0.00    0.00    0.00    0.00    0.00  100.00
01:42:11 PM   22    1.00    0.00    0.00    0.00    0.00    0.00    0.00    0.00    0.00   99.00
01:42:11 PM   23    0.00    0.00    0.00    0.00    0.00    0.00    0.00    0.00    0.00  100.00
01:42:11 PM   24   24.00    0.00   42.00    0.00    0.00   34.00    0.00    0.00    0.00    0.00
01:42:11 PM   25   29.00    0.00   44.00    0.00    0.00   22.00    0.00    0.00    0.00    5.00
01:42:11 PM   26    0.00    0.00    0.00    0.00    0.00    0.00    0.00    0.00    0.00  100.00
01:42:11 PM   27    0.00    0.00    0.00    0.00    0.00    0.00    0.00    0.00    0.00  100.00
01:42:11 PM   28    0.00    0.00    0.00    0.00    0.00    0.00    0.00    0.00    0.00  100.00
01:42:11 PM   29    0.00    0.00    0.00    0.00    0.00    0.00    0.00    0.00    0.00  100.00
01:42:11 PM   30    0.00    0.00    1.01    0.00    0.00    0.00    0.00    0.00    0.00   98.99
01:42:11 PM   31    0.00    0.00    0.00    0.00    0.00    0.00    0.00    0.00    0.00  100.00
01:42:11 PM   32    1.00    0.00    1.00    0.00    0.00    0.00    0.00    0.00    0.00   98.00
01:42:11 PM   33    0.00    0.00    0.00    0.00    0.00    0.00    0.00    0.00    0.00  100.00
01:42:11 PM   34    0.00    0.00    0.00    0.00    0.00    0.00    0.00    0.00    0.00  100.00
01:42:11 PM   35    0.00    0.00    0.00    0.00    0.00    0.00    0.00    0.00    0.00  100.00

01:42:11 PM  CPU    %usr   %nice    %sys %iowait    %irq   %soft  %steal  %guest  %gnice   %idle
01:42:12 PM  all    2.07    0.00    2.50    0.03    0.00    1.68    0.00    0.00    0.00   93.72
01:42:12 PM    0    1.02    0.00    0.00    0.00    0.00    1.02    0.00    0.00    0.00   97.96
01:42:12 PM    1    0.00    0.00    0.00    0.00    0.00    1.02    0.00    0.00    0.00   98.98
01:42:12 PM    2    0.00    0.00    0.00    0.00    0.00    0.00    0.00    0.00    0.00  100.00
01:42:12 PM    3    4.12    0.00    0.00    0.00    0.00    0.00    0.00    0.00    0.00   95.88
01:42:12 PM    4    1.00    0.00    0.00    0.00    0.00    0.00    0.00    0.00    0.00   99.00
01:42:12 PM    5    1.98    0.00    0.00    0.00    0.00    0.00    0.00    0.00    0.00   98.02
01:42:12 PM    6    0.00    0.00    0.00    0.00    0.00    0.00    0.00    0.00    0.00  100.00
01:42:12 PM    7    2.00    0.00    0.00    0.00    0.00    0.00    0.00    0.00    0.00   98.00
01:42:12 PM    8    1.00    0.00    0.00    0.00    0.00    0.00    0.00    0.00    0.00   99.00
01:42:12 PM    9    1.01    0.00    0.00    0.00    0.00    0.00    0.00    0.00    0.00   98.99
01:42:12 PM   10    0.00    0.00    2.00    0.00    0.00    0.00    0.00    0.00    0.00   98.00
01:42:12 PM   11    1.01    0.00    0.00    0.00    0.00    0.00    0.00    0.00    0.00   98.99
01:42:12 PM   12    1.01    0.00    0.00    0.00    0.00    0.00    0.00    0.00    0.00   98.99
01:42:12 PM   13    1.00    0.00    0.00    0.00    0.00    0.00    0.00    0.00    0.00   99.00
01:42:12 PM   14    0.00    0.00    1.01    0.00    0.00    0.00    0.00    0.00    0.00   98.99
01:42:12 PM   15    0.99    0.00    0.99    0.00    0.00    0.00    0.00    0.00    0.00   98.02
01:42:12 PM   16    0.00    0.00    0.00    0.00    0.00    0.00    0.00    0.00    0.00  100.00
01:42:12 PM   17    0.00    0.00    0.00    0.00    0.00    0.00    0.00    0.00    0.00  100.00
01:42:12 PM   18    0.00    0.00    1.01    0.00    0.00    0.00    0.00    0.00    0.00   98.99
01:42:12 PM   19    0.00    0.00    1.00    0.00    0.00    0.00    0.00    0.00    0.00   99.00
01:42:12 PM   20    0.00    0.00    0.00    0.00    0.00    0.00    0.00    0.00    0.00  100.00
01:42:12 PM   21    0.00    0.00    0.00    0.00    0.00    0.00    0.00    0.00    0.00  100.00
01:42:12 PM   22    0.00    0.00    0.00    0.00    0.00    0.00    0.00    0.00    0.00  100.00
01:42:12 PM   23    1.00    0.00    0.00    0.00    0.00    0.00    0.00    0.00    0.00   99.00
01:42:12 PM   24   29.29    0.00   38.38    0.00    0.00   32.32    0.00    0.00    0.00    0.00
01:42:12 PM   25   25.51    0.00   42.86    0.00    0.00   26.53    0.00    0.00    0.00    5.10
01:42:12 PM   26    0.00    0.00    0.00    0.00    0.00    0.00    0.00    0.00    0.00  100.00
01:42:12 PM   27    1.00    0.00    0.00    1.00    0.00    0.00    0.00    0.00    0.00   98.00
01:42:12 PM   28    0.00    0.00    0.00    0.00    0.00    0.00    0.00    0.00    0.00  100.00
01:42:12 PM   29    0.00    0.00    0.00    0.00    0.00    0.00    0.00    0.00    0.00  100.00
01:42:12 PM   30    0.00    0.00    0.00    0.00    0.00    0.00    0.00    0.00    0.00  100.00
01:42:12 PM   31    0.00    0.00    1.00    0.00    0.00    0.00    0.00    0.00    0.00   99.00
01:42:12 PM   32    0.00    0.00    1.01    0.00    0.00    0.00    0.00    0.00    0.00   98.99
01:42:12 PM   33    1.98    0.00    0.99    0.00    0.00    0.00    0.00    0.00    0.00   97.03
01:42:12 PM   34    0.00    0.00    0.00    0.00    0.00    0.00    0.00    0.00    0.00  100.00
01:42:12 PM   35    0.00    0.00    0.00    0.00    0.00    0.00    0.00    0.00    0.00  100.00

01:42:12 PM  CPU    %usr   %nice    %sys %iowait    %irq   %soft  %steal  %guest  %gnice   %idle
01:42:13 PM  all    2.82    0.00    2.74    0.11    0.00    1.82    0.00    0.00    0.00   92.51
01:42:13 PM    0    2.02    0.00    0.00    1.01    0.00    3.03    0.00    0.00    0.00   93.94
01:42:13 PM    1    2.97    0.00    1.98    0.00    0.00    0.00    0.00    0.00    0.00   95.05
01:42:13 PM    2    2.02    0.00    0.00    0.00    0.00    0.00    0.00    0.00    0.00   97.98
01:42:13 PM    3    4.90    0.00    0.98    0.00    0.00    0.00    0.00    0.00    0.00   94.12
01:42:13 PM    4    2.02    0.00    0.00    0.00    0.00    0.00    0.00    0.00    0.00   97.98
01:42:13 PM    5    3.00    0.00    7.00    0.00    0.00    0.00    0.00    0.00    0.00   90.00
01:42:13 PM    6    3.96    0.00    0.99    0.00    0.00    0.00    0.00    0.00    0.00   95.05
01:42:13 PM    7    0.00    0.00    0.00    0.00    0.00    0.00    0.00    0.00    0.00  100.00
01:42:13 PM    8    0.00    0.00    1.01    0.00    0.00    0.00    0.00    0.00    0.00   98.99
01:42:13 PM    9    1.01    0.00    0.00    0.00    0.00    0.00    0.00    0.00    0.00   98.99
01:42:13 PM   10    3.03    0.00    0.00    0.00    0.00    0.00    0.00    0.00    0.00   96.97
01:42:13 PM   11    0.00    0.00    0.00    0.00    0.00    0.00    0.00    0.00    0.00  100.00
01:42:13 PM   12    1.02    0.00    0.00    0.00    0.00    0.00    0.00    0.00    0.00   98.98
01:42:13 PM   13    2.02    0.00    0.00    0.00    0.00    0.00    0.00    0.00    0.00   97.98
01:42:13 PM   14    3.00    0.00    1.00    0.00    0.00    0.00    0.00    0.00    0.00   96.00
01:42:13 PM   15    1.03    0.00    0.00    0.00    0.00    0.00    0.00    0.00    0.00   98.97
01:42:13 PM   16    1.01    0.00    0.00    1.01    0.00    0.00    0.00    0.00    0.00   97.98
01:42:13 PM   17    3.00    0.00    0.00    0.00    0.00    0.00    0.00    0.00    0.00   97.00
01:42:13 PM   18    1.02    0.00    0.00    0.00    0.00    0.00    0.00    0.00    0.00   98.98
01:42:13 PM   19    2.00    0.00    1.00    0.00    0.00    0.00    0.00    0.00    0.00   97.00
01:42:13 PM   20    0.00    0.00    0.00    0.00    0.00    0.00    0.00    0.00    0.00  100.00
01:42:13 PM   21    1.01    0.00    0.00    0.00    0.00    0.00    0.00    0.00    0.00   98.99
01:42:13 PM   22    1.01    0.00    0.00    0.00    0.00    0.00    0.00    0.00    0.00   98.99
01:42:13 PM   23    0.00    0.00    0.00    0.00    0.00    0.00    0.00    0.00    0.00  100.00
01:42:13 PM   24   28.71    0.00   37.62    0.00    0.00   33.66    0.00    0.00    0.00    0.00
01:42:13 PM   25   22.68    0.00   44.33    0.00    0.00   28.87    0.00    0.00    0.00    4.12
01:42:13 PM   26    0.00    0.00    0.00    0.00    0.00    0.00    0.00    0.00    0.00  100.00
01:42:13 PM   27    0.00    0.00    0.00    0.00    0.00    0.00    0.00    0.00    0.00  100.00
01:42:13 PM   28    1.00    0.00    0.00    0.00    0.00    0.00    0.00    0.00    0.00   99.00
01:42:13 PM   29    0.00    0.00    0.00    0.00    0.00    0.00    0.00    0.00    0.00  100.00
01:42:13 PM   30    1.00    0.00    0.00    0.00    0.00    0.00    0.00    0.00    0.00   99.00
01:42:13 PM   31    1.98    0.00    0.99    0.00    0.00    0.00    0.00    0.00    0.00   97.03
01:42:13 PM   32    0.99    0.00    1.98    0.99    0.00    0.00    0.00    0.00    0.00   96.04
01:42:13 PM   33    2.00    0.00    0.00    0.00    0.00    0.00    0.00    0.00    0.00   98.00
01:42:13 PM   34    0.00    0.00    0.00    0.00    0.00    0.00    0.00    0.00    0.00  100.00
01:42:13 PM   35    1.98    0.00    0.00    0.99    0.00    0.00    0.00    0.00    0.00   97.03

01:42:13 PM  CPU    %usr   %nice    %sys %iowait    %irq   %soft  %steal  %guest  %gnice   %idle
01:42:14 PM  all    2.37    0.00    2.98    0.11    0.00    1.45    0.00    0.00    0.00   93.09
01:42:14 PM    0    0.00    0.00    1.03    0.00    0.00    0.00    0.00    0.00    0.00   98.97
01:42:14 PM    1    1.01    0.00    0.00    0.00    0.00    0.00    0.00    0.00    0.00   98.99
01:42:14 PM    2    1.00    0.00    1.00    0.00    0.00    0.00    0.00    0.00    0.00   98.00
01:42:14 PM    3    5.94    0.00    0.00    0.00    0.00    0.00    0.00    0.00    0.00   94.06
01:42:14 PM    4    1.00    0.00    1.00    0.00    0.00    0.00    0.00    0.00    0.00   98.00
01:42:14 PM    5    0.99    0.00    0.99    0.00    0.00    0.99    0.00    0.00    0.00   97.03
01:42:14 PM    6    1.02    0.00    0.00    0.00    0.00    0.00    0.00    0.00    0.00   98.98
01:42:14 PM    7    0.00    0.00    0.00    0.00    0.00    0.00    0.00    0.00    0.00  100.00
01:42:14 PM    8    0.00    0.00    0.99    0.00    0.00    0.00    0.00    0.00    0.00   99.01
01:42:14 PM    9    0.00    0.00    1.00    1.00    0.00    0.00    0.00    0.00    0.00   98.00
01:42:14 PM   10    0.00    0.00    0.00    0.00    0.00    0.00    0.00    0.00    0.00  100.00
01:42:14 PM   11    0.00    0.00    0.00    0.00    0.00    0.00    0.00    0.00    0.00  100.00
01:42:14 PM   12    0.00    0.00    1.00    0.00    0.00    0.00    0.00    0.00    0.00   99.00
01:42:14 PM   13    0.00    0.00    1.01    0.00    0.00    0.00    0.00    0.00    0.00   98.99
01:42:14 PM   14    0.00    0.00    0.00    0.00    0.00    0.00    0.00    0.00    0.00  100.00
01:42:14 PM   15    0.98    0.00    0.98    0.00    0.00    0.00    0.00    0.00    0.00   98.04
01:42:14 PM   16    1.00    0.00    0.00    0.00    0.00    0.00    0.00    0.00    0.00   99.00
01:42:14 PM   17    0.00    0.00    0.00    0.00    0.00    0.00    0.00    0.00    0.00  100.00
01:42:14 PM   18    1.01    0.00    0.00    0.00    0.00    0.00    0.00    0.00    0.00   98.99
01:42:14 PM   19    1.00    0.00    1.00    0.00    0.00    0.00    0.00    0.00    0.00   98.00
01:42:14 PM   20    1.00    0.00    1.00    0.00    0.00    0.00    0.00    0.00    0.00   98.00
01:42:14 PM   21    1.00    0.00    0.00    1.00    0.00    0.00    0.00    0.00    0.00   98.00
01:42:14 PM   22    0.00    0.00    0.00    0.00    0.00    0.00    0.00    0.00    0.00  100.00
01:42:14 PM   23    0.99    0.00    1.98    1.98    0.00    0.00    0.00    0.00    0.00   95.05
01:42:14 PM   24   27.00    0.00   46.00    0.00    0.00   27.00    0.00    0.00    0.00    0.00
01:42:14 PM   25   33.66    0.00   42.57    0.00    0.00   23.76    0.00    0.00    0.00    0.00
01:42:14 PM   26    0.00    0.00    1.00    0.00    0.00    0.00    0.00    0.00    0.00   99.00
01:42:14 PM   27    0.99    0.00    0.99    0.00    0.00    0.00    0.00    0.00    0.00   98.02
01:42:14 PM   28    0.99    0.00    0.99    0.00    0.00    0.00    0.00    0.00    0.00   98.02
01:42:14 PM   29    1.98    0.00    0.99    0.00    0.00    0.00    0.00    0.00    0.00   97.03
01:42:14 PM   30    1.98    0.00    0.00    0.00    0.00    0.00    0.00    0.00    0.00   98.02
01:42:14 PM   31    0.00    0.00    0.00    0.00    0.00    0.00    0.00    0.00    0.00  100.00
01:42:14 PM   32    0.00    0.00    0.00    0.00    0.00    0.00    0.00    0.00    0.00  100.00
01:42:14 PM   33    0.00    0.00    0.00    0.00    0.00    0.00    0.00    0.00    0.00  100.00
01:42:14 PM   34    0.00    0.00    0.00    0.00    0.00    0.00    0.00    0.00    0.00  100.00
01:42:14 PM   35    0.00    0.00    1.01    0.00    0.00    0.00    0.00    0.00    0.00   98.99

01:42:14 PM  CPU    %usr   %nice    %sys %iowait    %irq   %soft  %steal  %guest  %gnice   %idle
01:42:15 PM  all    2.32    0.00    3.10    0.03    0.00    1.48    0.00    0.00    0.00   93.08
01:42:15 PM    0    0.00    0.00    0.00    0.00    0.00    2.02    0.00    0.00    0.00   97.98
01:42:15 PM    1    0.00    0.00    0.00    0.00    0.00    0.00    0.00    0.00    0.00  100.00
01:42:15 PM    2    1.00    0.00    1.00    0.00    0.00    0.00    0.00    0.00    0.00   98.00
01:42:15 PM    3    1.00    0.00    1.00    0.00    0.00    0.00    0.00    0.00    0.00   98.00
01:42:15 PM    4    1.98    0.00    0.99    0.00    0.00    0.00    0.00    0.00    0.00   97.03
01:42:15 PM    5    4.00    0.00    5.00    0.00    0.00    0.00    0.00    0.00    0.00   91.00
01:42:15 PM    6    4.04    0.00    1.01    0.00    0.00    0.00    0.00    0.00    0.00   94.95
01:42:15 PM    7    1.00    0.00    1.00    0.00    0.00    0.00    0.00    0.00    0.00   98.00
01:42:15 PM    8    0.00    0.00    0.00    0.00    0.00    0.00    0.00    0.00    0.00  100.00
01:42:15 PM    9    1.98    0.00    0.99    0.00    0.00    0.00    0.00    0.00    0.00   97.03
01:42:15 PM   10    0.00    0.00    1.00    0.00    0.00    0.00    0.00    0.00    0.00   99.00
01:42:15 PM   11    2.00    0.00    0.00    0.00    0.00    0.00    0.00    0.00    0.00   98.00
01:42:15 PM   12    0.00    0.00    0.00    0.00    0.00    0.00    0.00    0.00    0.00  100.00
01:42:15 PM   13    0.00    0.00    1.00    0.00    0.00    0.00    0.00    0.00    0.00   99.00
01:42:15 PM   14    1.02    0.00    0.00    0.00    0.00    0.00    0.00    0.00    0.00   98.98
01:42:15 PM   15    0.00    0.00    0.00    0.00    0.00    0.00    0.00    0.00    0.00  100.00
01:42:15 PM   16    0.00    0.00    0.00    0.00    0.00    0.00    0.00    0.00    0.00  100.00
01:42:15 PM   17    0.00    0.00    0.00    0.00    0.00    0.00    0.00    0.00    0.00  100.00
01:42:15 PM   18    1.00    0.00    1.00    0.00    0.00    0.00    0.00    0.00    0.00   98.00
01:42:15 PM   19    1.00    0.00    0.00    0.00    0.00    0.00    0.00    0.00    0.00   99.00
01:42:15 PM   20    1.00    0.00    0.00    0.00    0.00    0.00    0.00    0.00    0.00   99.00
01:42:15 PM   21    0.00    0.00    0.00    0.00    0.00    0.00    0.00    0.00    0.00  100.00
01:42:15 PM   22    1.00    0.00    1.00    0.00    0.00    0.00    0.00    0.00    0.00   98.00
01:42:15 PM   23    0.00    0.00    0.00    0.00    0.00    0.00    0.00    0.00    0.00  100.00
01:42:15 PM   24   26.00    0.00   44.00    0.00    0.00   30.00    0.00    0.00    0.00    0.00
01:42:15 PM   25   29.59    0.00   48.98    0.00    0.00   21.43    0.00    0.00    0.00    0.00
01:42:15 PM   26    0.00    0.00    1.01    0.00    0.00    0.00    0.00    0.00    0.00   98.99
01:42:15 PM   27    0.00    0.00    0.00    0.00    0.00    0.00    0.00    0.00    0.00  100.00
01:42:15 PM   28    1.00    0.00    0.00    1.00    0.00    0.00    0.00    0.00    0.00   98.00
01:42:15 PM   29    1.00    0.00    1.00    0.00    0.00    0.00    0.00    0.00    0.00   98.00
01:42:15 PM   30    0.00    0.00    1.01    0.00    0.00    0.00    0.00    0.00    0.00   98.99
01:42:15 PM   31    0.00    0.00    1.00    0.00    0.00    0.00    0.00    0.00    0.00   99.00
01:42:15 PM   32    1.00    0.00    0.00    0.00    0.00    0.00    0.00    0.00    0.00   99.00
01:42:15 PM   33    1.00    0.00    0.00    0.00    0.00    0.00    0.00    0.00    0.00   99.00
01:42:15 PM   34    1.00    0.00    0.00    0.00    0.00    0.00    0.00    0.00    0.00   99.00
01:42:15 PM   35    1.00    0.00    0.00    0.00    0.00    0.00    0.00    0.00    0.00   99.00

Average:     CPU    %usr   %nice    %sys %iowait    %irq   %soft  %steal  %guest  %gnice   %idle
Average:     all    2.38    0.00    2.89    0.05    0.00    1.60    0.00    0.00    0.00   93.09
Average:       0    1.12    0.00    0.51    0.10    0.00    2.03    0.00    0.00    0.00   96.25
Average:       1    2.42    0.00    0.50    0.00    0.00    0.20    0.00    0.00    0.00   96.88
Average:       2    0.91    0.00    0.60    0.10    0.00    0.00    0.00    0.00    0.00   98.39
Average:       3    4.10    0.00    0.70    0.10    0.00    0.00    0.00    0.00    0.00   95.10
Average:       4    1.11    0.00    0.40    0.10    0.00    0.00    0.00    0.00    0.00   98.39
Average:       5    2.01    0.00    4.01    0.00    0.00    0.10    0.00    0.00    0.00   93.88
Average:       6    1.31    0.00    0.61    0.00    0.00    0.00    0.00    0.00    0.00   98.08
Average:       7    1.01    0.00    0.30    0.00    0.00    0.00    0.00    0.00    0.00   98.69
Average:       8    0.80    0.00    0.60    0.00    0.00    0.00    0.00    0.00    0.00   98.60
Average:       9    1.00    0.00    0.60    0.10    0.00    0.00    0.00    0.00    0.00   98.29
Average:      10    0.70    0.00    0.50    0.00    0.00    0.00    0.00    0.00    0.00   98.79
Average:      11    0.91    0.00    0.30    0.00    0.00    0.00    0.00    0.00    0.00   98.79
Average:      12    0.50    0.00    0.40    0.10    0.00    0.00    0.00    0.00    0.00   98.99
Average:      13    0.70    0.00    0.70    0.00    0.00    0.00    0.00    0.00    0.00   98.59
Average:      14    1.41    0.00    0.50    0.00    0.00    0.00    0.00    0.00    0.00   98.09
Average:      15    0.80    0.00    0.70    0.20    0.00    0.00    0.00    0.00    0.00   98.29
Average:      16    0.91    0.00    0.20    0.10    0.00    0.00    0.00    0.00    0.00   98.79
Average:      17    1.01    0.00    0.30    0.10    0.00    0.00    0.00    0.00    0.00   98.59
Average:      18    0.60    0.00    0.50    0.10    0.00    0.00    0.00    0.00    0.00   98.79
Average:      19    0.60    0.00    0.50    0.00    0.00    0.00    0.00    0.00    0.00   98.90
Average:      20    0.50    0.00    0.30    0.00    0.00    0.00    0.00    0.00    0.00   99.20
Average:      21    0.90    0.00    0.20    0.10    0.00    0.00    0.00    0.00    0.00   98.80
Average:      22    0.60    0.00    0.20    0.00    0.00    0.10    0.00    0.00    0.00   99.10
Average:      23    0.60    0.00    0.50    0.20    0.00    0.10    0.00    0.00    0.00   98.60
Average:      24   25.80    0.00   41.10    0.00    0.00   31.50    0.00    0.00    0.00    1.60
Average:      25   26.52    0.00   44.64    0.00    0.00   23.28    0.00    0.00    0.00    5.57
Average:      26    0.71    0.00    0.40    0.00    0.00    0.00    0.00    0.00    0.00   98.89
Average:      27    0.50    0.00    0.40    0.10    0.00    0.00    0.00    0.00    0.00   99.00
Average:      28    0.60    0.00    0.20    0.10    0.00    0.10    0.00    0.00    0.00   98.99
Average:      29    0.90    0.00    0.40    0.00    0.00    0.00    0.00    0.00    0.00   98.70
Average:      30    0.50    0.00    0.50    0.00    0.00    0.00    0.00    0.00    0.00   99.00
Average:      31    0.40    0.00    0.50    0.00    0.00    0.00    0.00    0.00    0.00   99.10
Average:      32    0.70    0.00    0.60    0.10    0.00    0.00    0.00    0.00    0.00   98.59
Average:      33    0.90    0.00    0.30    0.00    0.00    0.00    0.00    0.00    0.00   98.80
Average:      34    0.60    0.00    0.20    0.00    0.00    0.10    0.00    0.00    0.00   99.09
Average:      35    0.90    0.00    0.20    0.10    0.00    0.00    0.00    0.00    0.00   98.80
