Linux 5.15.0-186-generic (rapids4) 	07/28/2026 	_x86_64_	(36 CPU)

01:17:27 PM  CPU    %usr   %nice    %sys %iowait    %irq   %soft  %steal  %guest  %gnice   %idle
01:17:28 PM  all    2.15    0.00    2.43    0.03    0.00    1.62    0.00    0.00    0.00   93.78
01:17:28 PM    0    0.00    0.00    0.00    0.00    0.00    8.65    0.00    0.00    0.00   91.35
01:17:28 PM    1    1.00    0.00    1.00    0.00    0.00    0.00    0.00    0.00    0.00   98.00
01:17:28 PM    2    0.99    0.00    0.99    0.00    0.00    0.00    0.00    0.00    0.00   98.02
01:17:28 PM    3    1.00    0.00    0.00    0.00    0.00    0.00    0.00    0.00    0.00   99.00
01:17:28 PM    4    1.01    0.00    1.01    0.00    0.00    0.00    0.00    0.00    0.00   97.98
01:17:28 PM    5    1.01    0.00    0.00    0.00    0.00    0.00    0.00    0.00    0.00   98.99
01:17:28 PM    6    3.06    0.00    5.10    0.00    0.00    0.00    0.00    0.00    0.00   91.84
01:17:28 PM    7    0.00    0.00    0.00    0.00    0.00    0.00    0.00    0.00    0.00  100.00
01:17:28 PM    8    0.00    0.00    0.00    0.00    0.00    0.00    0.00    0.00    0.00  100.00
01:17:28 PM    9    1.00    0.00    0.00    0.00    0.00    0.00    0.00    0.00    0.00   99.00
01:17:28 PM   10    2.00    0.00    0.00    0.00    0.00    0.00    0.00    0.00    0.00   98.00
01:17:28 PM   11    1.01    0.00    0.00    0.00    0.00    0.00    0.00    0.00    0.00   98.99
01:17:28 PM   12    0.00    0.00    0.00    0.00    0.00    0.00    0.00    0.00    0.00  100.00
01:17:28 PM   13    2.00    0.00    1.00    0.00    0.00    0.00    0.00    0.00    0.00   97.00
01:17:28 PM   14    2.00    0.00    0.00    0.00    0.00    0.00    0.00    0.00    0.00   98.00
01:17:28 PM   15    1.00    0.00    0.00    0.00    0.00    0.00    0.00    0.00    0.00   99.00
01:17:28 PM   16    1.01    0.00    0.00    0.00    0.00    0.00    0.00    0.00    0.00   98.99
01:17:28 PM   17    2.00    0.00    0.00    0.00    0.00    0.00    0.00    0.00    0.00   98.00
01:17:28 PM   18    1.98    0.00    0.99    0.00    0.00    0.00    0.00    0.00    0.00   97.03
01:17:28 PM   19    1.01    0.00    1.01    0.00    0.00    0.00    0.00    0.00    0.00   97.98
01:17:28 PM   20    0.00    0.00    1.01    0.00    0.00    0.00    0.00    0.00    0.00   98.99
01:17:28 PM   21    1.98    0.00    0.00    0.00    0.00    0.00    0.00    0.00    0.00   98.02
01:17:28 PM   22   16.83    0.00   35.64    0.00    0.00   26.73    0.00    0.00    0.00   20.79
01:17:28 PM   23   16.16    0.00   33.33    0.00    0.00   22.22    0.00    0.00    0.00   28.28
01:17:28 PM   24    2.02    0.00    0.00    0.00    0.00    0.00    0.00    0.00    0.00   97.98
01:17:28 PM   25    1.00    0.00    1.00    0.00    0.00    0.00    0.00    0.00    0.00   98.00
01:17:28 PM   26    0.00    0.00    1.01    0.00    0.00    0.00    0.00    0.00    0.00   98.99
01:17:28 PM   27    2.00    0.00    0.00    0.00    0.00    0.00    0.00    0.00    0.00   98.00
01:17:28 PM   28    0.00    0.00    2.00    0.00    0.00    0.00    0.00    0.00    0.00   98.00
01:17:28 PM   29    4.95    0.00    1.98    0.00    0.00    0.00    0.00    0.00    0.00   93.07
01:17:28 PM   30    2.00    0.00    0.00    1.00    0.00    0.00    0.00    0.00    0.00   97.00
01:17:28 PM   31    1.01    0.00    0.00    0.00    0.00    0.00    0.00    0.00    0.00   98.99
01:17:28 PM   32    2.00    0.00    0.00    0.00    0.00    0.00    0.00    0.00    0.00   98.00
01:17:28 PM   33    2.02    0.00    0.00    0.00    0.00    0.00    0.00    0.00    0.00   97.98
01:17:28 PM   34    1.02    0.00    0.00    0.00    0.00    0.00    0.00    0.00    0.00   98.98
01:17:28 PM   35    1.02    0.00    0.00    0.00    0.00    0.00    0.00    0.00    0.00   98.98

01:17:28 PM  CPU    %usr   %nice    %sys %iowait    %irq   %soft  %steal  %guest  %gnice   %idle
01:17:29 PM  all    1.48    0.00    2.82    0.11    0.00    1.93    0.00    0.00    0.00   93.66
01:17:29 PM    0    0.94    0.00    0.00    0.00    0.00    8.49    0.00    0.00    0.00   90.57
01:17:29 PM    1    1.94    0.00    0.00    0.00    0.00    2.91    0.00    0.00    0.00   95.15
01:17:29 PM    2    1.00    0.00    1.00    0.00    0.00    0.00    0.00    0.00    0.00   98.00
01:17:29 PM    3    0.00    0.00    1.01    1.01    0.00    0.00    0.00    0.00    0.00   97.98
01:17:29 PM    4    1.00    0.00    0.00    1.00    0.00    0.00    0.00    0.00    0.00   98.00
01:17:29 PM    5    1.00    0.00    1.00    0.00    0.00    0.00    0.00    0.00    0.00   98.00
01:17:29 PM    6    0.00    0.00    0.00    0.00    0.00    0.00    0.00    0.00    0.00  100.00
01:17:29 PM    7    1.01    0.00    0.00    0.00    0.00    0.00    0.00    0.00    0.00   98.99
01:17:29 PM    8    0.00    0.00    1.00    0.00    0.00    0.00    0.00    0.00    0.00   99.00
01:17:29 PM    9    0.00    0.00    0.00    0.00    0.00    0.00    0.00    0.00    0.00  100.00
01:17:29 PM   10    0.00    0.00    1.00    1.00    0.00    1.00    0.00    0.00    0.00   97.00
01:17:29 PM   11    1.00    0.00    1.00    0.00    0.00    0.00    0.00    0.00    0.00   98.00
01:17:29 PM   12    2.00    0.00    0.00    0.00    0.00    0.00    0.00    0.00    0.00   98.00
01:17:29 PM   13    1.02    0.00    0.00    0.00    0.00    0.00    0.00    0.00    0.00   98.98
01:17:29 PM   14    2.00    0.00    0.00    0.00    0.00    0.00    0.00    0.00    0.00   98.00
01:17:29 PM   15    0.00    0.00    0.00    0.00    0.00    0.00    0.00    0.00    0.00  100.00
01:17:29 PM   16    0.00    0.00    0.00    0.00    0.00    0.00    0.00    0.00    0.00  100.00
01:17:29 PM   17    1.00    0.00    0.00    0.00    0.00    0.00    0.00    0.00    0.00   99.00
01:17:29 PM   18    0.00    0.00    0.00    0.00    0.00    0.00    0.00    0.00    0.00  100.00
01:17:29 PM   19    2.00    0.00    0.00    0.00    0.00    0.00    0.00    0.00    0.00   98.00
01:17:29 PM   20    0.00    0.00    0.00    0.00    0.00    0.00    0.00    0.00    0.00  100.00
01:17:29 PM   21    0.00    0.00    0.00    0.00    0.00    0.00    0.00    0.00    0.00  100.00
01:17:29 PM   22   17.17    0.00   46.46    0.00    0.00   30.30    0.00    0.00    0.00    6.06
01:17:29 PM   23   13.54    0.00   45.83    0.00    0.00   27.08    0.00    0.00    0.00   13.54
01:17:29 PM   24    0.00    0.00    1.01    0.00    0.00    0.00    0.00    0.00    0.00   98.99
01:17:29 PM   25    1.01    0.00    0.00    0.00    0.00    0.00    0.00    0.00    0.00   98.99
01:17:29 PM   26    0.00    0.00    0.00    1.02    0.00    0.00    0.00    0.00    0.00   98.98
01:17:29 PM   27    0.00    0.00    0.00    0.00    0.00    0.00    0.00    0.00    0.00  100.00
01:17:29 PM   28    0.00    0.00    0.00    0.00    0.00    0.00    0.00    0.00    0.00  100.00
01:17:29 PM   29    0.00    0.00    0.00    0.00    0.00    0.00    0.00    0.00    0.00  100.00
01:17:29 PM   30    1.00    0.00    1.00    0.00    0.00    0.00    0.00    0.00    0.00   98.00
01:17:29 PM   31    1.01    0.00    0.00    0.00    0.00    0.00    0.00    0.00    0.00   98.99
01:17:29 PM   32    1.98    0.00    0.99    0.00    0.00    0.00    0.00    0.00    0.00   97.03
01:17:29 PM   33    1.00    0.00    1.00    0.00    0.00    0.00    0.00    0.00    0.00   98.00
01:17:29 PM   34    1.01    0.00    0.00    0.00    0.00    0.00    0.00    0.00    0.00   98.99
01:17:29 PM   35    0.00    0.00    1.02    0.00    0.00    0.00    0.00    0.00    0.00   98.98

01:17:29 PM  CPU    %usr   %nice    %sys %iowait    %irq   %soft  %steal  %guest  %gnice   %idle
01:17:30 PM  all    1.65    0.00    3.24    0.00    0.00    1.68    0.00    0.00    0.00   93.44
01:17:30 PM    0    2.02    0.00    0.00    0.00    0.00    3.03    0.00    0.00    0.00   94.95
01:17:30 PM    1    2.00    0.00    1.00    0.00    0.00    1.00    0.00    0.00    0.00   96.00
01:17:30 PM    2    0.00    0.00    0.00    0.00    0.00    0.00    0.00    0.00    0.00  100.00
01:17:30 PM    3    1.00    0.00    0.00    0.00    0.00    0.00    0.00    0.00    0.00   99.00
01:17:30 PM    4    1.00    0.00    1.00    0.00    0.00    0.00    0.00    0.00    0.00   98.00
01:17:30 PM    5    1.98    0.00    0.00    0.00    0.00    0.00    0.00    0.00    0.00   98.02
01:17:30 PM    6    2.02    0.00    6.06    0.00    0.00    0.00    0.00    0.00    0.00   91.92
01:17:30 PM    7    0.00    0.00    1.02    0.00    0.00    0.00    0.00    0.00    0.00   98.98
01:17:30 PM    8    1.01    0.00    0.00    0.00    0.00    0.00    0.00    0.00    0.00   98.99
01:17:30 PM    9    1.01    0.00    0.00    0.00    0.00    0.00    0.00    0.00    0.00   98.99
01:17:30 PM   10    1.00    0.00    1.00    0.00    0.00    0.00    0.00    0.00    0.00   98.00
01:17:30 PM   11    0.00    0.00    1.01    0.00    0.00    0.00    0.00    0.00    0.00   98.99
01:17:30 PM   12    1.01    0.00    0.00    0.00    0.00    0.00    0.00    0.00    0.00   98.99
01:17:30 PM   13    1.98    0.00    0.99    0.00    0.00    0.00    0.00    0.00    0.00   97.03
01:17:30 PM   14    1.02    0.00    0.00    0.00    0.00    0.00    0.00    0.00    0.00   98.98
01:17:30 PM   15    0.00    0.00    1.00    0.00    0.00    0.00    0.00    0.00    0.00   99.00
01:17:30 PM   16    1.00    0.00    0.00    0.00    0.00    0.00    0.00    0.00    0.00   99.00
01:17:30 PM   17    0.00    0.00    1.00    0.00    0.00    0.00    0.00    0.00    0.00   99.00
01:17:30 PM   18    0.00    0.00    1.01    0.00    0.00    0.00    0.00    0.00    0.00   98.99
01:17:30 PM   19    0.00    0.00    0.00    0.00    0.00    0.00    0.00    0.00    0.00  100.00
01:17:30 PM   20    0.00    0.00    0.00    0.00    0.00    0.00    0.00    0.00    0.00  100.00
01:17:30 PM   21    0.00    0.00    0.00    0.00    0.00    0.00    0.00    0.00    0.00  100.00
01:17:30 PM   22   16.33    0.00   48.98    0.00    0.00   27.55    0.00    0.00    0.00    7.14
01:17:30 PM   23   16.83    0.00   49.50    0.00    0.00   28.71    0.00    0.00    0.00    4.95
01:17:30 PM   24    1.01    0.00    0.00    0.00    0.00    0.00    0.00    0.00    0.00   98.99
01:17:30 PM   25    0.00    0.00    0.00    0.00    0.00    0.00    0.00    0.00    0.00  100.00
01:17:30 PM   26    0.00    0.00    0.00    0.00    0.00    0.00    0.00    0.00    0.00  100.00
01:17:30 PM   27    0.00    0.00    0.00    0.00    0.00    0.00    0.00    0.00    0.00  100.00
01:17:30 PM   28    0.99    0.00    0.99    0.00    0.00    0.00    0.00    0.00    0.00   98.02
01:17:30 PM   29    0.00    0.00    0.00    0.00    0.00    0.00    0.00    0.00    0.00  100.00
01:17:30 PM   30    1.00    0.00    0.00    0.00    0.00    0.00    0.00    0.00    0.00   99.00
01:17:30 PM   31    1.96    0.00    0.98    0.00    0.00    0.00    0.00    0.00    0.00   97.06
01:17:30 PM   32    0.00    0.00    0.00    0.00    0.00    0.00    0.00    0.00    0.00  100.00
01:17:30 PM   33    0.00    0.00    0.00    0.00    0.00    0.00    0.00    0.00    0.00  100.00
01:17:30 PM   34    0.00    0.00    0.00    0.00    0.00    0.00    0.00    0.00    0.00  100.00
01:17:30 PM   35    2.97    0.00    0.99    0.00    0.00    0.00    0.00    0.00    0.00   96.04

01:17:30 PM  CPU    %usr   %nice    %sys %iowait    %irq   %soft  %steal  %guest  %gnice   %idle
01:17:31 PM  all    1.78    0.00    2.92    0.14    0.00    2.12    0.00    0.00    0.00   93.04
01:17:31 PM    0    0.93    0.00    0.93    0.93    0.00    8.33    0.00    0.00    0.00   88.89
01:17:31 PM    1    0.99    0.00    0.00    0.00    0.00    1.98    0.00    0.00    0.00   97.03
01:17:31 PM    2    0.99    0.00    0.00    0.00    0.00    0.99    0.00    0.00    0.00   98.02
01:17:31 PM    3    0.00    0.00    1.02    0.00    0.00    0.00    0.00    0.00    0.00   98.98
01:17:31 PM    4    0.00    0.00    0.00    0.00    0.00    0.00    0.00    0.00    0.00  100.00
01:17:31 PM    5    0.00    0.00    2.00    0.00    0.00    0.00    0.00    0.00    0.00   98.00
01:17:31 PM    6    4.00    0.00    5.00    0.00    0.00    0.00    0.00    0.00    0.00   91.00
01:17:31 PM    7    1.00    0.00    1.00    0.00    0.00    0.00    0.00    0.00    0.00   98.00
01:17:31 PM    8    1.00    0.00    1.00    0.00    0.00    0.00    0.00    0.00    0.00   98.00
01:17:31 PM    9    1.01    0.00    0.00    0.00    0.00    0.00    0.00    0.00    0.00   98.99
01:17:31 PM   10    1.01    0.00    0.00    0.00    0.00    0.00    0.00    0.00    0.00   98.99
01:17:31 PM   11    1.01    0.00    0.00    0.00    0.00    0.00    0.00    0.00    0.00   98.99
01:17:31 PM   12    1.01    0.00    0.00    1.01    0.00    0.00    0.00    0.00    0.00   97.98
01:17:31 PM   13    3.03    0.00    0.00    0.00    0.00    0.00    0.00    0.00    0.00   96.97
01:17:31 PM   14    0.99    0.00    0.99    0.00    0.00    0.00    0.00    0.00    0.00   98.02
01:17:31 PM   15    0.99    0.00    0.00    0.99    0.00    0.00    0.00    0.00    0.00   98.02
01:17:31 PM   16    0.00    0.00    1.00    0.00    0.00    0.00    0.00    0.00    0.00   99.00
01:17:31 PM   17    0.99    0.00    0.99    0.00    0.00    0.00    0.00    0.00    0.00   98.02
01:17:31 PM   18    1.00    0.00    1.00    1.00    0.00    0.00    0.00    0.00    0.00   97.00
01:17:31 PM   19    0.00    0.00    0.00    0.00    0.00    0.00    0.00    0.00    0.00  100.00
01:17:31 PM   20    0.00    0.00    0.00    0.00    0.00    0.00    0.00    0.00    0.00  100.00
01:17:31 PM   21    1.00    0.00    0.00    0.00    0.00    0.00    0.00    0.00    0.00   99.00
01:17:31 PM   22   17.17    0.00   46.46    0.00    0.00   29.29    0.00    0.00    0.00    7.07
01:17:31 PM   23   19.39    0.00   39.80    0.00    0.00   35.71    0.00    0.00    0.00    5.10
01:17:31 PM   24    0.99    0.00    0.99    0.00    0.00    0.00    0.00    0.00    0.00   98.02
01:17:31 PM   25    1.00    0.00    1.00    0.00    0.00    0.00    0.00    0.00    0.00   98.00
01:17:31 PM   26    0.00    0.00    0.00    0.00    0.00    0.00    0.00    0.00    0.00  100.00
01:17:31 PM   27    1.01    0.00    0.00    0.00    0.00    0.00    0.00    0.00    0.00   98.99
01:17:31 PM   28    0.00    0.00    1.01    0.00    0.00    0.00    0.00    0.00    0.00   98.99
01:17:31 PM   29    0.00    0.00    0.00    0.00    0.00    0.00    0.00    0.00    0.00  100.00
01:17:31 PM   30    0.00    0.00    0.00    0.00    0.00    0.00    0.00    0.00    0.00  100.00
01:17:31 PM   31    1.01    0.00    0.00    0.00    0.00    0.00    0.00    0.00    0.00   98.99
01:17:31 PM   32    1.01    0.00    0.00    0.00    0.00    0.00    0.00    0.00    0.00   98.99
01:17:31 PM   33    0.00    0.00    1.01    1.01    0.00    0.00    0.00    0.00    0.00   97.98
01:17:31 PM   34    1.00    0.00    1.00    0.00    0.00    0.00    0.00    0.00    0.00   98.00
01:17:31 PM   35    1.00    0.00    0.00    0.00    0.00    0.00    0.00    0.00    0.00   99.00

01:17:31 PM  CPU    %usr   %nice    %sys %iowait    %irq   %soft  %steal  %guest  %gnice   %idle
01:17:32 PM  all    1.37    0.00    2.91    0.00    0.00    1.93    0.00    0.00    0.00   93.78
01:17:32 PM    0    0.96    0.00    0.00    0.00    0.00    7.69    0.00    0.00    0.00   91.35
01:17:32 PM    1    0.00    0.00    0.00    0.00    0.00    0.00    0.00    0.00    0.00  100.00
01:17:32 PM    2    0.00    0.00    2.02    0.00    0.00    0.00    0.00    0.00    0.00   97.98
01:17:32 PM    3    1.01    0.00    0.00    0.00    0.00    0.00    0.00    0.00    0.00   98.99
01:17:32 PM    4    1.02    0.00    0.00    0.00    0.00    0.00    0.00    0.00    0.00   98.98
01:17:32 PM    5    0.00    0.00    0.00    0.00    0.00    0.00    0.00    0.00    0.00  100.00
01:17:32 PM    6    1.01    0.00    0.00    0.00    0.00    0.00    0.00    0.00    0.00   98.99
01:17:32 PM    7    0.00    0.00    0.00    0.00    0.00    0.00    0.00    0.00    0.00  100.00
01:17:32 PM    8    0.00    0.00    0.00    0.00    0.00    0.00    0.00    0.00    0.00  100.00
01:17:32 PM    9    1.01    0.00    0.00    0.00    0.00    0.00    0.00    0.00    0.00   98.99
01:17:32 PM   10    0.00    0.00    0.00    0.00    0.00    0.00    0.00    0.00    0.00  100.00
01:17:32 PM   11    0.00    0.00    0.00    0.00    0.00    0.00    0.00    0.00    0.00  100.00
01:17:32 PM   12    0.99    0.00    0.99    0.00    0.00    0.00    0.00    0.00    0.00   98.02
01:17:32 PM   13    2.04    0.00    0.00    0.00    0.00    0.00    0.00    0.00    0.00   97.96
01:17:32 PM   14    1.01    0.00    0.00    0.00    0.00    0.00    0.00    0.00    0.00   98.99
01:17:32 PM   15    0.00    0.00    1.01    0.00    0.00    0.00    0.00    0.00    0.00   98.99
01:17:32 PM   16    1.01    0.00    0.00    0.00    0.00    0.00    0.00    0.00    0.00   98.99
01:17:32 PM   17    0.00    0.00    0.00    0.00    0.00    1.00    0.00    0.00    0.00   99.00
01:17:32 PM   18    0.00    0.00    0.00    0.00    0.00    0.00    0.00    0.00    0.00  100.00
01:17:32 PM   19    1.00    0.00    0.00    0.00    0.00    0.00    0.00    0.00    0.00   99.00
01:17:32 PM   20    1.00    0.00    0.00    0.00    0.00    0.00    0.00    0.00    0.00   99.00
01:17:32 PM   21    0.00    0.00    0.00    0.00    0.00    0.00    0.00    0.00    0.00  100.00
01:17:32 PM   22   20.00    0.00   52.00    0.00    0.00   28.00    0.00    0.00    0.00    0.00
01:17:32 PM   23   15.15    0.00   45.45    0.00    0.00   32.32    0.00    0.00    0.00    7.07
01:17:32 PM   24    0.00    0.00    0.00    0.00    0.00    0.00    0.00    0.00    0.00  100.00
01:17:32 PM   25    0.00    0.00    0.00    0.00    0.00    0.00    0.00    0.00    0.00  100.00
01:17:32 PM   26    0.00    0.00    0.00    0.00    0.00    0.00    0.00    0.00    0.00  100.00
01:17:32 PM   27    0.00    0.00    0.00    0.00    0.00    0.00    0.00    0.00    0.00  100.00
01:17:32 PM   28    0.00    0.00    1.01    0.00    0.00    0.00    0.00    0.00    0.00   98.99
01:17:32 PM   29    1.01    0.00    0.00    0.00    0.00    0.00    0.00    0.00    0.00   98.99
01:17:32 PM   30    1.00    0.00    1.00    0.00    0.00    0.00    0.00    0.00    0.00   98.00
01:17:32 PM   31    0.00    0.00    0.00    0.00    0.00    0.00    0.00    0.00    0.00  100.00
01:17:32 PM   32    0.00    0.00    1.00    0.00    0.00    0.00    0.00    0.00    0.00   99.00
01:17:32 PM   33    0.00    0.00    0.00    0.00    0.00    0.00    0.00    0.00    0.00  100.00
01:17:32 PM   34    0.00    0.00    0.00    0.00    0.00    0.00    0.00    0.00    0.00  100.00
01:17:32 PM   35    0.00    0.00    0.00    0.00    0.00    0.00    0.00    0.00    0.00  100.00

01:17:32 PM  CPU    %usr   %nice    %sys %iowait    %irq   %soft  %steal  %guest  %gnice   %idle
01:17:33 PM  all    2.56    0.00    3.23    0.06    0.00    1.84    0.00    0.00    0.00   92.31
01:17:33 PM    0    0.96    0.00    0.00    0.00    0.00    7.69    0.00    0.00    0.00   91.35
01:17:33 PM    1    3.00    0.00    1.00    0.00    0.00    0.00    0.00    0.00    0.00   96.00
01:17:33 PM    2    3.03    0.00    1.01    0.00    0.00    0.00    0.00    0.00    0.00   95.96
01:17:33 PM    3    1.00    0.00    2.00    0.00    0.00    0.00    0.00    0.00    0.00   97.00
01:17:33 PM    4    4.00    0.00    1.00    0.00    0.00    0.00    0.00    0.00    0.00   95.00
01:17:33 PM    5    3.03    0.00    0.00    0.00    0.00    0.00    0.00    0.00    0.00   96.97
01:17:33 PM    6    2.97    0.00    6.93    0.00    0.00    0.00    0.00    0.00    0.00   90.10
01:17:33 PM    7    1.02    0.00    0.00    0.00    0.00    0.00    0.00    0.00    0.00   98.98
01:17:33 PM    8    3.03    0.00    0.00    0.00    0.00    0.00    0.00    0.00    0.00   96.97
01:17:33 PM    9    2.00    0.00    1.00    0.00    0.00    0.00    0.00    0.00    0.00   97.00
01:17:33 PM   10    2.00    0.00    1.00    0.00    0.00    0.00    0.00    0.00    0.00   97.00
01:17:33 PM   11    2.02    0.00    0.00    1.01    0.00    1.01    0.00    0.00    0.00   95.96
01:17:33 PM   12    4.95    0.00    0.99    0.00    0.00    0.00    0.00    0.00    0.00   94.06
01:17:33 PM   13    4.00    0.00    1.00    1.00    0.00    0.00    0.00    0.00    0.00   94.00
01:17:33 PM   14    5.94    0.00    1.98    0.00    0.00    0.00    0.00    0.00    0.00   92.08
01:17:33 PM   15    1.02    0.00    0.00    0.00    0.00    0.00    0.00    0.00    0.00   98.98
01:17:33 PM   16    1.00    0.00    2.00    0.00    0.00    0.00    0.00    0.00    0.00   97.00
01:17:33 PM   17    1.01    0.00    1.01    0.00    0.00    0.00    0.00    0.00    0.00   97.98
01:17:33 PM   18    1.00    0.00    0.00    0.00    0.00    0.00    0.00    0.00    0.00   99.00
01:17:33 PM   19    0.00    0.00    0.00    0.00    0.00    0.00    0.00    0.00    0.00  100.00
01:17:33 PM   20    0.00    0.00    0.00    0.00    0.00    0.00    0.00    0.00    0.00  100.00
01:17:33 PM   21    0.00    0.00    0.00    0.00    0.00    0.00    0.00    0.00    0.00  100.00
01:17:33 PM   22   23.00    0.00   45.00    0.00    0.00   31.00    0.00    0.00    0.00    1.00
01:17:33 PM   23   18.56    0.00   48.45    0.00    0.00   26.80    0.00    0.00    0.00    6.19
01:17:33 PM   24    0.00    0.00    1.00    0.00    0.00    0.00    0.00    0.00    0.00   99.00
01:17:33 PM   25    0.00    0.00    0.00    0.00    0.00    0.00    0.00    0.00    0.00  100.00
01:17:33 PM   26    0.00    0.00    0.00    0.00    0.00    0.00    0.00    0.00    0.00  100.00
01:17:33 PM   27    0.00    0.00    0.00    0.00    0.00    0.00    0.00    0.00    0.00  100.00
01:17:33 PM   28    0.00    0.00    0.00    0.00    0.00    0.00    0.00    0.00    0.00  100.00
01:17:33 PM   29    1.00    0.00    0.00    0.00    0.00    0.00    0.00    0.00    0.00   99.00
01:17:33 PM   30    0.99    0.00    0.00    0.00    0.00    0.00    0.00    0.00    0.00   99.01
01:17:33 PM   31    1.00    0.00    1.00    0.00    0.00    0.00    0.00    0.00    0.00   98.00
01:17:33 PM   32    1.00    0.00    0.00    0.00    0.00    0.00    0.00    0.00    0.00   99.00
01:17:33 PM   33    0.00    0.00    1.00    0.00    0.00    0.00    0.00    0.00    0.00   99.00
01:17:33 PM   34    0.00    0.00    0.00    0.00    0.00    0.00    0.00    0.00    0.00  100.00
01:17:33 PM   35    0.00    0.00    0.00    0.00    0.00    0.00    0.00    0.00    0.00  100.00

01:17:33 PM  CPU    %usr   %nice    %sys %iowait    %irq   %soft  %steal  %guest  %gnice   %idle
01:17:34 PM  all    1.81    0.00    3.23    0.06    0.00    1.92    0.00    0.00    0.00   92.99
01:17:34 PM    0    1.94    0.00    0.97    0.00    0.00    4.85    0.00    0.00    0.00   92.23
01:17:34 PM    1    0.96    0.00    1.92    0.00    0.00    3.85    0.00    0.00    0.00   93.27
01:17:34 PM    2    1.98    0.00    0.00    0.00    0.00    0.99    0.00    0.00    0.00   97.03
01:17:34 PM    3    0.00    0.00    1.01    0.00    0.00    0.00    0.00    0.00    0.00   98.99
01:17:34 PM    4    0.00    0.00    0.00    1.00    0.00    0.00    0.00    0.00    0.00   99.00
01:17:34 PM    5    0.00    0.00    1.01    0.00    0.00    0.00    0.00    0.00    0.00   98.99
01:17:34 PM    6    2.04    0.00    6.12    0.00    0.00    0.00    0.00    0.00    0.00   91.84
01:17:34 PM    7    1.01    0.00    0.00    0.00    0.00    0.00    0.00    0.00    0.00   98.99
01:17:34 PM    8    0.00    0.00    0.00    0.00    0.00    0.00    0.00    0.00    0.00  100.00
01:17:34 PM    9    2.94    0.00    0.98    0.00    0.00    0.00    0.00    0.00    0.00   96.08
01:17:34 PM   10    0.00    0.00    1.01    1.01    0.00    0.00    0.00    0.00    0.00   97.98
01:17:34 PM   11    1.00    0.00    1.00    0.00    0.00    0.00    0.00    0.00    0.00   98.00
01:17:34 PM   12    0.00    0.00    0.00    0.00    0.00    0.00    0.00    0.00    0.00  100.00
01:17:34 PM   13    1.00    0.00    1.00    0.00    0.00    0.00    0.00    0.00    0.00   98.00
01:17:34 PM   14    1.01    0.00    0.00    0.00    0.00    0.00    0.00    0.00    0.00   98.99
01:17:34 PM   15    3.92    0.00    0.98    0.00    0.00    0.00    0.00    0.00    0.00   95.10
01:17:34 PM   16    2.02    0.00    0.00    0.00    0.00    0.00    0.00    0.00    0.00   97.98
01:17:34 PM   17    1.00    0.00    1.00    0.00    0.00    0.00    0.00    0.00    0.00   98.00
01:17:34 PM   18    0.00    0.00    0.00    0.00    0.00    0.00    0.00    0.00    0.00  100.00
01:17:34 PM   19    0.00    0.00    1.00    0.00    0.00    0.00    0.00    0.00    0.00   99.00
01:17:34 PM   20    0.00    0.00    1.00    0.00    0.00    0.00    0.00    0.00    0.00   99.00
01:17:34 PM   21    0.00    0.00    0.00    0.00    0.00    0.00    0.00    0.00    0.00  100.00
01:17:34 PM   22   22.00    0.00   48.00    0.00    0.00   30.00    0.00    0.00    0.00    0.00
01:17:34 PM   23   20.20    0.00   44.44    0.00    0.00   29.29    0.00    0.00    0.00    6.06
01:17:34 PM   24    0.00    0.00    1.01    0.00    0.00    0.00    0.00    0.00    0.00   98.99
01:17:34 PM   25    0.00    0.00    1.00    0.00    0.00    0.00    0.00    0.00    0.00   99.00
01:17:34 PM   26    0.00    0.00    0.00    0.00    0.00    0.00    0.00    0.00    0.00  100.00
01:17:34 PM   27    0.00    0.00    0.00    0.00    0.00    0.00    0.00    0.00    0.00  100.00
01:17:34 PM   28    0.00    0.00    0.00    0.00    0.00    0.00    0.00    0.00    0.00  100.00
01:17:34 PM   29    0.00    0.00    0.00    0.00    0.00    0.00    0.00    0.00    0.00  100.00
01:17:34 PM   30    0.00    0.00    0.00    0.00    0.00    0.00    0.00    0.00    0.00  100.00
01:17:34 PM   31    0.00    0.00    0.00    0.00    0.00    0.00    0.00    0.00    0.00  100.00
01:17:34 PM   32    0.00    0.00    1.00    0.00    0.00    0.00    0.00    0.00    0.00   99.00
01:17:34 PM   33    1.00    0.00    0.00    0.00    0.00    0.00    0.00    0.00    0.00   99.00
01:17:34 PM   34    0.00    0.00    1.00    0.00    0.00    0.00    0.00    0.00    0.00   99.00
01:17:34 PM   35    0.99    0.00    0.99    0.00    0.00    0.00    0.00    0.00    0.00   98.02

01:17:34 PM  CPU    %usr   %nice    %sys %iowait    %irq   %soft  %steal  %guest  %gnice   %idle
01:17:35 PM  all    2.50    0.00    2.81    0.03    0.00    2.06    0.00    0.00    0.00   92.60
01:17:35 PM    0    1.92    0.00    0.00    0.00    0.00    6.73    0.00    0.00    0.00   91.35
01:17:35 PM    1    1.00    0.00    0.00    0.00    0.00    2.00    0.00    0.00    0.00   97.00
01:17:35 PM    2    2.00    0.00    1.00    0.00    0.00    1.00    0.00    0.00    0.00   96.00
01:17:35 PM    3    3.00    0.00    0.00    0.00    0.00    0.00    0.00    0.00    0.00   97.00
01:17:35 PM    4    2.00    0.00    0.00    0.00    0.00    0.00    0.00    0.00    0.00   98.00
01:17:35 PM    5    1.01    0.00    1.01    0.00    0.00    0.00    0.00    0.00    0.00   97.98
01:17:35 PM    6    0.99    0.00    1.98    0.00    0.00    0.99    0.00    0.00    0.00   96.04
01:17:35 PM    7    2.00    0.00    0.00    0.00    0.00    0.00    0.00    0.00    0.00   98.00
01:17:35 PM    8    2.00    0.00    1.00    0.00    0.00    0.00    0.00    0.00    0.00   97.00
01:17:35 PM    9    1.00    0.00    0.00    0.00    0.00    0.00    0.00    0.00    0.00   99.00
01:17:35 PM   10    1.98    0.00    0.00    0.00    0.00    0.00    0.00    0.00    0.00   98.02
01:17:35 PM   11    1.00    0.00    1.00    0.00    0.00    0.00    0.00    0.00    0.00   98.00
01:17:35 PM   12    1.01    0.00    1.01    0.00    0.00    0.00    0.00    0.00    0.00   97.98
01:17:35 PM   13    3.92    0.00    0.98    0.00    0.00    0.00    0.00    0.00    0.00   95.10
01:17:35 PM   14    1.00    0.00    1.00    0.00    0.00    0.00    0.00    0.00    0.00   98.00
01:17:35 PM   15    1.01    0.00    0.00    0.00    0.00    0.00    0.00    0.00    0.00   98.99
01:17:35 PM   16    3.00    0.00    0.00    0.00    0.00    0.00    0.00    0.00    0.00   97.00
01:17:35 PM   17    2.00    0.00    0.00    1.00    0.00    0.00    0.00    0.00    0.00   97.00
01:17:35 PM   18    0.00    0.00    1.00    0.00    0.00    0.00    0.00    0.00    0.00   99.00
01:17:35 PM   19    0.00    0.00    1.00    0.00    0.00    0.00    0.00    0.00    0.00   99.00
01:17:35 PM   20    0.00    0.00    0.00    0.00    0.00    0.00    0.00    0.00    0.00  100.00
01:17:35 PM   21    0.99    0.00    0.00    0.00    0.00    0.00    0.00    0.00    0.00   99.01
01:17:35 PM   22   21.00    0.00   47.00    0.00    0.00   32.00    0.00    0.00    0.00    0.00
01:17:35 PM   23   22.68    0.00   40.21    0.00    0.00   31.96    0.00    0.00    0.00    5.15
01:17:35 PM   24    2.00    0.00    0.00    0.00    0.00    0.00    0.00    0.00    0.00   98.00
01:17:35 PM   25    1.01    0.00    0.00    0.00    0.00    0.00    0.00    0.00    0.00   98.99
01:17:35 PM   26    1.02    0.00    0.00    0.00    0.00    0.00    0.00    0.00    0.00   98.98
01:17:35 PM   27    1.98    0.00    0.00    0.00    0.00    0.00    0.00    0.00    0.00   98.02
01:17:35 PM   28    1.98    0.00    0.00    0.00    0.00    0.00    0.00    0.00    0.00   98.02
01:17:35 PM   29    1.00    0.00    1.00    0.00    0.00    0.00    0.00    0.00    0.00   98.00
01:17:35 PM   30    0.00    0.00    0.00    0.00    0.00    0.00    0.00    0.00    0.00  100.00
01:17:35 PM   31    1.01    0.00    0.00    0.00    0.00    0.00    0.00    0.00    0.00   98.99
01:17:35 PM   32    1.00    0.00    0.00    0.00    0.00    0.00    0.00    0.00    0.00   99.00
01:17:35 PM   33    2.04    0.00    3.06    0.00    0.00    0.00    0.00    0.00    0.00   94.90
01:17:35 PM   34    0.00    0.00    0.00    0.00    0.00    0.00    0.00    0.00    0.00  100.00
01:17:35 PM   35    1.01    0.00    0.00    0.00    0.00    0.00    0.00    0.00    0.00   98.99

01:17:35 PM  CPU    %usr   %nice    %sys %iowait    %irq   %soft  %steal  %guest  %gnice   %idle
01:17:36 PM  all    1.65    0.00    3.14    0.06    0.00    1.74    0.00    0.00    0.00   93.42
01:17:36 PM    0    0.00    0.00    0.99    0.00    0.00    4.95    0.00    0.00    0.00   94.06
01:17:36 PM    1    0.00    0.00    0.00    0.00    0.00    1.01    0.00    0.00    0.00   98.99
01:17:36 PM    2    0.00    0.00    0.00    1.01    0.00    0.00    0.00    0.00    0.00   98.99
01:17:36 PM    3    0.00    0.00    0.00    0.00    0.00    0.00    0.00    0.00    0.00  100.00
01:17:36 PM    4    0.00    0.00    1.00    0.00    0.00    0.00    0.00    0.00    0.00   99.00
01:17:36 PM    5    2.00    0.00    0.00    0.00    0.00    0.00    0.00    0.00    0.00   98.00
01:17:36 PM    6    2.02    0.00    7.07    0.00    0.00    0.00    0.00    0.00    0.00   90.91
01:17:36 PM    7    0.00    0.00    0.00    0.00    0.00    0.00    0.00    0.00    0.00  100.00
01:17:36 PM    8    1.01    0.00    0.00    0.00    0.00    0.00    0.00    0.00    0.00   98.99
01:17:36 PM    9    0.00    0.00    0.00    0.00    0.00    0.00    0.00    0.00    0.00  100.00
01:17:36 PM   10    0.00    0.00    0.00    0.00    0.00    0.00    0.00    0.00    0.00  100.00
01:17:36 PM   11    1.02    0.00    0.00    0.00    0.00    0.00    0.00    0.00    0.00   98.98
01:17:36 PM   12    0.00    0.00    0.00    0.00    0.00    0.00    0.00    0.00    0.00  100.00
01:17:36 PM   13    3.00    0.00    1.00    0.00    0.00    0.00    0.00    0.00    0.00   96.00
01:17:36 PM   14    2.02    0.00    0.00    0.00    0.00    0.00    0.00    0.00    0.00   97.98
01:17:36 PM   15    1.98    0.00    0.99    0.99    0.00    0.00    0.00    0.00    0.00   96.04
01:17:36 PM   16    1.96    0.00    0.98    0.00    0.00    0.00    0.00    0.00    0.00   97.06
01:17:36 PM   17    1.01    0.00    0.00    0.00    0.00    0.00    0.00    0.00    0.00   98.99
01:17:36 PM   18    0.00    0.00    0.00    0.00    0.00    0.00    0.00    0.00    0.00  100.00
01:17:36 PM   19    0.00    0.00    0.00    0.00    0.00    0.00    0.00    0.00    0.00  100.00
01:17:36 PM   20    0.00    0.00    0.00    0.00    0.00    0.00    0.00    0.00    0.00  100.00
01:17:36 PM   21    0.00    0.00    1.00    0.00    0.00    0.00    0.00    0.00    0.00   99.00
01:17:36 PM   22   17.53    0.00   51.55    0.00    0.00   30.93    0.00    0.00    0.00    0.00
01:17:36 PM   23   22.00    0.00   46.00    0.00    0.00   26.00    0.00    0.00    0.00    6.00
01:17:36 PM   24    0.00    0.00    1.00    0.00    0.00    0.00    0.00    0.00    0.00   99.00
01:17:36 PM   25    0.00    0.00    0.00    0.00    0.00    0.00    0.00    0.00    0.00  100.00
01:17:36 PM   26    0.00    0.00    0.00    0.00    0.00    0.00    0.00    0.00    0.00  100.00
01:17:36 PM   27    0.00    0.00    0.00    0.00    0.00    0.00    0.00    0.00    0.00  100.00
01:17:36 PM   28    1.00    0.00    0.00    0.00    0.00    0.00    0.00    0.00    0.00   99.00
01:17:36 PM   29    1.01    0.00    0.00    0.00    0.00    0.00    0.00    0.00    0.00   98.99
01:17:36 PM   30    1.02    0.00    0.00    0.00    0.00    0.00    0.00    0.00    0.00   98.98
01:17:36 PM   31    0.00    0.00    0.00    0.00    0.00    0.00    0.00    0.00    0.00  100.00
01:17:36 PM   32    1.01    0.00    0.00    0.00    0.00    0.00    0.00    0.00    0.00   98.99
01:17:36 PM   33    0.00    0.00    1.00    0.00    0.00    0.00    0.00    0.00    0.00   99.00
01:17:36 PM   34    0.00    0.00    0.00    0.00    0.00    0.00    0.00    0.00    0.00  100.00
01:17:36 PM   35    0.00    0.00    1.00    0.00    0.00    0.00    0.00    0.00    0.00   99.00

01:17:36 PM  CPU    %usr   %nice    %sys %iowait    %irq   %soft  %steal  %guest  %gnice   %idle
01:17:37 PM  all    1.40    0.00    3.04    0.03    0.00    1.87    0.00    0.00    0.00   93.66
01:17:37 PM    0    0.95    0.00    0.00    0.00    0.00    7.62    0.00    0.00    0.00   91.43
01:17:37 PM    1    0.00    0.00    2.00    0.00    0.00    0.00    0.00    0.00    0.00   98.00
01:17:37 PM    2    0.00    0.00    0.00    0.00    0.00    0.00    0.00    0.00    0.00  100.00
01:17:37 PM    3    2.00    0.00    0.00    0.00    0.00    0.00    0.00    0.00    0.00   98.00
01:17:37 PM    4    0.00    0.00    0.00    0.00    0.00    0.00    0.00    0.00    0.00  100.00
01:17:37 PM    5    1.00    0.00    1.00    0.00    0.00    0.00    0.00    0.00    0.00   98.00
01:17:37 PM    6    0.99    0.00    0.99    0.00    0.00    0.00    0.00    0.00    0.00   98.02
01:17:37 PM    7    1.01    0.00    0.00    0.00    0.00    0.00    0.00    0.00    0.00   98.99
01:17:37 PM    8    0.00    0.00    0.00    0.00    0.00    0.00    0.00    0.00    0.00  100.00
01:17:37 PM    9    1.01    0.00    0.00    0.00    0.00    0.00    0.00    0.00    0.00   98.99
01:17:37 PM   10    0.00    0.00    0.00    0.00    0.00    0.00    0.00    0.00    0.00  100.00
01:17:37 PM   11    1.01    0.00    0.00    0.00    0.00    0.00    0.00    0.00    0.00   98.99
01:17:37 PM   12    0.00    0.00    1.00    0.00    0.00    0.00    0.00    0.00    0.00   99.00
01:17:37 PM   13    1.00    0.00    0.00    0.00    0.00    0.00    0.00    0.00    0.00   99.00
01:17:37 PM   14    0.00    0.00    0.00    0.00    0.00    0.00    0.00    0.00    0.00  100.00
01:17:37 PM   15    3.00    0.00    0.00    0.00    0.00    0.00    0.00    0.00    0.00   97.00
01:17:37 PM   16    0.00    0.00    0.00    0.00    0.00    0.00    0.00    0.00    0.00  100.00
01:17:37 PM   17    0.00    0.00    1.00    0.00    0.00    0.00    0.00    0.00    0.00   99.00
01:17:37 PM   18    0.99    0.00    0.99    0.00    0.00    0.00    0.00    0.00    0.00   98.02
01:17:37 PM   19    0.00    0.00    0.00    0.00    0.00    0.00    0.00    0.00    0.00  100.00
01:17:37 PM   20    0.00    0.00    0.00    0.00    0.00    0.00    0.00    0.00    0.00  100.00
01:17:37 PM   21    1.00    0.00    0.00    0.00    0.00    0.00    0.00    0.00    0.00   99.00
01:17:37 PM   22   17.65    0.00   50.00    0.00    0.00   31.37    0.00    0.00    0.00    0.98
01:17:37 PM   23   17.53    0.00   49.48    0.00    0.00   26.80    0.00    0.00    0.00    6.19
01:17:37 PM   24    0.00    0.00    0.00    0.00    0.00    0.00    0.00    0.00    0.00  100.00
01:17:37 PM   25    0.00    0.00    0.00    0.00    0.00    0.00    0.00    0.00    0.00  100.00
01:17:37 PM   26    0.00    0.00    1.98    0.00    0.00    0.00    0.00    0.00    0.00   98.02
01:17:37 PM   27    0.00    0.00    0.00    0.00    0.00    0.00    0.00    0.00    0.00  100.00
01:17:37 PM   28    0.00    0.00    0.00    1.00    0.00    0.00    0.00    0.00    0.00   99.00
01:17:37 PM   29    0.00    0.00    0.00    0.00    0.00    0.00    0.00    0.00    0.00  100.00
01:17:37 PM   30    0.00    0.00    0.00    0.00    0.00    0.00    0.00    0.00    0.00  100.00
01:17:37 PM   31    0.00    0.00    0.00    0.00    0.00    0.00    0.00    0.00    0.00  100.00
01:17:37 PM   32    0.00    0.00    0.00    0.00    0.00    0.00    0.00    0.00    0.00  100.00
01:17:37 PM   33    0.00    0.00    1.01    0.00    0.00    0.00    0.00    0.00    0.00   98.99
01:17:37 PM   34    0.00    0.00    0.00    0.00    0.00    0.00    0.00    0.00    0.00  100.00
01:17:37 PM   35    1.00    0.00    0.00    0.00    0.00    1.00    0.00    0.00    0.00   98.00

Average:     CPU    %usr   %nice    %sys %iowait    %irq   %soft  %steal  %guest  %gnice   %idle
Average:     all    1.84    0.00    2.98    0.05    0.00    1.87    0.00    0.00    0.00   93.27
Average:       0    1.06    0.00    0.29    0.10    0.00    6.84    0.00    0.00    0.00   91.71
Average:       1    1.09    0.00    0.70    0.00    0.00    1.29    0.00    0.00    0.00   96.92
Average:       2    1.00    0.00    0.60    0.10    0.00    0.30    0.00    0.00    0.00   97.99
Average:       3    0.91    0.00    0.50    0.10    0.00    0.00    0.00    0.00    0.00   98.49
Average:       4    1.01    0.00    0.40    0.20    0.00    0.00    0.00    0.00    0.00   98.39
Average:       5    1.11    0.00    0.60    0.00    0.00    0.00    0.00    0.00    0.00   98.29
Average:       6    1.91    0.00    3.92    0.00    0.00    0.10    0.00    0.00    0.00   94.07
Average:       7    0.71    0.00    0.20    0.00    0.00    0.00    0.00    0.00    0.00   99.09
Average:       8    0.81    0.00    0.30    0.00    0.00    0.00    0.00    0.00    0.00   98.89
Average:       9    1.11    0.00    0.20    0.00    0.00    0.00    0.00    0.00    0.00   98.69
Average:      10    0.80    0.00    0.40    0.20    0.00    0.10    0.00    0.00    0.00   98.49
Average:      11    0.91    0.00    0.40    0.10    0.00    0.10    0.00    0.00    0.00   98.49
Average:      12    1.11    0.00    0.40    0.10    0.00    0.00    0.00    0.00    0.00   98.39
Average:      13    2.30    0.00    0.60    0.10    0.00    0.00    0.00    0.00    0.00   96.99
Average:      14    1.71    0.00    0.40    0.00    0.00    0.00    0.00    0.00    0.00   97.89
Average:      15    1.30    0.00    0.40    0.20    0.00    0.00    0.00    0.00    0.00   98.10
Average:      16    1.10    0.00    0.40    0.00    0.00    0.00    0.00    0.00    0.00   98.49
Average:      17    0.90    0.00    0.50    0.10    0.00    0.10    0.00    0.00    0.00   98.40
Average:      18    0.50    0.00    0.50    0.10    0.00    0.00    0.00    0.00    0.00   98.90
Average:      19    0.40    0.00    0.30    0.00    0.00    0.00    0.00    0.00    0.00   99.30
Average:      20    0.10    0.00    0.20    0.00    0.00    0.00    0.00    0.00    0.00   99.70
Average:      21    0.50    0.00    0.10    0.00    0.00    0.00    0.00    0.00    0.00   99.40
Average:      22   18.88    0.00   47.09    0.00    0.00   29.72    0.00    0.00    0.00    4.32
Average:      23   18.21    0.00   44.25    0.00    0.00   28.69    0.00    0.00    0.00    8.85
Average:      24    0.60    0.00    0.50    0.00    0.00    0.00    0.00    0.00    0.00   98.89
Average:      25    0.40    0.00    0.30    0.00    0.00    0.00    0.00    0.00    0.00   99.29
Average:      26    0.10    0.00    0.30    0.10    0.00    0.00    0.00    0.00    0.00   99.50
Average:      27    0.50    0.00    0.00    0.00    0.00    0.00    0.00    0.00    0.00   99.50
Average:      28    0.40    0.00    0.50    0.10    0.00    0.00    0.00    0.00    0.00   99.00
Average:      29    0.91    0.00    0.30    0.00    0.00    0.00    0.00    0.00    0.00   98.79
Average:      30    0.70    0.00    0.20    0.10    0.00    0.00    0.00    0.00    0.00   98.99
Average:      31    0.70    0.00    0.20    0.00    0.00    0.00    0.00    0.00    0.00   99.09
Average:      32    0.80    0.00    0.30    0.00    0.00    0.00    0.00    0.00    0.00   98.90
Average:      33    0.60    0.00    0.81    0.10    0.00    0.00    0.00    0.00    0.00   98.49
Average:      34    0.30    0.00    0.20    0.00    0.00    0.00    0.00    0.00    0.00   99.49
Average:      35    0.80    0.00    0.40    0.00    0.00    0.10    0.00    0.00    0.00   98.69
