Linux 5.15.0-186-generic (rapids4) 	07/28/2026 	_x86_64_	(36 CPU)

12:53:49 PM  CPU    %usr   %nice    %sys %iowait    %irq   %soft  %steal  %guest  %gnice   %idle
12:53:50 PM  all    1.23    0.00    2.76    0.08    0.00    2.31    0.00    0.00    0.00   93.62
12:53:50 PM    0    0.00    0.00    0.93    0.00    0.00   10.28    0.00    0.00    0.00   88.79
12:53:50 PM    1    0.00    0.00    0.00    0.00    0.00    1.01    0.00    0.00    0.00   98.99
12:53:50 PM    2    2.00    0.00    0.00    1.00    0.00    0.00    0.00    0.00    0.00   97.00
12:53:50 PM    3    1.01    0.00    0.00    0.00    0.00    0.00    0.00    0.00    0.00   98.99
12:53:50 PM    4    1.00    0.00    1.00    0.00    0.00    0.00    0.00    0.00    0.00   98.00
12:53:50 PM    5    1.98    0.00    0.99    0.00    0.00    0.00    0.00    0.00    0.00   97.03
12:53:50 PM    6    2.00    0.00    2.00    0.00    0.00    0.00    0.00    0.00    0.00   96.00
12:53:50 PM    7    2.02    0.00    7.07    0.00    0.00    0.00    0.00    0.00    0.00   90.91
12:53:50 PM    8    1.01    0.00    0.00    0.00    0.00    0.00    0.00    0.00    0.00   98.99
12:53:50 PM    9    1.01    0.00    0.00    0.00    0.00    0.00    0.00    0.00    0.00   98.99
12:53:50 PM   10    0.99    0.00    0.99    0.00    0.00    0.00    0.00    0.00    0.00   98.02
12:53:50 PM   11    1.00    0.00    0.00    0.00    0.00    0.00    0.00    0.00    0.00   99.00
12:53:50 PM   12    1.00    0.00    0.00    1.00    0.00    0.00    0.00    0.00    0.00   98.00
12:53:50 PM   13    1.00    0.00    0.00    0.00    0.00    0.00    0.00    0.00    0.00   99.00
12:53:50 PM   14    1.01    0.00    0.00    0.00    0.00    0.00    0.00    0.00    0.00   98.99
12:53:50 PM   15    2.00    0.00    1.00    0.00    0.00    0.00    0.00    0.00    0.00   97.00
12:53:50 PM   16    0.00    0.00    0.00    0.00    0.00    0.00    0.00    0.00    0.00  100.00
12:53:50 PM   17    0.00    0.00    1.00    0.00    0.00    0.00    0.00    0.00    0.00   99.00
12:53:50 PM   18    1.01    0.00    0.00    0.00    0.00    0.00    0.00    0.00    0.00   98.99
12:53:50 PM   19    0.00    0.00    0.00    0.00    0.00    0.00    0.00    0.00    0.00  100.00
12:53:50 PM   20    4.04    0.00   42.42    0.00    0.00   38.38    0.00    0.00    0.00   15.15
12:53:50 PM   21    3.19    0.00   38.30    0.00    0.00   35.11    0.00    0.00    0.00   23.40
12:53:50 PM   22    1.01    0.00    0.00    0.00    0.00    0.00    0.00    0.00    0.00   98.99
12:53:50 PM   23    0.99    0.00    0.99    0.99    0.00    0.00    0.00    0.00    0.00   97.03
12:53:50 PM   24    3.03    0.00    1.01    0.00    0.00    0.00    0.00    0.00    0.00   95.96
12:53:50 PM   25    0.00    0.00    0.00    0.00    0.00    0.00    0.00    0.00    0.00  100.00
12:53:50 PM   26    1.00    0.00    0.00    0.00    0.00    0.00    0.00    0.00    0.00   99.00
12:53:50 PM   27    1.96    0.00    0.98    0.00    0.00    0.00    0.00    0.00    0.00   97.06
12:53:50 PM   28    0.00    0.00    0.00    0.00    0.00    0.00    0.00    0.00    0.00  100.00
12:53:50 PM   29    0.00    0.00    0.00    0.00    0.00    0.00    0.00    0.00    0.00  100.00
12:53:50 PM   30    2.00    0.00    0.00    0.00    0.00    0.00    0.00    0.00    0.00   98.00
12:53:50 PM   31    1.01    0.00    0.00    0.00    0.00    0.00    0.00    0.00    0.00   98.99
12:53:50 PM   32    0.99    0.00    0.99    0.00    0.00    0.00    0.00    0.00    0.00   98.02
12:53:50 PM   33    1.01    0.00    0.00    0.00    0.00    0.00    0.00    0.00    0.00   98.99
12:53:50 PM   34    2.94    0.00    0.98    0.00    0.00    0.00    0.00    0.00    0.00   96.08
12:53:50 PM   35    1.01    0.00    1.01    0.00    0.00    0.00    0.00    0.00    0.00   97.98

12:53:50 PM  CPU    %usr   %nice    %sys %iowait    %irq   %soft  %steal  %guest  %gnice   %idle
12:53:51 PM  all    1.00    0.00    2.68    0.03    0.00    3.12    0.00    0.00    0.00   93.16
12:53:51 PM    0    0.92    0.00    0.00    0.00    0.00   11.01    0.00    0.00    0.00   88.07
12:53:51 PM    1    0.00    0.00    0.99    0.00    0.00    1.98    0.00    0.00    0.00   97.03
12:53:51 PM    2    1.00    0.00    1.00    0.00    0.00    0.00    0.00    0.00    0.00   98.00
12:53:51 PM    3    1.01    0.00    0.00    0.00    0.00    0.00    0.00    0.00    0.00   98.99
12:53:51 PM    4    0.99    0.00    0.99    0.00    0.00    0.00    0.00    0.00    0.00   98.02
12:53:51 PM    5    0.99    0.00    0.00    0.99    0.00    0.99    0.00    0.00    0.00   97.03
12:53:51 PM    6    6.12    0.00    1.02    0.00    0.00    0.00    0.00    0.00    0.00   92.86
12:53:51 PM    7    0.00    0.00    0.00    0.00    0.00    0.00    0.00    0.00    0.00  100.00
12:53:51 PM    8    0.00    0.00    0.00    0.00    0.00    0.00    0.00    0.00    0.00  100.00
12:53:51 PM    9    2.00    0.00    0.00    0.00    0.00    0.00    0.00    0.00    0.00   98.00
12:53:51 PM   10    0.00    0.00    0.00    0.00    0.00    0.00    0.00    0.00    0.00  100.00
12:53:51 PM   11    0.00    0.00    0.00    0.00    0.00    1.01    0.00    0.00    0.00   98.99
12:53:51 PM   12    0.99    0.00    0.99    0.00    0.00    0.00    0.00    0.00    0.00   98.02
12:53:51 PM   13    1.00    0.00    0.00    0.00    0.00    0.00    0.00    0.00    0.00   99.00
12:53:51 PM   14    3.00    0.00    1.00    0.00    0.00    0.00    0.00    0.00    0.00   96.00
12:53:51 PM   15    1.01    0.00    0.00    0.00    0.00    0.00    0.00    0.00    0.00   98.99
12:53:51 PM   16    2.02    0.00    1.01    0.00    0.00    0.00    0.00    0.00    0.00   96.97
12:53:51 PM   17    0.00    0.00    0.00    0.00    0.00    0.00    0.00    0.00    0.00  100.00
12:53:51 PM   18    0.00    0.00    0.00    0.00    0.00    0.00    0.00    0.00    0.00  100.00
12:53:51 PM   19    0.00    0.00    0.00    0.00    0.00    0.00    0.00    0.00    0.00  100.00
12:53:51 PM   20    7.92    0.00   43.56    0.00    0.00   48.51    0.00    0.00    0.00    0.00
12:53:51 PM   21    2.06    0.00   44.33    0.00    0.00   47.42    0.00    0.00    0.00    6.19
12:53:51 PM   22    1.98    0.00    0.99    0.00    0.00    0.00    0.00    0.00    0.00   97.03
12:53:51 PM   23    0.00    0.00    0.00    0.00    0.00    0.00    0.00    0.00    0.00  100.00
12:53:51 PM   24    0.00    0.00    1.01    0.00    0.00    0.00    0.00    0.00    0.00   98.99
12:53:51 PM   25    0.00    0.00    0.00    0.00    0.00    0.00    0.00    0.00    0.00  100.00
12:53:51 PM   26    0.00    0.00    0.00    0.00    0.00    0.00    0.00    0.00    0.00  100.00
12:53:51 PM   27    0.00    0.00    0.00    0.00    0.00    1.02    0.00    0.00    0.00   98.98
12:53:51 PM   28    1.01    0.00    0.00    0.00    0.00    0.00    0.00    0.00    0.00   98.99
12:53:51 PM   29    0.00    0.00    0.00    0.00    0.00    0.00    0.00    0.00    0.00  100.00
12:53:51 PM   30    1.01    0.00    0.00    0.00    0.00    0.00    0.00    0.00    0.00   98.99
12:53:51 PM   31    0.00    0.00    0.00    0.00    0.00    0.00    0.00    0.00    0.00  100.00
12:53:51 PM   32    0.00    0.00    0.00    0.00    0.00    0.00    0.00    0.00    0.00  100.00
12:53:51 PM   33    0.00    0.00    0.00    0.00    0.00    0.00    0.00    0.00    0.00  100.00
12:53:51 PM   34    0.00    0.00    0.00    0.00    0.00    0.00    0.00    0.00    0.00  100.00
12:53:51 PM   35    1.00    0.00    0.00    0.00    0.00    0.00    0.00    0.00    0.00   99.00

12:53:51 PM  CPU    %usr   %nice    %sys %iowait    %irq   %soft  %steal  %guest  %gnice   %idle
12:53:52 PM  all    0.70    0.00    2.85    0.08    0.00    2.85    0.00    0.00    0.00   93.51
12:53:52 PM    0    0.00    0.00    0.00    0.00    0.00    3.06    0.00    0.00    0.00   96.94
12:53:52 PM    1    0.00    0.00    0.00    0.00    0.00    2.97    0.00    0.00    0.00   97.03
12:53:52 PM    2    0.00    0.00    0.00    0.00    0.00    0.00    0.00    0.00    0.00  100.00
12:53:52 PM    3    3.00    0.00    5.00    1.00    0.00    0.00    0.00    0.00    0.00   91.00
12:53:52 PM    4    0.00    0.00    0.00    0.00    0.00    0.00    0.00    0.00    0.00  100.00
12:53:52 PM    5    1.01    0.00    0.00    0.00    0.00    0.00    0.00    0.00    0.00   98.99
12:53:52 PM    6    0.00    0.00    0.00    0.00    0.00    0.00    0.00    0.00    0.00  100.00
12:53:52 PM    7    0.00    0.00    0.00    0.00    0.00    0.00    0.00    0.00    0.00  100.00
12:53:52 PM    8    0.00    0.00    1.00    0.00    0.00    0.00    0.00    0.00    0.00   99.00
12:53:52 PM    9    0.00    0.00    0.00    0.00    0.00    0.00    0.00    0.00    0.00  100.00
12:53:52 PM   10    0.00    0.00    0.00    0.00    0.00    0.00    0.00    0.00    0.00  100.00
12:53:52 PM   11    1.01    0.00    0.00    0.00    0.00    0.00    0.00    0.00    0.00   98.99
12:53:52 PM   12    0.00    0.00    0.00    0.00    0.00    0.00    0.00    0.00    0.00  100.00
12:53:52 PM   13    0.00    0.00    0.00    0.00    0.00    0.00    0.00    0.00    0.00  100.00
12:53:52 PM   14    1.00    0.00    0.00    0.00    0.00    0.00    0.00    0.00    0.00   99.00
12:53:52 PM   15    0.00    0.00    1.00    0.00    0.00    0.00    0.00    0.00    0.00   99.00
12:53:52 PM   16    0.00    0.00    0.00    0.00    0.00    0.00    0.00    0.00    0.00  100.00
12:53:52 PM   17    0.00    0.00    0.00    0.00    0.00    0.00    0.00    0.00    0.00  100.00
12:53:52 PM   18    2.00    0.00    0.00    0.00    0.00    0.00    0.00    0.00    0.00   98.00
12:53:52 PM   19    1.00    0.00    1.00    0.00    0.00    0.00    0.00    0.00    0.00   98.00
12:53:52 PM   20    3.00    0.00   50.00    0.00    0.00   47.00    0.00    0.00    0.00    0.00
12:53:52 PM   21    3.06    0.00   40.82    0.00    0.00   50.00    0.00    0.00    0.00    6.12
12:53:52 PM   22    1.00    0.00    1.00    0.00    0.00    0.00    0.00    0.00    0.00   98.00
12:53:52 PM   23    1.02    0.00    0.00    0.00    0.00    0.00    0.00    0.00    0.00   98.98
12:53:52 PM   24    1.01    0.00    0.00    1.01    0.00    0.00    0.00    0.00    0.00   97.98
12:53:52 PM   25    2.00    0.00    0.00    1.00    0.00    0.00    0.00    0.00    0.00   97.00
12:53:52 PM   26    0.00    0.00    0.00    0.00    0.00    0.00    0.00    0.00    0.00  100.00
12:53:52 PM   27    0.00    0.00    0.00    0.00    0.00    0.00    0.00    0.00    0.00  100.00
12:53:52 PM   28    1.00    0.00    0.00    0.00    0.00    0.00    0.00    0.00    0.00   99.00
12:53:52 PM   29    0.00    0.00    0.00    0.00    0.00    0.00    0.00    0.00    0.00  100.00
12:53:52 PM   30    0.00    0.00    0.00    0.00    0.00    0.00    0.00    0.00    0.00  100.00
12:53:52 PM   31    1.00    0.00    1.00    0.00    0.00    0.00    0.00    0.00    0.00   98.00
12:53:52 PM   32    1.01    0.00    1.01    0.00    0.00    0.00    0.00    0.00    0.00   97.98
12:53:52 PM   33    0.99    0.00    0.99    0.00    0.00    0.00    0.00    0.00    0.00   98.02
12:53:52 PM   34    1.01    0.00    0.00    0.00    0.00    0.00    0.00    0.00    0.00   98.99
12:53:52 PM   35    0.00    0.00    0.00    0.00    0.00    0.00    0.00    0.00    0.00  100.00

12:53:52 PM  CPU    %usr   %nice    %sys %iowait    %irq   %soft  %steal  %guest  %gnice   %idle
12:53:53 PM  all    1.42    0.00    3.07    0.03    0.00    2.54    0.00    0.00    0.00   92.93
12:53:53 PM    0    5.66    0.00    0.00    0.00    0.00    8.49    0.00    0.00    0.00   85.85
12:53:53 PM    1    3.00    0.00    1.00    0.00    0.00    0.00    0.00    0.00    0.00   96.00
12:53:53 PM    2    1.01    0.00    0.00    0.00    0.00    0.00    0.00    0.00    0.00   98.99
12:53:53 PM    3    0.00    0.00    1.01    0.00    0.00    0.00    0.00    0.00    0.00   98.99
12:53:53 PM    4    1.01    0.00    0.00    0.00    0.00    0.00    0.00    0.00    0.00   98.99
12:53:53 PM    5    0.00    0.00    1.01    0.00    0.00    0.00    0.00    0.00    0.00   98.99
12:53:53 PM    6    1.01    0.00    0.00    0.00    0.00    0.00    0.00    0.00    0.00   98.99
12:53:53 PM    7    0.99    0.00    0.99    0.00    0.00    0.00    0.00    0.00    0.00   98.02
12:53:53 PM    8    1.01    0.00    0.00    0.00    0.00    0.00    0.00    0.00    0.00   98.99
12:53:53 PM    9    0.00    0.00    2.00    0.00    0.00    0.00    0.00    0.00    0.00   98.00
12:53:53 PM   10    0.00    0.00    0.00    0.00    0.00    0.00    0.00    0.00    0.00  100.00
12:53:53 PM   11    1.01    0.00    0.00    0.00    0.00    0.00    0.00    0.00    0.00   98.99
12:53:53 PM   12    0.99    0.00    0.99    0.00    0.00    0.00    0.00    0.00    0.00   98.02
12:53:53 PM   13    0.00    0.00    1.00    0.00    0.00    0.00    0.00    0.00    0.00   99.00
12:53:53 PM   14    1.00    0.00    0.00    0.00    0.00    0.00    0.00    0.00    0.00   99.00
12:53:53 PM   15    0.00    0.00    0.00    0.00    0.00    0.00    0.00    0.00    0.00  100.00
12:53:53 PM   16    0.99    0.00    0.00    0.00    0.00    0.00    0.00    0.00    0.00   99.01
12:53:53 PM   17    0.00    0.00    0.00    0.00    0.00    0.00    0.00    0.00    0.00  100.00
12:53:53 PM   18    0.99    0.00    1.98    0.00    0.00    0.00    0.00    0.00    0.00   97.03
12:53:53 PM   19    1.01    0.00    1.01    0.00    0.00    0.00    0.00    0.00    0.00   97.98
12:53:53 PM   20    6.06    0.00   51.52    0.00    0.00   42.42    0.00    0.00    0.00    0.00
12:53:53 PM   21    4.21    0.00   45.26    0.00    0.00   42.11    0.00    0.00    0.00    8.42
12:53:53 PM   22    1.00    0.00    1.00    0.00    0.00    0.00    0.00    0.00    0.00   98.00
12:53:53 PM   23    2.02    0.00    0.00    0.00    0.00    0.00    0.00    0.00    0.00   97.98
12:53:53 PM   24    1.02    0.00    0.00    0.00    0.00    0.00    0.00    0.00    0.00   98.98
12:53:53 PM   25    2.02    0.00    0.00    0.00    0.00    0.00    0.00    0.00    0.00   97.98
12:53:53 PM   26    1.01    0.00    0.00    0.00    0.00    0.00    0.00    0.00    0.00   98.99
12:53:53 PM   27    2.00    0.00    1.00    0.00    0.00    0.00    0.00    0.00    0.00   97.00
12:53:53 PM   28    1.01    0.00    0.00    0.00    0.00    0.00    0.00    0.00    0.00   98.99
12:53:53 PM   29    1.01    0.00    1.01    1.01    0.00    0.00    0.00    0.00    0.00   96.97
12:53:53 PM   30    2.02    0.00    0.00    0.00    0.00    0.00    0.00    0.00    0.00   97.98
12:53:53 PM   31    1.01    0.00    1.01    0.00    0.00    0.00    0.00    0.00    0.00   97.98
12:53:53 PM   32    3.00    0.00    0.00    0.00    0.00    0.00    0.00    0.00    0.00   97.00
12:53:53 PM   33    2.02    0.00    0.00    0.00    0.00    0.00    0.00    0.00    0.00   97.98
12:53:53 PM   34    0.00    0.00    1.01    0.00    0.00    0.00    0.00    0.00    0.00   98.99
12:53:53 PM   35    2.02    0.00    0.00    0.00    0.00    0.00    0.00    0.00    0.00   97.98

12:53:53 PM  CPU    %usr   %nice    %sys %iowait    %irq   %soft  %steal  %guest  %gnice   %idle
12:53:54 PM  all    0.73    0.00    3.18    0.08    0.00    2.62    0.00    0.00    0.00   93.38
12:53:54 PM    0    0.00    0.00    0.99    0.00    0.00    3.96    0.00    0.00    0.00   95.05
12:53:54 PM    1    0.00    0.00    0.00    0.00    0.00    8.49    0.00    0.00    0.00   91.51
12:53:54 PM    2    0.99    0.00    1.98    0.00    0.00    0.00    0.00    0.00    0.00   97.03
12:53:54 PM    3    2.00    0.00    6.00    0.00    0.00    1.00    0.00    0.00    0.00   91.00
12:53:54 PM    4    1.00    0.00    0.00    1.00    0.00    0.00    0.00    0.00    0.00   98.00
12:53:54 PM    5    1.01    0.00    0.00    0.00    0.00    0.00    0.00    0.00    0.00   98.99
12:53:54 PM    6    1.00    0.00    1.00    0.00    0.00    0.00    0.00    0.00    0.00   98.00
12:53:54 PM    7    0.00    0.00    0.00    0.00    0.00    1.01    0.00    0.00    0.00   98.99
12:53:54 PM    8    0.00    0.00    1.01    0.00    0.00    0.00    0.00    0.00    0.00   98.99
12:53:54 PM    9    0.00    0.00    0.00    0.00    0.00    0.00    0.00    0.00    0.00  100.00
12:53:54 PM   10    0.00    0.00    0.00    0.00    0.00    0.00    0.00    0.00    0.00  100.00
12:53:54 PM   11    0.00    0.00    1.00    0.00    0.00    0.00    0.00    0.00    0.00   99.00
12:53:54 PM   12    1.00    0.00    0.00    0.00    0.00    0.00    0.00    0.00    0.00   99.00
12:53:54 PM   13    0.00    0.00    0.00    0.00    0.00    0.00    0.00    0.00    0.00  100.00
12:53:54 PM   14    0.00    0.00    0.00    0.00    0.00    0.00    0.00    0.00    0.00  100.00
12:53:54 PM   15    1.00    0.00    0.00    0.00    0.00    0.00    0.00    0.00    0.00   99.00
12:53:54 PM   16    0.00    0.00    0.00    0.00    0.00    0.00    0.00    0.00    0.00  100.00
12:53:54 PM   17    1.98    0.00    0.99    0.00    0.00    0.00    0.00    0.00    0.00   97.03
12:53:54 PM   18    0.00    0.00    0.00    0.00    0.00    0.00    0.00    0.00    0.00  100.00
12:53:54 PM   19    1.01    0.00    0.00    0.00    0.00    0.00    0.00    0.00    0.00   98.99
12:53:54 PM   20    5.05    0.00   54.55    0.00    0.00   40.40    0.00    0.00    0.00    0.00
12:53:54 PM   21    3.30    0.00   41.76    0.00    0.00   41.76    0.00    0.00    0.00   13.19
12:53:54 PM   22    0.00    0.00    1.01    0.00    0.00    0.00    0.00    0.00    0.00   98.99
12:53:54 PM   23    0.00    0.00    1.00    0.00    0.00    0.00    0.00    0.00    0.00   99.00
12:53:54 PM   24    0.99    0.00    1.98    0.99    0.00    0.00    0.00    0.00    0.00   96.04
12:53:54 PM   25    0.00    0.00    1.00    0.00    0.00    0.00    0.00    0.00    0.00   99.00
12:53:54 PM   26    0.99    0.00    0.99    0.00    0.00    0.00    0.00    0.00    0.00   98.02
12:53:54 PM   27    0.00    0.00    0.00    0.00    0.00    0.00    0.00    0.00    0.00  100.00
12:53:54 PM   28    1.00    0.00    1.00    0.00    0.00    0.00    0.00    0.00    0.00   98.00
12:53:54 PM   29    1.01    0.00    1.01    0.00    0.00    0.00    0.00    0.00    0.00   97.98
12:53:54 PM   30    1.01    0.00    1.01    1.01    0.00    0.00    0.00    0.00    0.00   96.97
12:53:54 PM   31    0.00    0.00    0.00    0.00    0.00    0.00    0.00    0.00    0.00  100.00
12:53:54 PM   32    0.00    0.00    0.00    0.00    0.00    0.00    0.00    0.00    0.00  100.00
12:53:54 PM   33    2.00    0.00    0.00    0.00    0.00    0.00    0.00    0.00    0.00   98.00
12:53:54 PM   34    0.00    0.00    0.00    0.00    0.00    0.00    0.00    0.00    0.00  100.00
12:53:54 PM   35    0.00    0.00    0.00    0.00    0.00    1.01    0.00    0.00    0.00   98.99

12:53:54 PM  CPU    %usr   %nice    %sys %iowait    %irq   %soft  %steal  %guest  %gnice   %idle
12:53:55 PM  all    1.09    0.00    2.80    0.00    0.00    2.83    0.00    0.00    0.00   93.28
12:53:55 PM    0    0.92    0.00    0.00    0.00    0.00   11.01    0.00    0.00    0.00   88.07
12:53:55 PM    1    1.01    0.00    0.00    0.00    0.00    1.01    0.00    0.00    0.00   97.98
12:53:55 PM    2    2.00    0.00    1.00    0.00    0.00    0.00    0.00    0.00    0.00   97.00
12:53:55 PM    3    3.03    0.00    6.06    0.00    0.00    0.00    0.00    0.00    0.00   90.91
12:53:55 PM    4    2.02    0.00    0.00    0.00    0.00    0.00    0.00    0.00    0.00   97.98
12:53:55 PM    5    1.01    0.00    1.01    0.00    0.00    1.01    0.00    0.00    0.00   96.97
12:53:55 PM    6    0.00    0.00    1.02    0.00    0.00    0.00    0.00    0.00    0.00   98.98
12:53:55 PM    7    2.00    0.00    0.00    0.00    0.00    0.00    0.00    0.00    0.00   98.00
12:53:55 PM    8    2.02    0.00    2.02    0.00    0.00    0.00    0.00    0.00    0.00   95.96
12:53:55 PM    9    2.00    0.00    1.00    0.00    0.00    0.00    0.00    0.00    0.00   97.00
12:53:55 PM   10    0.00    0.00    0.00    0.00    0.00    0.00    0.00    0.00    0.00  100.00
12:53:55 PM   11    1.01    0.00    0.00    0.00    0.00    0.00    0.00    0.00    0.00   98.99
12:53:55 PM   12    1.01    0.00    1.01    0.00    0.00    0.00    0.00    0.00    0.00   97.98
12:53:55 PM   13    1.00    0.00    0.00    0.00    0.00    0.00    0.00    0.00    0.00   99.00
12:53:55 PM   14    1.02    0.00    0.00    0.00    0.00    0.00    0.00    0.00    0.00   98.98
12:53:55 PM   15    0.00    0.00    0.00    0.00    0.00    0.00    0.00    0.00    0.00  100.00
12:53:55 PM   16    0.00    0.00    0.00    0.00    0.00    0.00    0.00    0.00    0.00  100.00
12:53:55 PM   17    0.00    0.00    0.00    0.00    0.00    0.00    0.00    0.00    0.00  100.00
12:53:55 PM   18    0.00    0.00    0.00    0.00    0.00    0.00    0.00    0.00    0.00  100.00
12:53:55 PM   19    1.01    0.00    1.01    0.00    0.00    0.00    0.00    0.00    0.00   97.98
12:53:55 PM   20    6.00    0.00   49.00    0.00    0.00   44.00    0.00    0.00    0.00    1.00
12:53:55 PM   21    3.23    0.00   36.56    0.00    0.00   46.24    0.00    0.00    0.00   13.98
12:53:55 PM   22    1.01    0.00    1.01    0.00    0.00    0.00    0.00    0.00    0.00   97.98
12:53:55 PM   23    1.01    0.00    0.00    0.00    0.00    0.00    0.00    0.00    0.00   98.99
12:53:55 PM   24    1.01    0.00    0.00    0.00    0.00    0.00    0.00    0.00    0.00   98.99
12:53:55 PM   25    0.99    0.00    0.99    0.00    0.00    0.00    0.00    0.00    0.00   98.02
12:53:55 PM   26    1.00    0.00    0.00    0.00    0.00    0.00    0.00    0.00    0.00   99.00
12:53:55 PM   27    0.00    0.00    0.00    0.00    0.00    0.00    0.00    0.00    0.00  100.00
12:53:55 PM   28    0.00    0.00    0.00    0.00    0.00    0.00    0.00    0.00    0.00  100.00
12:53:55 PM   29    1.00    0.00    0.00    0.00    0.00    0.00    0.00    0.00    0.00   99.00
12:53:55 PM   30    1.00    0.00    0.00    0.00    0.00    0.00    0.00    0.00    0.00   99.00
12:53:55 PM   31    1.01    0.00    0.00    0.00    0.00    0.00    0.00    0.00    0.00   98.99
12:53:55 PM   32    0.00    0.00    0.00    0.00    0.00    0.00    0.00    0.00    0.00  100.00
12:53:55 PM   33    1.00    0.00    0.00    0.00    0.00    0.00    0.00    0.00    0.00   99.00
12:53:55 PM   34    0.00    0.00    1.01    0.00    0.00    0.00    0.00    0.00    0.00   98.99
12:53:55 PM   35    0.00    0.00    0.00    0.00    0.00    0.00    0.00    0.00    0.00  100.00

12:53:55 PM  CPU    %usr   %nice    %sys %iowait    %irq   %soft  %steal  %guest  %gnice   %idle
12:53:56 PM  all    1.53    0.00    2.70    0.08    0.00    2.98    0.00    0.00    0.00   92.70
12:53:56 PM    0    2.78    0.00    2.78    0.00    0.00    9.26    0.00    0.00    0.00   85.19
12:53:56 PM    1    0.99    0.00    0.99    0.00    0.00    0.99    0.00    0.00    0.00   97.03
12:53:56 PM    2    2.00    0.00    1.00    0.00    0.00    0.00    0.00    0.00    0.00   97.00
12:53:56 PM    3    0.99    0.00    0.00    0.00    0.00    1.98    0.00    0.00    0.00   97.03
12:53:56 PM    4    0.99    0.00    0.99    0.00    0.00    0.99    0.00    0.00    0.00   97.03
12:53:56 PM    5    1.01    0.00    0.00    0.00    0.00    0.00    0.00    0.00    0.00   98.99
12:53:56 PM    6    2.97    0.00    0.00    0.00    0.00    0.00    0.00    0.00    0.00   97.03
12:53:56 PM    7    1.00    0.00    1.00    0.00    0.00    0.00    0.00    0.00    0.00   98.00
12:53:56 PM    8    1.01    0.00    0.00    0.00    0.00    0.00    0.00    0.00    0.00   98.99
12:53:56 PM    9    1.01    0.00    0.00    0.00    0.00    0.00    0.00    0.00    0.00   98.99
12:53:56 PM   10    2.00    0.00    1.00    0.00    0.00    0.00    0.00    0.00    0.00   97.00
12:53:56 PM   11    0.99    0.00    0.99    0.00    0.00    0.99    0.00    0.00    0.00   97.03
12:53:56 PM   12    2.02    0.00    0.00    0.00    0.00    0.00    0.00    0.00    0.00   97.98
12:53:56 PM   13    1.01    0.00    0.00    1.01    0.00    0.00    0.00    0.00    0.00   97.98
12:53:56 PM   14    2.00    0.00    0.00    0.00    0.00    0.00    0.00    0.00    0.00   98.00
12:53:56 PM   15    1.01    0.00    0.00    0.00    0.00    0.00    0.00    0.00    0.00   98.99
12:53:56 PM   16    1.00    0.00    1.00    0.00    0.00    0.00    0.00    0.00    0.00   98.00
12:53:56 PM   17    1.98    0.00    0.99    0.00    0.00    0.00    0.00    0.00    0.00   97.03
12:53:56 PM   18    2.00    0.00    1.00    0.00    0.00    0.00    0.00    0.00    0.00   97.00
12:53:56 PM   19    1.98    0.00    0.00    0.00    0.00    0.00    0.00    0.00    0.00   98.02
12:53:56 PM   20    5.00    0.00   45.00    0.00    0.00   50.00    0.00    0.00    0.00    0.00
12:53:56 PM   21    3.33    0.00   37.78    0.00    0.00   45.56    0.00    0.00    0.00   13.33
12:53:56 PM   22    1.98    0.00    0.99    0.00    0.00    0.00    0.00    0.00    0.00   97.03
12:53:56 PM   23    1.02    0.00    0.00    0.00    0.00    0.00    0.00    0.00    0.00   98.98
12:53:56 PM   24    1.02    0.00    0.00    0.00    0.00    0.00    0.00    0.00    0.00   98.98
12:53:56 PM   25    1.01    0.00    0.00    0.00    0.00    0.00    0.00    0.00    0.00   98.99
12:53:56 PM   26    1.00    0.00    0.00    1.00    0.00    0.00    0.00    0.00    0.00   98.00
12:53:56 PM   27    1.00    0.00    1.00    0.00    0.00    0.00    0.00    0.00    0.00   98.00
12:53:56 PM   28    2.00    0.00    0.00    0.00    0.00    0.00    0.00    0.00    0.00   98.00
12:53:56 PM   29    0.00    0.00    1.01    0.00    0.00    0.00    0.00    0.00    0.00   98.99
12:53:56 PM   30    0.00    0.00    1.00    0.00    0.00    0.00    0.00    0.00    0.00   99.00
12:53:56 PM   31    1.01    0.00    0.00    0.00    0.00    0.00    0.00    0.00    0.00   98.99
12:53:56 PM   32    1.98    0.00    0.00    0.99    0.00    0.00    0.00    0.00    0.00   97.03
12:53:56 PM   33    2.02    0.00    2.02    0.00    0.00    0.00    0.00    0.00    0.00   95.96
12:53:56 PM   34    2.00    0.00    0.00    0.00    0.00    1.00    0.00    0.00    0.00   97.00
12:53:56 PM   35    0.00    0.00    0.00    0.00    0.00    0.00    0.00    0.00    0.00  100.00

12:53:56 PM  CPU    %usr   %nice    %sys %iowait    %irq   %soft  %steal  %guest  %gnice   %idle
12:53:57 PM  all    0.84    0.00    2.90    0.00    0.00    2.74    0.00    0.00    0.00   93.52
12:53:57 PM    0    0.95    0.00    0.00    0.00    0.00    7.62    0.00    0.00    0.00   91.43
12:53:57 PM    1    0.99    0.00    0.00    0.00    0.00    2.97    0.00    0.00    0.00   96.04
12:53:57 PM    2    0.00    0.00    0.00    0.00    0.00    0.00    0.00    0.00    0.00  100.00
12:53:57 PM    3    2.00    0.00    7.00    0.00    0.00    0.00    0.00    0.00    0.00   91.00
12:53:57 PM    4    1.00    0.00    1.00    0.00    0.00    0.00    0.00    0.00    0.00   98.00
12:53:57 PM    5    0.00    0.00    0.00    0.00    0.00    0.00    0.00    0.00    0.00  100.00
12:53:57 PM    6    0.00    0.00    0.00    0.00    0.00    0.00    0.00    0.00    0.00  100.00
12:53:57 PM    7    0.00    0.00    0.00    0.00    0.00    0.00    0.00    0.00    0.00  100.00
12:53:57 PM    8    1.00    0.00    0.00    0.00    0.00    0.00    0.00    0.00    0.00   99.00
12:53:57 PM    9    2.00    0.00    0.00    0.00    0.00    0.00    0.00    0.00    0.00   98.00
12:53:57 PM   10    0.00    0.00    0.00    0.00    0.00    0.00    0.00    0.00    0.00  100.00
12:53:57 PM   11    2.00    0.00    0.00    0.00    0.00    0.00    0.00    0.00    0.00   98.00
12:53:57 PM   12    0.00    0.00    1.00    0.00    0.00    0.00    0.00    0.00    0.00   99.00
12:53:57 PM   13    0.99    0.00    0.99    0.00    0.00    0.00    0.00    0.00    0.00   98.02
12:53:57 PM   14    1.00    0.00    0.00    0.00    0.00    0.00    0.00    0.00    0.00   99.00
12:53:57 PM   15    0.99    0.00    0.00    0.00    0.00    0.00    0.00    0.00    0.00   99.01
12:53:57 PM   16    0.00    0.00    0.00    0.00    0.00    0.00    0.00    0.00    0.00  100.00
12:53:57 PM   17    0.00    0.00    0.00    0.00    0.00    0.00    0.00    0.00    0.00  100.00
12:53:57 PM   18    1.01    0.00    0.00    0.00    0.00    0.00    0.00    0.00    0.00   98.99
12:53:57 PM   19    0.00    0.00    0.00    0.00    0.00    0.00    0.00    0.00    0.00  100.00
12:53:57 PM   20    5.05    0.00   49.49    0.00    0.00   45.45    0.00    0.00    0.00    0.00
12:53:57 PM   21    2.17    0.00   44.57    0.00    0.00   45.65    0.00    0.00    0.00    7.61
12:53:57 PM   22    0.00    0.00    0.00    0.00    0.00    0.00    0.00    0.00    0.00  100.00
12:53:57 PM   23    0.00    0.00    0.00    0.00    0.00    0.00    0.00    0.00    0.00  100.00
12:53:57 PM   24    0.00    0.00    0.00    0.00    0.00    0.00    0.00    0.00    0.00  100.00
12:53:57 PM   25    0.00    0.00    2.00    0.00    0.00    0.00    0.00    0.00    0.00   98.00
12:53:57 PM   26    2.00    0.00    0.00    0.00    0.00    0.00    0.00    0.00    0.00   98.00
12:53:57 PM   27    1.00    0.00    0.00    0.00    0.00    0.00    0.00    0.00    0.00   99.00
12:53:57 PM   28    0.00    0.00    0.00    0.00    0.00    0.00    0.00    0.00    0.00  100.00
12:53:57 PM   29    1.00    0.00    0.00    0.00    0.00    0.00    0.00    0.00    0.00   99.00
12:53:57 PM   30    0.00    0.00    0.00    0.00    0.00    0.00    0.00    0.00    0.00  100.00
12:53:57 PM   31    1.00    0.00    0.00    0.00    0.00    0.00    0.00    0.00    0.00   99.00
12:53:57 PM   32    0.00    0.00    1.01    0.00    0.00    0.00    0.00    0.00    0.00   98.99
12:53:57 PM   33    1.00    0.00    0.00    0.00    0.00    0.00    0.00    0.00    0.00   99.00
12:53:57 PM   34    1.00    0.00    1.00    0.00    0.00    0.00    0.00    0.00    0.00   98.00
12:53:57 PM   35    1.98    0.00    0.00    0.00    0.00    0.00    0.00    0.00    0.00   98.02

12:53:57 PM  CPU    %usr   %nice    %sys %iowait    %irq   %soft  %steal  %guest  %gnice   %idle
12:53:58 PM  all    0.70    0.00    2.94    0.03    0.00    3.05    0.00    0.00    0.00   93.28
12:53:58 PM    0    0.00    0.00    0.93    0.00    0.00   10.28    0.00    0.00    0.00   88.79
12:53:58 PM    1    1.00    0.00    1.00    0.00    0.00    1.00    0.00    0.00    0.00   97.00
12:53:58 PM    2    0.00    0.00    0.00    0.00    0.00    0.00    0.00    0.00    0.00  100.00
12:53:58 PM    3    0.00    0.00    0.00    0.00    0.00    0.00    0.00    0.00    0.00  100.00
12:53:58 PM    4    0.00    0.00    0.00    0.00    0.00    0.00    0.00    0.00    0.00  100.00
12:53:58 PM    5    1.01    0.00    0.00    0.00    0.00    0.00    0.00    0.00    0.00   98.99
12:53:58 PM    6    0.00    0.00    0.00    0.00    0.00    0.00    0.00    0.00    0.00  100.00
12:53:58 PM    7    3.03    0.00    5.05    0.00    0.00    0.00    0.00    0.00    0.00   91.92
12:53:58 PM    8    1.00    0.00    0.00    0.00    0.00    0.00    0.00    0.00    0.00   99.00
12:53:58 PM    9    0.00    0.00    0.00    0.00    0.00    0.00    0.00    0.00    0.00  100.00
12:53:58 PM   10    1.01    0.00    1.01    0.00    0.00    0.00    0.00    0.00    0.00   97.98
12:53:58 PM   11    0.00    0.00    0.00    0.00    0.00    0.00    0.00    0.00    0.00  100.00
12:53:58 PM   12    1.01    0.00    0.00    0.00    0.00    0.00    0.00    0.00    0.00   98.99
12:53:58 PM   13    0.00    0.00    0.00    0.00    0.00    0.00    0.00    0.00    0.00  100.00
12:53:58 PM   14    0.00    0.00    1.00    0.00    0.00    0.00    0.00    0.00    0.00   99.00
12:53:58 PM   15    0.00    0.00    1.02    1.02    0.00    0.00    0.00    0.00    0.00   97.96
12:53:58 PM   16    0.00    0.00    0.00    0.00    0.00    0.00    0.00    0.00    0.00  100.00
12:53:58 PM   17    0.00    0.00    0.00    0.00    0.00    0.00    0.00    0.00    0.00  100.00
12:53:58 PM   18    1.01    0.00    0.00    0.00    0.00    0.00    0.00    0.00    0.00   98.99
12:53:58 PM   19    1.01    0.00    0.00    0.00    0.00    0.00    0.00    0.00    0.00   98.99
12:53:58 PM   20    3.00    0.00   53.00    0.00    0.00   44.00    0.00    0.00    0.00    0.00
12:53:58 PM   21    3.03    0.00   38.38    0.00    0.00   52.53    0.00    0.00    0.00    6.06
12:53:58 PM   22    2.00    0.00    1.00    0.00    0.00    0.00    0.00    0.00    0.00   97.00
12:53:58 PM   23    0.00    0.00    1.01    0.00    0.00    0.00    0.00    0.00    0.00   98.99
12:53:58 PM   24    2.00    0.00    1.00    0.00    0.00    0.00    0.00    0.00    0.00   97.00
12:53:58 PM   25    0.00    0.00    0.00    0.00    0.00    0.00    0.00    0.00    0.00  100.00
12:53:58 PM   26    1.01    0.00    0.00    0.00    0.00    0.00    0.00    0.00    0.00   98.99
12:53:58 PM   27    0.00    0.00    0.00    0.00    0.00    0.00    0.00    0.00    0.00  100.00
12:53:58 PM   28    0.00    0.00    0.00    0.00    0.00    0.00    0.00    0.00    0.00  100.00
12:53:58 PM   29    0.00    0.00    1.00    0.00    0.00    0.00    0.00    0.00    0.00   99.00
12:53:58 PM   30    0.00    0.00    0.00    0.00    0.00    0.00    0.00    0.00    0.00  100.00
12:53:58 PM   31    0.00    0.00    0.00    0.00    0.00    0.00    0.00    0.00    0.00  100.00
12:53:58 PM   32    1.00    0.00    0.00    0.00    0.00    1.00    0.00    0.00    0.00   98.00
12:53:58 PM   33    2.02    0.00    0.00    0.00    0.00    0.00    0.00    0.00    0.00   97.98
12:53:58 PM   34    1.01    0.00    0.00    0.00    0.00    0.00    0.00    0.00    0.00   98.99
12:53:58 PM   35    0.00    0.00    0.00    0.00    0.00    0.00    0.00    0.00    0.00  100.00

12:53:58 PM  CPU    %usr   %nice    %sys %iowait    %irq   %soft  %steal  %guest  %gnice   %idle
12:53:59 PM  all    0.53    0.00    2.93    0.06    0.00    2.98    0.00    0.00    0.00   93.50
12:53:59 PM    0    0.93    0.00    0.00    0.00    0.00    9.26    0.00    0.00    0.00   89.81
12:53:59 PM    1    1.01    0.00    1.01    0.00    0.00    0.00    0.00    0.00    0.00   97.98
12:53:59 PM    2    0.00    0.00    0.00    0.00    0.00    1.02    0.00    0.00    0.00   98.98
12:53:59 PM    3    0.00    0.00    0.00    0.00    0.00    0.00    0.00    0.00    0.00  100.00
12:53:59 PM    4    0.00    0.00    1.00    0.00    0.00    0.00    0.00    0.00    0.00   99.00
12:53:59 PM    5    0.00    0.00    0.00    0.00    0.00    0.00    0.00    0.00    0.00  100.00
12:53:59 PM    6    0.00    0.00    0.00    0.00    0.00    0.00    0.00    0.00    0.00  100.00
12:53:59 PM    7    0.99    0.00    0.99    0.00    0.00    0.00    0.00    0.00    0.00   98.02
12:53:59 PM    8    0.00    0.00    0.00    0.00    0.00    0.00    0.00    0.00    0.00  100.00
12:53:59 PM    9    1.00    0.00    0.00    0.00    0.00    0.00    0.00    0.00    0.00   99.00
12:53:59 PM   10    0.00    0.00    1.00    0.00    0.00    0.00    0.00    0.00    0.00   99.00
12:53:59 PM   11    0.00    0.00    0.00    0.00    0.00    0.00    0.00    0.00    0.00  100.00
12:53:59 PM   12    0.00    0.00    0.00    0.00    0.00    0.00    0.00    0.00    0.00  100.00
12:53:59 PM   13    1.00    0.00    0.00    0.00    0.00    0.00    0.00    0.00    0.00   99.00
12:53:59 PM   14    1.00    0.00    0.00    0.00    0.00    0.00    0.00    0.00    0.00   99.00
12:53:59 PM   15    0.00    0.00    0.00    0.00    0.00    0.00    0.00    0.00    0.00  100.00
12:53:59 PM   16    1.00    0.00    0.00    0.00    0.00    0.00    0.00    0.00    0.00   99.00
12:53:59 PM   17    0.00    0.00    0.00    0.00    0.00    0.00    0.00    0.00    0.00  100.00
12:53:59 PM   18    0.99    0.00    0.99    0.00    0.00    0.00    0.00    0.00    0.00   98.02
12:53:59 PM   19    1.98    0.00    0.99    0.00    0.00    0.00    0.00    0.00    0.00   97.03
12:53:59 PM   20    2.00    0.00   49.00    0.00    0.00   49.00    0.00    0.00    0.00    0.00
12:53:59 PM   21    3.03    0.00   43.43    0.00    0.00   47.47    0.00    0.00    0.00    6.06
12:53:59 PM   22    0.00    0.00    1.02    0.00    0.00    0.00    0.00    0.00    0.00   98.98
12:53:59 PM   23    1.00    0.00    1.00    0.00    0.00    0.00    0.00    0.00    0.00   98.00
12:53:59 PM   24    0.00    0.00    0.00    1.01    0.00    0.00    0.00    0.00    0.00   98.99
12:53:59 PM   25    1.00    0.00    0.00    0.00    0.00    0.00    0.00    0.00    0.00   99.00
12:53:59 PM   26    1.01    0.00    0.00    0.00    0.00    0.00    0.00    0.00    0.00   98.99
12:53:59 PM   27    0.00    0.00    0.00    0.00    0.00    0.00    0.00    0.00    0.00  100.00
12:53:59 PM   28    0.00    0.00    0.00    0.00    0.00    0.00    0.00    0.00    0.00  100.00
12:53:59 PM   29    0.00    0.00    0.00    0.00    0.00    0.00    0.00    0.00    0.00  100.00
12:53:59 PM   30    0.00    0.00    2.00    0.00    0.00    0.00    0.00    0.00    0.00   98.00
12:53:59 PM   31    0.00    0.00    1.00    0.00    0.00    0.00    0.00    0.00    0.00   99.00
12:53:59 PM   32    1.01    0.00    0.00    0.00    0.00    0.00    0.00    0.00    0.00   98.99
12:53:59 PM   33    0.00    0.00    1.01    0.00    0.00    0.00    0.00    0.00    0.00   98.99
12:53:59 PM   34    0.00    0.00    1.01    0.00    0.00    0.00    0.00    0.00    0.00   98.99
12:53:59 PM   35    0.00    0.00    0.00    1.03    0.00    0.00    0.00    0.00    0.00   98.97

Average:     CPU    %usr   %nice    %sys %iowait    %irq   %soft  %steal  %guest  %gnice   %idle
Average:     all    0.98    0.00    2.88    0.05    0.00    2.80    0.00    0.00    0.00   93.29
Average:       0    1.23    0.00    0.57    0.00    0.00    8.51    0.00    0.00    0.00   89.70
Average:       1    0.79    0.00    0.50    0.00    0.00    2.09    0.00    0.00    0.00   96.62
Average:       2    0.91    0.00    0.50    0.10    0.00    0.10    0.00    0.00    0.00   98.39
Average:       3    1.31    0.00    2.52    0.10    0.00    0.30    0.00    0.00    0.00   95.77
Average:       4    0.80    0.00    0.50    0.10    0.00    0.10    0.00    0.00    0.00   98.49
Average:       5    0.80    0.00    0.30    0.10    0.00    0.20    0.00    0.00    0.00   98.59
Average:       6    1.31    0.00    0.50    0.00    0.00    0.00    0.00    0.00    0.00   98.19
Average:       7    1.00    0.00    1.50    0.00    0.00    0.10    0.00    0.00    0.00   97.39
Average:       8    0.70    0.00    0.40    0.00    0.00    0.00    0.00    0.00    0.00   98.89
Average:       9    0.90    0.00    0.30    0.00    0.00    0.00    0.00    0.00    0.00   98.80
Average:      10    0.40    0.00    0.40    0.00    0.00    0.00    0.00    0.00    0.00   99.19
Average:      11    0.70    0.00    0.20    0.00    0.00    0.20    0.00    0.00    0.00   98.89
Average:      12    0.80    0.00    0.40    0.10    0.00    0.00    0.00    0.00    0.00   98.69
Average:      13    0.60    0.00    0.20    0.10    0.00    0.00    0.00    0.00    0.00   99.10
Average:      14    1.10    0.00    0.20    0.00    0.00    0.00    0.00    0.00    0.00   98.69
Average:      15    0.60    0.00    0.30    0.10    0.00    0.00    0.00    0.00    0.00   98.99
Average:      16    0.50    0.00    0.20    0.00    0.00    0.00    0.00    0.00    0.00   99.30
Average:      17    0.40    0.00    0.30    0.00    0.00    0.00    0.00    0.00    0.00   99.29
Average:      18    0.91    0.00    0.40    0.00    0.00    0.00    0.00    0.00    0.00   98.69
Average:      19    0.91    0.00    0.40    0.00    0.00    0.00    0.00    0.00    0.00   98.69
Average:      20    4.71    0.00   48.75    0.00    0.00   44.93    0.00    0.00    0.00    1.60
Average:      21    3.06    0.00   41.14    0.00    0.00   45.46    0.00    0.00    0.00   10.34
Average:      22    1.01    0.00    0.80    0.00    0.00    0.00    0.00    0.00    0.00   98.19
Average:      23    0.71    0.00    0.40    0.10    0.00    0.00    0.00    0.00    0.00   98.79
Average:      24    1.01    0.00    0.51    0.30    0.00    0.00    0.00    0.00    0.00   98.18
Average:      25    0.70    0.00    0.40    0.10    0.00    0.00    0.00    0.00    0.00   98.79
Average:      26    0.90    0.00    0.10    0.10    0.00    0.00    0.00    0.00    0.00   98.89
Average:      27    0.60    0.00    0.30    0.00    0.00    0.10    0.00    0.00    0.00   98.99
Average:      28    0.60    0.00    0.10    0.00    0.00    0.00    0.00    0.00    0.00   99.30
Average:      29    0.40    0.00    0.40    0.10    0.00    0.00    0.00    0.00    0.00   99.09
Average:      30    0.70    0.00    0.40    0.10    0.00    0.00    0.00    0.00    0.00   98.79
Average:      31    0.60    0.00    0.30    0.00    0.00    0.00    0.00    0.00    0.00   99.09
Average:      32    0.90    0.00    0.30    0.10    0.00    0.10    0.00    0.00    0.00   98.59
Average:      33    1.21    0.00    0.40    0.00    0.00    0.00    0.00    0.00    0.00   98.39
Average:      34    0.80    0.00    0.50    0.00    0.00    0.10    0.00    0.00    0.00   98.59
Average:      35    0.61    0.00    0.10    0.10    0.00    0.10    0.00    0.00    0.00   99.09
