Linux 5.15.0-186-generic (rapids4) 	07/28/2026 	_x86_64_	(36 CPU)

01:06:31 PM  CPU    %usr   %nice    %sys %iowait    %irq   %soft  %steal  %guest  %gnice   %idle
01:06:32 PM  all    1.09    0.00    2.27    0.00    0.00    2.18    0.00    0.00    0.00   94.46
01:06:32 PM    0    0.00    0.00    0.00    0.00    0.00   10.38    0.00    0.00    0.00   89.62
01:06:32 PM    1    0.00    0.00    0.00    0.00    0.00    1.98    0.00    0.00    0.00   98.02
01:06:32 PM    2    0.00    0.00    0.00    0.00    0.00    0.00    0.00    0.00    0.00  100.00
01:06:32 PM    3    4.04    0.00    0.00    0.00    0.00    0.00    0.00    0.00    0.00   95.96
01:06:32 PM    4    2.02    0.00    0.00    0.00    0.00    0.00    0.00    0.00    0.00   97.98
01:06:32 PM    5    0.99    0.00    1.98    0.00    0.00    0.00    0.00    0.00    0.00   97.03
01:06:32 PM    6    0.00    0.00    0.00    0.00    0.00    0.00    0.00    0.00    0.00  100.00
01:06:32 PM    7    0.00    0.00    0.00    0.00    0.00    0.00    0.00    0.00    0.00  100.00
01:06:32 PM    8    0.00    0.00    0.00    0.00    0.00    0.00    0.00    0.00    0.00  100.00
01:06:32 PM    9    0.00    0.00    1.00    0.00    0.00    0.00    0.00    0.00    0.00   99.00
01:06:32 PM   10    0.00    0.00    1.01    0.00    0.00    0.00    0.00    0.00    0.00   98.99
01:06:32 PM   11    1.00    0.00    1.00    0.00    0.00    0.00    0.00    0.00    0.00   98.00
01:06:32 PM   12    3.00    0.00    0.00    0.00    0.00    0.00    0.00    0.00    0.00   97.00
01:06:32 PM   13    1.01    0.00    0.00    0.00    0.00    0.00    0.00    0.00    0.00   98.99
01:06:32 PM   14    1.00    0.00    0.00    0.00    0.00    0.00    0.00    0.00    0.00   99.00
01:06:32 PM   15    1.01    0.00    1.01    0.00    0.00    0.00    0.00    0.00    0.00   97.98
01:06:32 PM   16    3.00    0.00    0.00    0.00    0.00    0.00    0.00    0.00    0.00   97.00
01:06:32 PM   17    0.00    0.00    0.00    0.00    0.00    0.00    0.00    0.00    0.00  100.00
01:06:32 PM   18    1.98    0.00    0.99    0.00    0.00    0.00    0.00    0.00    0.00   97.03
01:06:32 PM   19    1.01    0.00    0.00    0.00    0.00    0.00    0.00    0.00    0.00   98.99
01:06:32 PM   20    7.22    0.00   46.39    0.00    0.00   28.87    0.00    0.00    0.00   17.53
01:06:32 PM   21    3.23    0.00   26.88    0.00    0.00   39.78    0.00    0.00    0.00   30.11
01:06:32 PM   22    1.03    0.00    0.00    0.00    0.00    0.00    0.00    0.00    0.00   98.97
01:06:32 PM   23    1.01    0.00    0.00    0.00    0.00    0.00    0.00    0.00    0.00   98.99
01:06:32 PM   24    1.01    0.00    1.01    0.00    0.00    0.00    0.00    0.00    0.00   97.98
01:06:32 PM   25    1.02    0.00    0.00    0.00    0.00    0.00    0.00    0.00    0.00   98.98
01:06:32 PM   26    0.00    0.00    0.00    0.00    0.00    0.00    0.00    0.00    0.00  100.00
01:06:32 PM   27    1.01    0.00    0.00    0.00    0.00    0.00    0.00    0.00    0.00   98.99
01:06:32 PM   28    1.01    0.00    0.00    0.00    0.00    0.00    0.00    0.00    0.00   98.99
01:06:32 PM   29    0.00    0.00    0.00    0.00    0.00    0.00    0.00    0.00    0.00  100.00
01:06:32 PM   30    1.00    0.00    0.00    0.00    0.00    0.00    0.00    0.00    0.00   99.00
01:06:32 PM   31    1.00    0.00    0.00    0.00    0.00    0.00    0.00    0.00    0.00   99.00
01:06:32 PM   32    0.00    0.00    0.00    0.00    0.00    0.00    0.00    0.00    0.00  100.00
01:06:32 PM   33    0.00    0.00    2.00    0.00    0.00    0.00    0.00    0.00    0.00   98.00
01:06:32 PM   34    1.00    0.00    0.00    0.00    0.00    0.00    0.00    0.00    0.00   99.00
01:06:32 PM   35    0.00    0.00    1.00    0.00    0.00    0.00    0.00    0.00    0.00   99.00

01:06:32 PM  CPU    %usr   %nice    %sys %iowait    %irq   %soft  %steal  %guest  %gnice   %idle
01:06:33 PM  all    1.91    0.00    2.66    0.11    0.00    2.58    0.00    0.00    0.00   92.74
01:06:33 PM    0    1.89    0.00    0.94    0.00    0.00    7.55    0.00    0.00    0.00   89.62
01:06:33 PM    1    2.94    0.00    0.00    0.00    0.00    2.94    0.00    0.00    0.00   94.12
01:06:33 PM    2    1.00    0.00    1.00    0.00    0.00    1.00    0.00    0.00    0.00   97.00
01:06:33 PM    3    2.02    0.00    0.00    0.00    0.00    0.00    0.00    0.00    0.00   97.98
01:06:33 PM    4    2.00    0.00    1.00    0.00    0.00    0.00    0.00    0.00    0.00   97.00
01:06:33 PM    5    2.04    0.00    1.02    0.00    0.00    0.00    0.00    0.00    0.00   96.94
01:06:33 PM    6    2.02    0.00    0.00    1.01    0.00    0.00    0.00    0.00    0.00   96.97
01:06:33 PM    7    1.01    0.00    0.00    0.00    0.00    0.00    0.00    0.00    0.00   98.99
01:06:33 PM    8    1.03    0.00    1.03    0.00    0.00    0.00    0.00    0.00    0.00   97.94
01:06:33 PM    9    3.03    0.00    6.06    0.00    0.00    0.00    0.00    0.00    0.00   90.91
01:06:33 PM   10    3.00    0.00    0.00    0.00    0.00    1.00    0.00    0.00    0.00   96.00
01:06:33 PM   11    2.04    0.00    0.00    0.00    0.00    0.00    0.00    0.00    0.00   97.96
01:06:33 PM   12    6.06    0.00    1.01    0.00    0.00    0.00    0.00    0.00    0.00   92.93
01:06:33 PM   13    1.00    0.00    1.00    0.00    0.00    0.00    0.00    0.00    0.00   98.00
01:06:33 PM   14    1.01    0.00    0.00    0.00    0.00    0.00    0.00    0.00    0.00   98.99
01:06:33 PM   15    1.01    0.00    0.00    0.00    0.00    0.00    0.00    0.00    0.00   98.99
01:06:33 PM   16    4.00    0.00    1.00    0.00    0.00    0.00    0.00    0.00    0.00   95.00
01:06:33 PM   17    0.00    0.00    1.02    0.00    0.00    0.00    0.00    0.00    0.00   98.98
01:06:33 PM   18    1.00    0.00    0.00    0.00    0.00    0.00    0.00    0.00    0.00   99.00
01:06:33 PM   19    0.00    0.00    0.00    0.00    0.00    0.00    0.00    0.00    0.00  100.00
01:06:33 PM   20    4.35    0.00   48.91    0.00    0.00   43.48    0.00    0.00    0.00    3.26
01:06:33 PM   21    4.60    0.00   33.33    0.00    0.00   44.83    0.00    0.00    0.00   17.24
01:06:33 PM   22    1.00    0.00    1.00    0.00    0.00    0.00    0.00    0.00    0.00   98.00
01:06:33 PM   23    0.00    0.00    0.00    0.00    0.00    0.00    0.00    0.00    0.00  100.00
01:06:33 PM   24    1.01    0.00    0.00    1.01    0.00    0.00    0.00    0.00    0.00   97.98
01:06:33 PM   25    1.00    0.00    1.00    0.00    0.00    0.00    0.00    0.00    0.00   98.00
01:06:33 PM   26    2.00    0.00    1.00    1.00    0.00    0.00    0.00    0.00    0.00   96.00
01:06:33 PM   27    1.98    0.00    0.99    0.00    0.00    0.00    0.00    0.00    0.00   97.03
01:06:33 PM   28    1.01    0.00    0.00    1.01    0.00    0.00    0.00    0.00    0.00   97.98
01:06:33 PM   29    2.00    0.00    0.00    0.00    0.00    0.00    0.00    0.00    0.00   98.00
01:06:33 PM   30    1.96    0.00    0.98    0.00    0.00    0.00    0.00    0.00    0.00   97.06
01:06:33 PM   31    1.01    0.00    0.00    0.00    0.00    0.00    0.00    0.00    0.00   98.99
01:06:33 PM   32    2.94    0.00    0.98    0.00    0.00    0.00    0.00    0.00    0.00   96.08
01:06:33 PM   33    2.02    0.00    0.00    0.00    0.00    0.00    0.00    0.00    0.00   97.98
01:06:33 PM   34    2.02    0.00    0.00    0.00    0.00    0.00    0.00    0.00    0.00   97.98
01:06:33 PM   35    2.02    0.00    0.00    0.00    0.00    0.00    0.00    0.00    0.00   97.98

01:06:33 PM  CPU    %usr   %nice    %sys %iowait    %irq   %soft  %steal  %guest  %gnice   %idle
01:06:34 PM  all    0.78    0.00    3.24    0.03    0.00    2.60    0.00    0.00    0.00   93.35
01:06:34 PM    0    0.93    0.00    0.00    0.00    0.00   11.11    0.00    0.00    0.00   87.96
01:06:34 PM    1    0.00    0.00    0.00    1.02    0.00    0.00    0.00    0.00    0.00   98.98
01:06:34 PM    2    1.00    0.00    1.00    0.00    0.00    0.00    0.00    0.00    0.00   98.00
01:06:34 PM    3    1.00    0.00    3.00    0.00    0.00    0.00    0.00    0.00    0.00   96.00
01:06:34 PM    4    0.00    0.00    1.01    0.00    0.00    0.00    0.00    0.00    0.00   98.99
01:06:34 PM    5    0.00    0.00    0.00    0.00    0.00    0.00    0.00    0.00    0.00  100.00
01:06:34 PM    6    0.00    0.00    1.00    0.00    0.00    0.00    0.00    0.00    0.00   99.00
01:06:34 PM    7    0.00    0.00    0.99    0.00    0.00    0.99    0.00    0.00    0.00   98.02
01:06:34 PM    8    0.00    0.00    0.00    0.00    0.00    0.00    0.00    0.00    0.00  100.00
01:06:34 PM    9    2.04    0.00    6.12    0.00    0.00    0.00    0.00    0.00    0.00   91.84
01:06:34 PM   10    1.00    0.00    1.00    0.00    0.00    0.00    0.00    0.00    0.00   98.00
01:06:34 PM   11    0.99    0.00    0.99    0.00    0.00    0.99    0.00    0.00    0.00   97.03
01:06:34 PM   12    1.00    0.00    1.00    0.00    0.00    0.00    0.00    0.00    0.00   98.00
01:06:34 PM   13    0.00    0.00    1.01    0.00    0.00    0.00    0.00    0.00    0.00   98.99
01:06:34 PM   14    2.00    0.00    0.00    0.00    0.00    0.00    0.00    0.00    0.00   98.00
01:06:34 PM   15    1.01    0.00    0.00    0.00    0.00    0.00    0.00    0.00    0.00   98.99
01:06:34 PM   16    3.00    0.00    0.00    0.00    0.00    0.00    0.00    0.00    0.00   97.00
01:06:34 PM   17    2.02    0.00    0.00    0.00    0.00    0.00    0.00    0.00    0.00   97.98
01:06:34 PM   18    1.01    0.00    0.00    0.00    0.00    0.00    0.00    0.00    0.00   98.99
01:06:34 PM   19    0.00    0.00    1.00    0.00    0.00    0.00    0.00    0.00    0.00   99.00
01:06:34 PM   20    5.10    0.00   51.02    0.00    0.00   41.84    0.00    0.00    0.00    2.04
01:06:34 PM   21    2.11    0.00   44.21    0.00    0.00   40.00    0.00    0.00    0.00   13.68
01:06:34 PM   22    0.00    0.00    0.00    0.00    0.00    0.00    0.00    0.00    0.00  100.00
01:06:34 PM   23    1.00    0.00    1.00    0.00    0.00    0.00    0.00    0.00    0.00   98.00
01:06:34 PM   24    1.00    0.00    2.00    0.00    0.00    0.00    0.00    0.00    0.00   97.00
01:06:34 PM   25    0.00    0.00    0.00    0.00    0.00    0.00    0.00    0.00    0.00  100.00
01:06:34 PM   26    0.00    0.00    0.00    0.00    0.00    0.00    0.00    0.00    0.00  100.00
01:06:34 PM   27    0.00    0.00    0.00    0.00    0.00    0.00    0.00    0.00    0.00  100.00
01:06:34 PM   28    0.99    0.00    0.99    0.00    0.00    0.00    0.00    0.00    0.00   98.02
01:06:34 PM   29    0.00    0.00    0.00    0.00    0.00    0.00    0.00    0.00    0.00  100.00
01:06:34 PM   30    0.00    0.00    0.00    0.00    0.00    0.00    0.00    0.00    0.00  100.00
01:06:34 PM   31    0.00    0.00    0.00    0.00    0.00    0.00    0.00    0.00    0.00  100.00
01:06:34 PM   32    0.00    0.00    0.00    0.00    0.00    0.00    0.00    0.00    0.00  100.00
01:06:34 PM   33    0.99    0.00    0.99    0.00    0.00    0.00    0.00    0.00    0.00   98.02
01:06:34 PM   34    0.00    0.00    0.00    0.00    0.00    0.00    0.00    0.00    0.00  100.00
01:06:34 PM   35    0.00    0.00    1.01    0.00    0.00    0.00    0.00    0.00    0.00   98.99

01:06:34 PM  CPU    %usr   %nice    %sys %iowait    %irq   %soft  %steal  %guest  %gnice   %idle
01:06:35 PM  all    0.78    0.00    2.69    0.11    0.00    2.66    0.00    0.00    0.00   93.75
01:06:35 PM    0    0.00    0.00    0.00    0.00    0.00   13.64    0.00    0.00    0.00   86.36
01:06:35 PM    1    0.00    0.00    0.00    0.00    0.00    1.01    0.00    0.00    0.00   98.99
01:06:35 PM    2    1.00    0.00    0.00    0.00    0.00    0.00    0.00    0.00    0.00   99.00
01:06:35 PM    3    1.00    0.00    0.00    0.00    0.00    0.00    0.00    0.00    0.00   99.00
01:06:35 PM    4    2.00    0.00    0.00    0.00    0.00    0.00    0.00    0.00    0.00   98.00
01:06:35 PM    5    1.00    0.00    1.00    0.00    0.00    0.00    0.00    0.00    0.00   98.00
01:06:35 PM    6    1.00    0.00    1.00    0.00    0.00    0.00    0.00    0.00    0.00   98.00
01:06:35 PM    7    0.00    0.00    0.00    0.00    0.00    0.00    0.00    0.00    0.00  100.00
01:06:35 PM    8    1.01    0.00    0.00    0.00    0.00    0.00    0.00    0.00    0.00   98.99
01:06:35 PM    9    0.00    0.00    1.00    0.00    0.00    0.00    0.00    0.00    0.00   99.00
01:06:35 PM   10    0.00    0.00    0.00    0.00    0.00    0.00    0.00    0.00    0.00  100.00
01:06:35 PM   11    1.98    0.00    0.99    0.99    0.00    0.00    0.00    0.00    0.00   96.04
01:06:35 PM   12    1.01    0.00    0.00    1.01    0.00    0.00    0.00    0.00    0.00   97.98
01:06:35 PM   13    0.00    0.00    0.00    0.00    0.00    0.00    0.00    0.00    0.00  100.00
01:06:35 PM   14    0.00    0.00    0.99    0.99    0.00    0.00    0.00    0.00    0.00   98.02
01:06:35 PM   15    0.00    0.00    0.00    1.02    0.00    0.00    0.00    0.00    0.00   98.98
01:06:35 PM   16    1.02    0.00    0.00    0.00    0.00    0.00    0.00    0.00    0.00   98.98
01:06:35 PM   17    0.00    0.00    0.00    0.00    0.00    0.00    0.00    0.00    0.00  100.00
01:06:35 PM   18    0.00    0.00    0.00    0.00    0.00    0.00    0.00    0.00    0.00  100.00
01:06:35 PM   19    0.00    0.00    0.00    0.00    0.00    0.00    0.00    0.00    0.00  100.00
01:06:35 PM   20    5.32    0.00   52.13    0.00    0.00   40.43    0.00    0.00    0.00    2.13
01:06:35 PM   21    3.23    0.00   40.86    0.00    0.00   44.09    0.00    0.00    0.00   11.83
01:06:35 PM   22    2.00    0.00    0.00    0.00    0.00    0.00    0.00    0.00    0.00   98.00
01:06:35 PM   23    1.01    0.00    0.00    0.00    0.00    0.00    0.00    0.00    0.00   98.99
01:06:35 PM   24    0.00    0.00    0.00    0.00    0.00    0.00    0.00    0.00    0.00  100.00
01:06:35 PM   25    2.04    0.00    3.06    0.00    0.00    0.00    0.00    0.00    0.00   94.90
01:06:35 PM   26    1.00    0.00    0.00    0.00    0.00    0.00    0.00    0.00    0.00   99.00
01:06:35 PM   27    1.01    0.00    0.00    0.00    0.00    0.00    0.00    0.00    0.00   98.99
01:06:35 PM   28    0.00    0.00    0.00    0.00    0.00    0.00    0.00    0.00    0.00  100.00
01:06:35 PM   29    0.00    0.00    0.99    0.00    0.00    0.00    0.00    0.00    0.00   99.01
01:06:35 PM   30    0.00    0.00    0.00    0.00    0.00    0.00    0.00    0.00    0.00  100.00
01:06:35 PM   31    0.00    0.00    0.00    0.00    0.00    0.00    0.00    0.00    0.00  100.00
01:06:35 PM   32    0.00    0.00    0.00    0.00    0.00    0.00    0.00    0.00    0.00  100.00
01:06:35 PM   33    1.00    0.00    0.00    0.00    0.00    0.00    0.00    0.00    0.00   99.00
01:06:35 PM   34    0.00    0.00    0.00    0.00    0.00    0.00    0.00    0.00    0.00  100.00
01:06:35 PM   35    1.01    0.00    0.00    0.00    0.00    0.00    0.00    0.00    0.00   98.99

01:06:35 PM  CPU    %usr   %nice    %sys %iowait    %irq   %soft  %steal  %guest  %gnice   %idle
01:06:36 PM  all    0.92    0.00    2.90    0.03    0.00    2.65    0.00    0.00    0.00   93.51
01:06:36 PM    0    0.91    0.00    0.00    0.00    0.00   11.82    0.00    0.00    0.00   87.27
01:06:36 PM    1    2.00    0.00    0.00    0.00    0.00    0.00    0.00    0.00    0.00   98.00
01:06:36 PM    2    1.01    0.00    0.00    0.00    0.00    0.00    0.00    0.00    0.00   98.99
01:06:36 PM    3    1.01    0.00    0.00    0.00    0.00    0.00    0.00    0.00    0.00   98.99
01:06:36 PM    4    0.00    0.00    1.01    0.00    0.00    0.00    0.00    0.00    0.00   98.99
01:06:36 PM    5    1.00    0.00    1.00    0.00    0.00    0.00    0.00    0.00    0.00   98.00
01:06:36 PM    6    1.01    0.00    0.00    0.00    0.00    0.00    0.00    0.00    0.00   98.99
01:06:36 PM    7    2.00    0.00    0.00    0.00    0.00    0.00    0.00    0.00    0.00   98.00
01:06:36 PM    8    1.00    0.00    1.00    0.00    0.00    0.00    0.00    0.00    0.00   98.00
01:06:36 PM    9    3.03    0.00    6.06    0.00    0.00    0.00    0.00    0.00    0.00   90.91
01:06:36 PM   10    1.00    0.00    0.00    0.00    0.00    0.00    0.00    0.00    0.00   99.00
01:06:36 PM   11    2.00    0.00    0.00    0.00    0.00    1.00    0.00    0.00    0.00   97.00
01:06:36 PM   12    2.00    0.00    0.00    0.00    0.00    0.00    0.00    0.00    0.00   98.00
01:06:36 PM   13    1.00    0.00    0.00    0.00    0.00    0.00    0.00    0.00    0.00   99.00
01:06:36 PM   14    1.00    0.00    0.00    0.00    0.00    0.00    0.00    0.00    0.00   99.00
01:06:36 PM   15    0.00    0.00    0.00    1.01    0.00    0.00    0.00    0.00    0.00   98.99
01:06:36 PM   16    0.00    0.00    1.00    0.00    0.00    0.00    0.00    0.00    0.00   99.00
01:06:36 PM   17    1.01    0.00    0.00    0.00    0.00    0.00    0.00    0.00    0.00   98.99
01:06:36 PM   18    0.00    0.00    1.00    0.00    0.00    0.00    0.00    0.00    0.00   99.00
01:06:36 PM   19    0.98    0.00    1.96    0.00    0.00    0.00    0.00    0.00    0.00   97.06
01:06:36 PM   20    5.21    0.00   51.04    0.00    0.00   40.62    0.00    0.00    0.00    3.12
01:06:36 PM   21    2.15    0.00   39.78    0.00    0.00   45.16    0.00    0.00    0.00   12.90
01:06:36 PM   22    0.00    0.00    1.00    0.00    0.00    0.00    0.00    0.00    0.00   99.00
01:06:36 PM   23    0.99    0.00    0.99    0.00    0.00    0.00    0.00    0.00    0.00   98.02
01:06:36 PM   24    2.00    0.00    0.00    0.00    0.00    0.00    0.00    0.00    0.00   98.00
01:06:36 PM   25    0.00    0.00    1.00    0.00    0.00    0.00    0.00    0.00    0.00   99.00
01:06:36 PM   26    0.00    0.00    0.00    0.00    0.00    0.00    0.00    0.00    0.00  100.00
01:06:36 PM   27    0.00    0.00    0.00    0.00    0.00    0.00    0.00    0.00    0.00  100.00
01:06:36 PM   28    1.00    0.00    0.00    0.00    0.00    0.00    0.00    0.00    0.00   99.00
01:06:36 PM   29    0.00    0.00    0.00    0.00    0.00    0.00    0.00    0.00    0.00  100.00
01:06:36 PM   30    0.00    0.00    0.00    0.00    0.00    0.00    0.00    0.00    0.00  100.00
01:06:36 PM   31    0.00    0.00    0.99    0.00    0.00    0.00    0.00    0.00    0.00   99.01
01:06:36 PM   32    0.00    0.00    0.00    0.00    0.00    0.00    0.00    0.00    0.00  100.00
01:06:36 PM   33    0.00    0.00    0.00    0.00    0.00    0.00    0.00    0.00    0.00  100.00
01:06:36 PM   34    0.00    0.00    0.00    0.00    0.00    0.00    0.00    0.00    0.00  100.00
01:06:36 PM   35    0.00    0.00    1.00    0.00    0.00    0.00    0.00    0.00    0.00   99.00

01:06:36 PM  CPU    %usr   %nice    %sys %iowait    %irq   %soft  %steal  %guest  %gnice   %idle
01:06:37 PM  all    0.89    0.00    2.74    0.00    0.00    2.49    0.00    0.00    0.00   93.88
01:06:37 PM    0    1.90    0.00    0.00    0.00    0.00    6.67    0.00    0.00    0.00   91.43
01:06:37 PM    1    1.00    0.00    1.00    0.00    0.00    0.00    0.00    0.00    0.00   98.00
01:06:37 PM    2    0.00    0.00    2.00    0.00    0.00    0.00    0.00    0.00    0.00   98.00
01:06:37 PM    3    1.00    0.00    1.00    0.00    0.00    0.00    0.00    0.00    0.00   98.00
01:06:37 PM    4    1.98    0.00    0.99    0.00    0.00    0.00    0.00    0.00    0.00   97.03
01:06:37 PM    5    1.00    0.00    1.00    0.00    0.00    0.00    0.00    0.00    0.00   98.00
01:06:37 PM    6    1.01    0.00    1.01    0.00    0.00    0.00    0.00    0.00    0.00   97.98
01:06:37 PM    7    1.01    0.00    0.00    0.00    0.00    0.00    0.00    0.00    0.00   98.99
01:06:37 PM    8    1.01    0.00    0.00    0.00    0.00    0.00    0.00    0.00    0.00   98.99
01:06:37 PM    9    0.00    0.00    0.00    0.00    0.00    0.00    0.00    0.00    0.00  100.00
01:06:37 PM   10    1.00    0.00    1.00    0.00    0.00    0.00    0.00    0.00    0.00   98.00
01:06:37 PM   11    0.00    0.00    0.00    0.00    0.00    0.00    0.00    0.00    0.00  100.00
01:06:37 PM   12    1.02    0.00    0.00    0.00    0.00    0.00    0.00    0.00    0.00   98.98
01:06:37 PM   13    1.01    0.00    0.00    0.00    0.00    0.00    0.00    0.00    0.00   98.99
01:06:37 PM   14    1.01    0.00    0.00    0.00    0.00    0.00    0.00    0.00    0.00   98.99
01:06:37 PM   15    1.00    0.00    1.00    0.00    0.00    0.00    0.00    0.00    0.00   98.00
01:06:37 PM   16    1.98    0.00    0.99    0.00    0.00    0.99    0.00    0.00    0.00   96.04
01:06:37 PM   17    0.00    0.00    0.00    0.00    0.00    0.00    0.00    0.00    0.00  100.00
01:06:37 PM   18    0.00    0.00    1.00    0.00    0.00    0.00    0.00    0.00    0.00   99.00
01:06:37 PM   19    1.01    0.00    0.00    0.00    0.00    0.00    0.00    0.00    0.00   98.99
01:06:37 PM   20    6.12    0.00   52.04    0.00    0.00   38.78    0.00    0.00    0.00    3.06
01:06:37 PM   21    1.12    0.00   35.96    0.00    0.00   46.07    0.00    0.00    0.00   16.85
01:06:37 PM   22    0.00    0.00    1.00    0.00    0.00    0.00    0.00    0.00    0.00   99.00
01:06:37 PM   23    1.00    0.00    1.00    0.00    0.00    0.00    0.00    0.00    0.00   98.00
01:06:37 PM   24    1.98    0.00    0.99    0.00    0.00    0.00    0.00    0.00    0.00   97.03
01:06:37 PM   25    0.00    0.00    0.00    0.00    0.00    1.01    0.00    0.00    0.00   98.99
01:06:37 PM   26    1.00    0.00    0.00    0.00    0.00    0.00    0.00    0.00    0.00   99.00
01:06:37 PM   27    0.00    0.00    1.00    0.00    0.00    0.00    0.00    0.00    0.00   99.00
01:06:37 PM   28    0.00    0.00    0.00    0.00    0.00    0.00    0.00    0.00    0.00  100.00
01:06:37 PM   29    0.99    0.00    0.00    0.00    0.00    0.00    0.00    0.00    0.00   99.01
01:06:37 PM   30    1.00    0.00    0.00    0.00    0.00    0.00    0.00    0.00    0.00   99.00
01:06:37 PM   31    0.00    0.00    0.00    0.00    0.00    0.00    0.00    0.00    0.00  100.00
01:06:37 PM   32    1.00    0.00    0.00    0.00    0.00    0.00    0.00    0.00    0.00   99.00
01:06:37 PM   33    0.00    0.00    0.00    0.00    0.00    0.00    0.00    0.00    0.00  100.00
01:06:37 PM   34    0.00    0.00    0.00    0.00    0.00    0.00    0.00    0.00    0.00  100.00
01:06:37 PM   35    0.00    0.00    0.00    0.00    0.00    1.00    0.00    0.00    0.00   99.00

01:06:37 PM  CPU    %usr   %nice    %sys %iowait    %irq   %soft  %steal  %guest  %gnice   %idle
01:06:38 PM  all    1.07    0.00    2.98    0.00    0.00    2.39    0.00    0.00    0.00   93.56
01:06:38 PM    0    0.00    0.00    0.00    0.00    0.00    7.77    0.00    0.00    0.00   92.23
01:06:38 PM    1    1.01    0.00    0.00    0.00    0.00    0.00    0.00    0.00    0.00   98.99
01:06:38 PM    2    2.02    0.00    0.00    0.00    0.00    0.00    0.00    0.00    0.00   97.98
01:06:38 PM    3    1.01    0.00    1.01    0.00    0.00    0.00    0.00    0.00    0.00   97.98
01:06:38 PM    4    1.00    0.00    1.00    0.00    0.00    1.00    0.00    0.00    0.00   97.00
01:06:38 PM    5    1.01    0.00    0.00    0.00    0.00    0.00    0.00    0.00    0.00   98.99
01:06:38 PM    6    0.00    0.00    1.01    0.00    0.00    0.00    0.00    0.00    0.00   98.99
01:06:38 PM    7    0.00    0.00    0.00    0.00    0.00    0.00    0.00    0.00    0.00  100.00
01:06:38 PM    8    2.02    0.00    6.06    0.00    0.00    1.01    0.00    0.00    0.00   90.91
01:06:38 PM    9    1.01    0.00    0.00    0.00    0.00    0.00    0.00    0.00    0.00   98.99
01:06:38 PM   10    0.00    0.00    0.00    0.00    0.00    0.00    0.00    0.00    0.00  100.00
01:06:38 PM   11    1.01    0.00    1.01    0.00    0.00    0.00    0.00    0.00    0.00   97.98
01:06:38 PM   12    6.93    0.00    0.00    0.00    0.00    0.00    0.00    0.00    0.00   93.07
01:06:38 PM   13    0.00    0.00    0.00    0.00    0.00    0.00    0.00    0.00    0.00  100.00
01:06:38 PM   14    0.00    0.00    1.01    0.00    0.00    0.00    0.00    0.00    0.00   98.99
01:06:38 PM   15    1.01    0.00    0.00    0.00    0.00    0.00    0.00    0.00    0.00   98.99
01:06:38 PM   16    2.04    0.00    1.02    0.00    0.00    0.00    0.00    0.00    0.00   96.94
01:06:38 PM   17    1.00    0.00    1.00    0.00    0.00    0.00    0.00    0.00    0.00   98.00
01:06:38 PM   18    1.01    0.00    0.00    0.00    0.00    0.00    0.00    0.00    0.00   98.99
01:06:38 PM   19    0.00    0.00    0.00    0.00    0.00    0.00    0.00    0.00    0.00  100.00
01:06:38 PM   20    4.30    0.00   56.99    0.00    0.00   35.48    0.00    0.00    0.00    3.23
01:06:38 PM   21    4.17    0.00   39.58    0.00    0.00   43.75    0.00    0.00    0.00   12.50
01:06:38 PM   22    2.02    0.00    0.00    0.00    0.00    0.00    0.00    0.00    0.00   97.98
01:06:38 PM   23    0.00    0.00    0.00    0.00    0.00    0.00    0.00    0.00    0.00  100.00
01:06:38 PM   24    1.01    0.00    0.00    0.00    0.00    0.00    0.00    0.00    0.00   98.99
01:06:38 PM   25    2.00    0.00    1.00    0.00    0.00    0.00    0.00    0.00    0.00   97.00
01:06:38 PM   26    0.00    0.00    0.00    0.00    0.00    0.00    0.00    0.00    0.00  100.00
01:06:38 PM   27    0.00    0.00    0.00    0.00    0.00    0.00    0.00    0.00    0.00  100.00
01:06:38 PM   28    0.00    0.00    0.00    0.00    0.00    0.00    0.00    0.00    0.00  100.00
01:06:38 PM   29    0.00    0.00    0.00    0.00    0.00    0.00    0.00    0.00    0.00  100.00
01:06:38 PM   30    0.00    0.00    0.00    0.00    0.00    0.00    0.00    0.00    0.00  100.00
01:06:38 PM   31    1.00    0.00    0.00    0.00    0.00    0.00    0.00    0.00    0.00   99.00
01:06:38 PM   32    0.00    0.00    0.00    0.00    0.00    0.00    0.00    0.00    0.00  100.00
01:06:38 PM   33    1.00    0.00    0.00    0.00    0.00    0.00    0.00    0.00    0.00   99.00
01:06:38 PM   34    1.00    0.00    1.00    0.00    0.00    0.00    0.00    0.00    0.00   98.00
01:06:38 PM   35    0.00    0.00    0.00    0.00    0.00    0.00    0.00    0.00    0.00  100.00

01:06:38 PM  CPU    %usr   %nice    %sys %iowait    %irq   %soft  %steal  %guest  %gnice   %idle
01:06:39 PM  all    0.86    0.00    3.18    0.08    0.00    2.54    0.00    0.00    0.00   93.34
01:06:39 PM    0    0.00    0.00    0.00    0.00    0.00   10.28    0.00    0.00    0.00   89.72
01:06:39 PM    1    0.00    0.00    1.01    0.00    0.00    0.00    0.00    0.00    0.00   98.99
01:06:39 PM    2    1.02    0.00    0.00    0.00    0.00    0.00    0.00    0.00    0.00   98.98
01:06:39 PM    3    1.00    0.00    0.00    0.00    0.00    0.00    0.00    0.00    0.00   99.00
01:06:39 PM    4    1.00    0.00    0.00    0.00    0.00    0.00    0.00    0.00    0.00   99.00
01:06:39 PM    5    0.00    0.00    0.00    0.00    0.00    0.00    0.00    0.00    0.00  100.00
01:06:39 PM    6    1.01    0.00    0.00    0.00    0.00    0.00    0.00    0.00    0.00   98.99
01:06:39 PM    7    0.00    0.00    0.00    0.00    0.00    0.00    0.00    0.00    0.00  100.00
01:06:39 PM    8    1.01    0.00    8.08    0.00    0.00    0.00    0.00    0.00    0.00   90.91
01:06:39 PM    9    0.00    0.00    0.00    0.00    0.00    0.00    0.00    0.00    0.00  100.00
01:06:39 PM   10    0.99    0.00    0.99    0.00    0.00    0.00    0.00    0.00    0.00   98.02
01:06:39 PM   11    1.98    0.00    0.00    0.00    0.00    0.00    0.00    0.00    0.00   98.02
01:06:39 PM   12    3.00    0.00    1.00    0.00    0.00    0.00    0.00    0.00    0.00   96.00
01:06:39 PM   13    0.00    0.00    0.00    0.00    0.00    0.00    0.00    0.00    0.00  100.00
01:06:39 PM   14    1.01    0.00    1.01    0.00    0.00    0.00    0.00    0.00    0.00   97.98
01:06:39 PM   15    1.00    0.00    1.00    0.00    0.00    0.00    0.00    0.00    0.00   98.00
01:06:39 PM   16    2.00    0.00    0.00    0.00    0.00    0.00    0.00    0.00    0.00   98.00
01:06:39 PM   17    2.00    0.00    0.00    0.00    0.00    0.00    0.00    0.00    0.00   98.00
01:06:39 PM   18    1.00    0.00    0.00    0.00    0.00    0.00    0.00    0.00    0.00   99.00
01:06:39 PM   19    0.00    0.00    0.00    0.00    0.00    0.00    0.00    0.00    0.00  100.00
01:06:39 PM   20    4.17    0.00   52.08    0.00    0.00   40.62    0.00    0.00    0.00    3.12
01:06:39 PM   21    3.09    0.00   45.36    0.00    0.00   42.27    0.00    0.00    0.00    9.28
01:06:39 PM   22    0.00    0.00    1.01    0.00    0.00    0.00    0.00    0.00    0.00   98.99
01:06:39 PM   23    1.96    0.00    0.98    0.98    0.00    0.00    0.00    0.00    0.00   96.08
01:06:39 PM   24    0.00    0.00    1.00    1.00    0.00    0.00    0.00    0.00    0.00   98.00
01:06:39 PM   25    0.98    0.00    0.98    0.98    0.00    0.00    0.00    0.00    0.00   97.06
01:06:39 PM   26    0.00    0.00    0.00    0.00    0.00    0.00    0.00    0.00    0.00  100.00
01:06:39 PM   27    0.99    0.00    0.99    0.00    0.00    0.00    0.00    0.00    0.00   98.02
01:06:39 PM   28    0.00    0.00    0.00    0.00    0.00    0.00    0.00    0.00    0.00  100.00
01:06:39 PM   29    0.00    0.00    0.00    0.00    0.00    0.00    0.00    0.00    0.00  100.00
01:06:39 PM   30    0.99    0.00    0.99    0.00    0.00    0.00    0.00    0.00    0.00   98.02
01:06:39 PM   31    0.00    0.00    1.00    0.00    0.00    0.00    0.00    0.00    0.00   99.00
01:06:39 PM   32    0.00    0.00    0.00    0.00    0.00    0.00    0.00    0.00    0.00  100.00
01:06:39 PM   33    0.00    0.00    0.00    0.00    0.00    0.00    0.00    0.00    0.00  100.00
01:06:39 PM   34    0.00    0.00    0.00    0.00    0.00    0.00    0.00    0.00    0.00  100.00
01:06:39 PM   35    1.00    0.00    0.00    0.00    0.00    0.00    0.00    0.00    0.00   99.00

01:06:39 PM  CPU    %usr   %nice    %sys %iowait    %irq   %soft  %steal  %guest  %gnice   %idle
01:06:40 PM  all    1.29    0.00    2.91    0.03    0.00    2.55    0.00    0.00    0.00   93.22
01:06:40 PM    0    0.96    0.00    0.00    0.00    0.00    7.69    0.00    0.00    0.00   91.35
01:06:40 PM    1    0.00    0.00    1.01    0.00    0.00    0.00    0.00    0.00    0.00   98.99
01:06:40 PM    2    1.01    0.00    0.00    0.00    0.00    0.00    0.00    0.00    0.00   98.99
01:06:40 PM    3    0.00    0.00    1.01    0.00    0.00    0.00    0.00    0.00    0.00   98.99
01:06:40 PM    4    0.00    0.00    1.02    0.00    0.00    0.00    0.00    0.00    0.00   98.98
01:06:40 PM    5    1.00    0.00    1.00    0.00    0.00    0.00    0.00    0.00    0.00   98.00
01:06:40 PM    6    0.00    0.00    0.00    0.00    0.00    0.00    0.00    0.00    0.00  100.00
01:06:40 PM    7    5.94    0.00    0.00    0.00    0.00    0.00    0.00    0.00    0.00   94.06
01:06:40 PM    8    0.00    0.00    0.00    0.00    0.00    0.00    0.00    0.00    0.00  100.00
01:06:40 PM    9    1.00    0.00    1.00    1.00    0.00    0.00    0.00    0.00    0.00   97.00
01:06:40 PM   10    1.01    0.00    0.00    0.00    0.00    0.00    0.00    0.00    0.00   98.99
01:06:40 PM   11    1.98    0.00    0.99    0.00    0.00    0.99    0.00    0.00    0.00   96.04
01:06:40 PM   12    0.00    0.00    0.00    0.00    0.00    0.00    0.00    0.00    0.00  100.00
01:06:40 PM   13    0.00    0.00    1.01    0.00    0.00    0.00    0.00    0.00    0.00   98.99
01:06:40 PM   14    1.98    0.00    0.99    0.00    0.00    0.00    0.00    0.00    0.00   97.03
01:06:40 PM   15    0.00    0.00    0.00    0.00    0.00    0.00    0.00    0.00    0.00  100.00
01:06:40 PM   16    8.08    0.00    0.00    0.00    0.00    0.00    0.00    0.00    0.00   91.92
01:06:40 PM   17    1.00    0.00    1.00    0.00    0.00    0.00    0.00    0.00    0.00   98.00
01:06:40 PM   18    0.00    0.00    0.00    0.00    0.00    0.00    0.00    0.00    0.00  100.00
01:06:40 PM   19    1.98    0.00    1.98    0.00    0.00    0.00    0.00    0.00    0.00   96.04
01:06:40 PM   20    6.38    0.00   50.00    0.00    0.00   40.43    0.00    0.00    0.00    3.19
01:06:40 PM   21    1.08    0.00   39.78    0.00    0.00   47.31    0.00    0.00    0.00   11.83
01:06:40 PM   22    3.00    0.00    1.00    0.00    0.00    0.00    0.00    0.00    0.00   96.00
01:06:40 PM   23    1.01    0.00    1.01    0.00    0.00    0.00    0.00    0.00    0.00   97.98
01:06:40 PM   24    1.02    0.00    0.00    0.00    0.00    0.00    0.00    0.00    0.00   98.98
01:06:40 PM   25    0.00    0.00    1.02    0.00    0.00    0.00    0.00    0.00    0.00   98.98
01:06:40 PM   26    1.00    0.00    0.00    0.00    0.00    0.00    0.00    0.00    0.00   99.00
01:06:40 PM   27    2.02    0.00    2.02    0.00    0.00    0.00    0.00    0.00    0.00   95.96
01:06:40 PM   28    0.00    0.00    1.01    0.00    0.00    0.00    0.00    0.00    0.00   98.99
01:06:40 PM   29    0.00    0.00    1.01    0.00    0.00    0.00    0.00    0.00    0.00   98.99
01:06:40 PM   30    1.01    0.00    0.00    0.00    0.00    0.00    0.00    0.00    0.00   98.99
01:06:40 PM   31    1.01    0.00    0.00    0.00    0.00    0.00    0.00    0.00    0.00   98.99
01:06:40 PM   32    1.00    0.00    0.00    0.00    0.00    0.00    0.00    0.00    0.00   99.00
01:06:40 PM   33    0.00    0.00    1.01    0.00    0.00    0.00    0.00    0.00    0.00   98.99
01:06:40 PM   34    1.01    0.00    0.00    0.00    0.00    0.00    0.00    0.00    0.00   98.99
01:06:40 PM   35    0.99    0.00    0.99    0.00    0.00    0.00    0.00    0.00    0.00   98.02

01:06:40 PM  CPU    %usr   %nice    %sys %iowait    %irq   %soft  %steal  %guest  %gnice   %idle
01:06:41 PM  all    0.89    0.00    3.09    0.11    0.00    2.62    0.00    0.00    0.00   93.29
01:06:41 PM    0    0.00    0.00    0.00    0.00    0.00   13.51    0.00    0.00    0.00   86.49
01:06:41 PM    1    1.00    0.00    0.00    0.00    0.00    0.00    0.00    0.00    0.00   99.00
01:06:41 PM    2    1.01    0.00    0.00    0.00    0.00    0.00    0.00    0.00    0.00   98.99
01:06:41 PM    3    1.00    0.00    0.00    0.00    0.00    0.00    0.00    0.00    0.00   99.00
01:06:41 PM    4    1.98    0.00    0.00    0.99    0.00    0.00    0.00    0.00    0.00   97.03
01:06:41 PM    5    1.01    0.00    0.00    0.00    0.00    0.00    0.00    0.00    0.00   98.99
01:06:41 PM    6    1.00    0.00    0.00    0.00    0.00    0.00    0.00    0.00    0.00   99.00
01:06:41 PM    7    0.00    0.00    0.00    0.00    0.00    0.00    0.00    0.00    0.00  100.00
01:06:41 PM    8    3.00    0.00    6.00    1.00    0.00    0.00    0.00    0.00    0.00   90.00
01:06:41 PM    9    1.00    0.00    0.00    0.00    0.00    0.00    0.00    0.00    0.00   99.00
01:06:41 PM   10    0.00    0.00    0.00    0.00    0.00    0.00    0.00    0.00    0.00  100.00
01:06:41 PM   11    0.00    0.00    0.00    0.00    0.00    0.00    0.00    0.00    0.00  100.00
01:06:41 PM   12    0.00    0.00    1.00    0.00    0.00    0.00    0.00    0.00    0.00   99.00
01:06:41 PM   13    0.00    0.00    0.00    0.00    0.00    0.00    0.00    0.00    0.00  100.00
01:06:41 PM   14    0.00    0.00    0.00    0.00    0.00    0.00    0.00    0.00    0.00  100.00
01:06:41 PM   15    1.00    0.00    0.00    0.00    0.00    0.00    0.00    0.00    0.00   99.00
01:06:41 PM   16    1.98    0.00    0.99    0.00    0.00    0.00    0.00    0.00    0.00   97.03
01:06:41 PM   17    1.00    0.00    0.00    0.00    0.00    0.00    0.00    0.00    0.00   99.00
01:06:41 PM   18    1.01    0.00    0.00    0.00    0.00    0.00    0.00    0.00    0.00   98.99
01:06:41 PM   19    0.00    0.00    1.01    0.00    0.00    0.00    0.00    0.00    0.00   98.99
01:06:41 PM   20    6.25    0.00   50.00    0.00    0.00   40.62    0.00    0.00    0.00    3.12
01:06:41 PM   21    4.04    0.00   46.46    0.00    0.00   40.40    0.00    0.00    0.00    9.09
01:06:41 PM   22    0.00    0.00    1.01    0.00    0.00    0.00    0.00    0.00    0.00   98.99
01:06:41 PM   23    1.00    0.00    0.00    0.00    0.00    0.00    0.00    0.00    0.00   99.00
01:06:41 PM   24    0.00    0.00    1.00    0.00    0.00    0.00    0.00    0.00    0.00   99.00
01:06:41 PM   25    0.98    0.00    1.96    0.00    0.00    0.00    0.00    0.00    0.00   97.06
01:06:41 PM   26    0.00    0.00    0.00    0.00    0.00    0.00    0.00    0.00    0.00  100.00
01:06:41 PM   27    0.99    0.00    0.00    0.00    0.00    0.00    0.00    0.00    0.00   99.01
01:06:41 PM   28    0.00    0.00    0.00    0.00    0.00    0.00    0.00    0.00    0.00  100.00
01:06:41 PM   29    0.00    0.00    1.01    2.02    0.00    0.00    0.00    0.00    0.00   96.97
01:06:41 PM   30    0.00    0.00    1.01    0.00    0.00    0.00    0.00    0.00    0.00   98.99
01:06:41 PM   31    1.00    0.00    0.00    0.00    0.00    0.00    0.00    0.00    0.00   99.00
01:06:41 PM   32    0.00    0.00    1.00    0.00    0.00    0.00    0.00    0.00    0.00   99.00
01:06:41 PM   33    0.00    0.00    0.00    0.00    0.00    0.00    0.00    0.00    0.00  100.00
01:06:41 PM   34    1.01    0.00    0.00    0.00    0.00    0.00    0.00    0.00    0.00   98.99
01:06:41 PM   35    1.00    0.00    1.00    0.00    0.00    0.00    0.00    0.00    0.00   98.00

Average:     CPU    %usr   %nice    %sys %iowait    %irq   %soft  %steal  %guest  %gnice   %idle
Average:     all    1.05    0.00    2.87    0.05    0.00    2.53    0.00    0.00    0.00   93.51
Average:       0    0.65    0.00    0.09    0.00    0.00   10.09    0.00    0.00    0.00   89.16
Average:       1    0.80    0.00    0.30    0.10    0.00    0.60    0.00    0.00    0.00   98.19
Average:       2    0.91    0.00    0.40    0.00    0.00    0.10    0.00    0.00    0.00   98.59
Average:       3    1.31    0.00    0.60    0.00    0.00    0.00    0.00    0.00    0.00   98.09
Average:       4    1.20    0.00    0.60    0.10    0.00    0.10    0.00    0.00    0.00   97.99
Average:       5    0.91    0.00    0.70    0.00    0.00    0.00    0.00    0.00    0.00   98.39
Average:       6    0.71    0.00    0.40    0.10    0.00    0.00    0.00    0.00    0.00   98.79
Average:       7    1.01    0.00    0.10    0.00    0.00    0.10    0.00    0.00    0.00   98.79
Average:       8    1.01    0.00    2.22    0.10    0.00    0.10    0.00    0.00    0.00   96.56
Average:       9    1.11    0.00    2.11    0.10    0.00    0.00    0.00    0.00    0.00   96.68
Average:      10    0.81    0.00    0.40    0.00    0.00    0.10    0.00    0.00    0.00   98.69
Average:      11    1.30    0.00    0.50    0.10    0.00    0.30    0.00    0.00    0.00   97.80
Average:      12    2.41    0.00    0.40    0.10    0.00    0.00    0.00    0.00    0.00   97.09
Average:      13    0.40    0.00    0.30    0.00    0.00    0.00    0.00    0.00    0.00   99.29
Average:      14    0.90    0.00    0.40    0.10    0.00    0.00    0.00    0.00    0.00   98.59
Average:      15    0.71    0.00    0.30    0.20    0.00    0.00    0.00    0.00    0.00   98.79
Average:      16    2.71    0.00    0.50    0.00    0.00    0.10    0.00    0.00    0.00   96.69
Average:      17    0.81    0.00    0.30    0.00    0.00    0.00    0.00    0.00    0.00   98.89
Average:      18    0.70    0.00    0.30    0.00    0.00    0.00    0.00    0.00    0.00   98.99
Average:      19    0.50    0.00    0.60    0.00    0.00    0.00    0.00    0.00    0.00   98.89
Average:      20    5.45    0.00   51.05    0.00    0.00   39.10    0.00    0.00    0.00    4.40
Average:      21    2.89    0.00   39.36    0.00    0.00   43.32    0.00    0.00    0.00   14.44
Average:      22    0.91    0.00    0.60    0.00    0.00    0.00    0.00    0.00    0.00   98.49
Average:      23    0.90    0.00    0.50    0.10    0.00    0.00    0.00    0.00    0.00   98.49
Average:      24    0.91    0.00    0.60    0.20    0.00    0.00    0.00    0.00    0.00   98.29
Average:      25    0.80    0.00    1.00    0.10    0.00    0.10    0.00    0.00    0.00   97.99
Average:      26    0.50    0.00    0.10    0.10    0.00    0.00    0.00    0.00    0.00   99.29
Average:      27    0.80    0.00    0.50    0.00    0.00    0.00    0.00    0.00    0.00   98.70
Average:      28    0.40    0.00    0.20    0.10    0.00    0.00    0.00    0.00    0.00   99.29
Average:      29    0.30    0.00    0.30    0.20    0.00    0.00    0.00    0.00    0.00   99.20
Average:      30    0.60    0.00    0.30    0.00    0.00    0.00    0.00    0.00    0.00   99.10
Average:      31    0.50    0.00    0.20    0.00    0.00    0.00    0.00    0.00    0.00   99.30
Average:      32    0.50    0.00    0.20    0.00    0.00    0.00    0.00    0.00    0.00   99.30
Average:      33    0.50    0.00    0.40    0.00    0.00    0.00    0.00    0.00    0.00   99.09
Average:      34    0.60    0.00    0.10    0.00    0.00    0.00    0.00    0.00    0.00   99.30
Average:      35    0.60    0.00    0.50    0.00    0.00    0.10    0.00    0.00    0.00   98.80
