Linux 5.15.0-186-generic (rapids4) 	07/28/2026 	_x86_64_	(36 CPU)

01:40:13 PM  CPU    %usr   %nice    %sys %iowait    %irq   %soft  %steal  %guest  %gnice   %idle
01:40:14 PM  all    1.91    0.00    2.24    0.03    0.00    1.37    0.00    0.00    0.00   94.45
01:40:14 PM    0    1.00    0.00    1.00    1.00    0.00    3.00    0.00    0.00    0.00   94.00
01:40:14 PM    1    1.02    0.00    0.00    0.00    0.00    0.00    0.00    0.00    0.00   98.98
01:40:14 PM    2    1.00    0.00    1.00    0.00    0.00    0.00    0.00    0.00    0.00   98.00
01:40:14 PM    3    1.00    0.00    1.00    0.00    0.00    0.00    0.00    0.00    0.00   98.00
01:40:14 PM    4    1.01    0.00    0.00    0.00    0.00    0.00    0.00    0.00    0.00   98.99
01:40:14 PM    5    0.00    0.00    1.02    0.00    0.00    0.00    0.00    0.00    0.00   98.98
01:40:14 PM    6    1.00    0.00    1.00    0.00    0.00    0.00    0.00    0.00    0.00   98.00
01:40:14 PM    7    1.00    0.00    0.00    0.00    0.00    0.00    0.00    0.00    0.00   99.00
01:40:14 PM    8    2.02    0.00    6.06    0.00    0.00    0.00    0.00    0.00    0.00   91.92
01:40:14 PM    9    1.00    0.00    0.00    0.00    0.00    0.00    0.00    0.00    0.00   99.00
01:40:14 PM   10    0.00    0.00    0.00    0.00    0.00    0.00    0.00    0.00    0.00  100.00
01:40:14 PM   11    2.02    0.00    1.01    0.00    0.00    0.00    0.00    0.00    0.00   96.97
01:40:14 PM   12    1.01    0.00    0.00    0.00    0.00    0.00    0.00    0.00    0.00   98.99
01:40:14 PM   13    1.00    0.00    0.00    0.00    0.00    0.00    0.00    0.00    0.00   99.00
01:40:14 PM   14    0.00    0.00    1.00    0.00    0.00    0.00    0.00    0.00    0.00   99.00
01:40:14 PM   15    2.97    0.00    0.99    0.00    0.00    0.00    0.00    0.00    0.00   96.04
01:40:14 PM   16    1.01    0.00    0.00    0.00    0.00    0.00    0.00    0.00    0.00   98.99
01:40:14 PM   17    0.00    0.00    0.00    0.00    0.00    0.00    0.00    0.00    0.00  100.00
01:40:14 PM   18    0.00    0.00    0.00    0.00    0.00    0.00    0.00    0.00    0.00  100.00
01:40:14 PM   19    0.00    0.00    0.00    0.00    0.00    0.00    0.00    0.00    0.00  100.00
01:40:14 PM   20    1.00    0.00    0.00    0.00    0.00    0.00    0.00    0.00    0.00   99.00
01:40:14 PM   21    1.01    0.00    0.00    0.00    0.00    0.00    0.00    0.00    0.00   98.99
01:40:14 PM   22    1.00    0.00    0.00    0.00    0.00    0.00    0.00    0.00    0.00   99.00
01:40:14 PM   23    1.02    0.00    0.00    0.00    0.00    0.00    0.00    0.00    0.00   98.98
01:40:14 PM   24   21.78    0.00   35.64    0.00    0.00   26.73    0.00    0.00    0.00   15.84
01:40:14 PM   25   22.92    0.00   30.21    0.00    0.00   18.75    0.00    0.00    0.00   28.12
01:40:14 PM   26    0.00    0.00    1.01    0.00    0.00    0.00    0.00    0.00    0.00   98.99
01:40:14 PM   27    2.00    0.00    0.00    0.00    0.00    0.00    0.00    0.00    0.00   98.00
01:40:14 PM   28    0.00    0.00    0.00    0.00    0.00    0.00    0.00    0.00    0.00  100.00
01:40:14 PM   29    0.00    0.00    0.00    0.00    0.00    0.00    0.00    0.00    0.00  100.00
01:40:14 PM   30    0.00    0.00    0.00    0.00    0.00    0.00    0.00    0.00    0.00  100.00
01:40:14 PM   31    0.00    0.00    0.00    0.00    0.00    0.00    0.00    0.00    0.00  100.00
01:40:14 PM   32    0.00    0.00    0.00    0.00    0.00    0.00    0.00    0.00    0.00  100.00
01:40:14 PM   33    0.00    0.00    0.00    0.00    0.00    0.00    0.00    0.00    0.00  100.00
01:40:14 PM   34    0.00    0.00    0.00    0.00    0.00    0.00    0.00    0.00    0.00  100.00
01:40:14 PM   35    0.00    0.00    0.00    0.00    0.00    0.99    0.00    0.00    0.00   99.01

01:40:14 PM  CPU    %usr   %nice    %sys %iowait    %irq   %soft  %steal  %guest  %gnice   %idle
01:40:15 PM  all    2.10    0.00    2.79    0.06    0.00    1.48    0.00    0.00    0.00   93.57
01:40:15 PM    0    5.00    0.00    3.00    0.00    0.00    2.00    0.00    0.00    0.00   90.00
01:40:15 PM    1    0.99    0.00    0.00    0.99    0.00    1.98    0.00    0.00    0.00   96.04
01:40:15 PM    2    0.00    0.00    1.00    0.00    0.00    1.00    0.00    0.00    0.00   98.00
01:40:15 PM    3    0.00    0.00    1.01    0.00    0.00    0.00    0.00    0.00    0.00   98.99
01:40:15 PM    4    1.01    0.00    0.00    0.00    0.00    0.00    0.00    0.00    0.00   98.99
01:40:15 PM    5    2.02    0.00    0.00    0.00    0.00    0.00    0.00    0.00    0.00   97.98
01:40:15 PM    6    0.00    0.00    1.02    0.00    0.00    0.00    0.00    0.00    0.00   98.98
01:40:15 PM    7    2.00    0.00    0.00    0.00    0.00    0.00    0.00    0.00    0.00   98.00
01:40:15 PM    8    0.00    0.00    0.00    0.00    0.00    0.00    0.00    0.00    0.00  100.00
01:40:15 PM    9    1.00    0.00    1.00    0.00    0.00    0.00    0.00    0.00    0.00   98.00
01:40:15 PM   10    0.00    0.00    0.00    0.00    0.00    0.00    0.00    0.00    0.00  100.00
01:40:15 PM   11    3.00    0.00    1.00    0.00    0.00    0.00    0.00    0.00    0.00   96.00
01:40:15 PM   12    1.01    0.00    0.00    0.00    0.00    0.00    0.00    0.00    0.00   98.99
01:40:15 PM   13    1.00    0.00    1.00    0.00    0.00    0.00    0.00    0.00    0.00   98.00
01:40:15 PM   14    0.00    0.00    0.00    0.00    0.00    0.00    0.00    0.00    0.00  100.00
01:40:15 PM   15    1.00    0.00    0.00    0.00    0.00    0.00    0.00    0.00    0.00   99.00
01:40:15 PM   16    0.00    0.00    0.00    0.00    0.00    0.00    0.00    0.00    0.00  100.00
01:40:15 PM   17    1.01    0.00    0.00    0.00    0.00    0.00    0.00    0.00    0.00   98.99
01:40:15 PM   18    0.00    0.00    0.00    0.00    0.00    0.00    0.00    0.00    0.00  100.00
01:40:15 PM   19    0.00    0.00    1.00    0.00    0.00    0.00    0.00    0.00    0.00   99.00
01:40:15 PM   20    0.00    0.00    0.00    0.00    0.00    0.00    0.00    0.00    0.00  100.00
01:40:15 PM   21    1.01    0.00    0.00    0.00    0.00    0.00    0.00    0.00    0.00   98.99
01:40:15 PM   22    0.00    0.00    0.00    0.00    0.00    0.00    0.00    0.00    0.00  100.00
01:40:15 PM   23    0.00    0.00    1.98    0.00    0.00    0.00    0.00    0.00    0.00   98.02
01:40:15 PM   24   23.23    0.00   47.47    0.00    0.00   29.29    0.00    0.00    0.00    0.00
01:40:15 PM   25   23.96    0.00   38.54    0.00    0.00   19.79    0.00    0.00    0.00   17.71
01:40:15 PM   26    2.00    0.00    0.00    0.00    0.00    0.00    0.00    0.00    0.00   98.00
01:40:15 PM   27    0.00    0.00    0.00    0.00    0.00    0.00    0.00    0.00    0.00  100.00
01:40:15 PM   28    1.00    0.00    0.00    0.00    0.00    0.00    0.00    0.00    0.00   99.00
01:40:15 PM   29    1.98    0.00    0.99    0.00    0.00    0.00    0.00    0.00    0.00   97.03
01:40:15 PM   30    1.00    0.00    0.00    1.00    0.00    0.00    0.00    0.00    0.00   98.00
01:40:15 PM   31    0.98    0.00    1.96    0.00    0.00    0.00    0.00    0.00    0.00   97.06
01:40:15 PM   32    1.00    0.00    1.00    0.00    0.00    0.00    0.00    0.00    0.00   98.00
01:40:15 PM   33    0.00    0.00    0.00    0.00    0.00    0.00    0.00    0.00    0.00  100.00
01:40:15 PM   34    0.00    0.00    0.00    0.00    0.00    0.00    0.00    0.00    0.00  100.00
01:40:15 PM   35    1.00    0.00    0.00    0.00    0.00    0.00    0.00    0.00    0.00   99.00

01:40:15 PM  CPU    %usr   %nice    %sys %iowait    %irq   %soft  %steal  %guest  %gnice   %idle
01:40:16 PM  all    2.29    0.00    2.57    0.03    0.00    1.57    0.00    0.00    0.00   93.54
01:40:16 PM    0    0.99    0.00    0.00    0.00    0.00    3.96    0.00    0.00    0.00   95.05
01:40:16 PM    1    1.00    0.00    2.00    0.00    0.00    0.00    0.00    0.00    0.00   97.00
01:40:16 PM    2    1.01    0.00    0.00    0.00    0.00    0.00    0.00    0.00    0.00   98.99
01:40:16 PM    3    1.00    0.00    1.00    0.00    0.00    0.00    0.00    0.00    0.00   98.00
01:40:16 PM    4    2.02    0.00    0.00    0.00    0.00    0.00    0.00    0.00    0.00   97.98
01:40:16 PM    5    3.92    0.00    1.96    0.00    0.00    0.00    0.00    0.00    0.00   94.12
01:40:16 PM    6    2.02    0.00    0.00    0.00    0.00    0.00    0.00    0.00    0.00   97.98
01:40:16 PM    7    1.01    0.00    1.01    1.01    0.00    0.00    0.00    0.00    0.00   96.97
01:40:16 PM    8    3.03    0.00    6.06    0.00    0.00    0.00    0.00    0.00    0.00   90.91
01:40:16 PM    9    2.06    0.00    1.03    0.00    0.00    0.00    0.00    0.00    0.00   96.91
01:40:16 PM   10    0.00    0.00    1.00    0.00    0.00    0.00    0.00    0.00    0.00   99.00
01:40:16 PM   11    2.02    0.00    0.00    0.00    0.00    0.00    0.00    0.00    0.00   97.98
01:40:16 PM   12    0.00    0.00    0.00    0.00    0.00    0.00    0.00    0.00    0.00  100.00
01:40:16 PM   13    2.02    0.00    0.00    0.00    0.00    0.00    0.00    0.00    0.00   97.98
01:40:16 PM   14    1.98    0.00    0.00    0.00    0.00    0.00    0.00    0.00    0.00   98.02
01:40:16 PM   15    1.01    0.00    0.00    0.00    0.00    0.00    0.00    0.00    0.00   98.99
01:40:16 PM   16    0.00    0.00    1.01    0.00    0.00    0.00    0.00    0.00    0.00   98.99
01:40:16 PM   17    1.01    0.00    0.00    0.00    0.00    0.00    0.00    0.00    0.00   98.99
01:40:16 PM   18    1.00    0.00    0.00    0.00    0.00    0.00    0.00    0.00    0.00   99.00
01:40:16 PM   19    0.99    0.00    0.99    0.00    0.00    0.00    0.00    0.00    0.00   98.02
01:40:16 PM   20    1.00    0.00    0.00    0.00    0.00    0.00    0.00    0.00    0.00   99.00
01:40:16 PM   21    0.00    0.00    0.00    0.00    0.00    0.00    0.00    0.00    0.00  100.00
01:40:16 PM   22    0.00    0.00    0.00    0.00    0.00    0.00    0.00    0.00    0.00  100.00
01:40:16 PM   23    1.01    0.00    0.00    0.00    0.00    0.00    0.00    0.00    0.00   98.99
01:40:16 PM   24   28.00    0.00   40.00    0.00    0.00   32.00    0.00    0.00    0.00    0.00
01:40:16 PM   25   20.21    0.00   38.30    0.00    0.00   21.28    0.00    0.00    0.00   20.21
01:40:16 PM   26    0.00    0.00    0.00    0.00    0.00    0.00    0.00    0.00    0.00  100.00
01:40:16 PM   27    0.00    0.00    0.00    0.00    0.00    0.00    0.00    0.00    0.00  100.00
01:40:16 PM   28    0.00    0.00    0.00    0.00    0.00    0.00    0.00    0.00    0.00  100.00
01:40:16 PM   29    1.01    0.00    0.00    0.00    0.00    0.00    0.00    0.00    0.00   98.99
01:40:16 PM   30    1.00    0.00    0.00    0.00    0.00    0.00    0.00    0.00    0.00   99.00
01:40:16 PM   31    0.00    0.00    0.00    0.00    0.00    0.00    0.00    0.00    0.00  100.00
01:40:16 PM   32    0.00    0.00    0.00    0.00    0.00    0.00    0.00    0.00    0.00  100.00
01:40:16 PM   33    1.00    0.00    0.00    0.00    0.00    0.00    0.00    0.00    0.00   99.00
01:40:16 PM   34    1.00    0.00    0.00    0.00    0.00    0.00    0.00    0.00    0.00   99.00
01:40:16 PM   35    1.00    0.00    0.00    0.00    0.00    0.00    0.00    0.00    0.00   99.00

01:40:16 PM  CPU    %usr   %nice    %sys %iowait    %irq   %soft  %steal  %guest  %gnice   %idle
01:40:17 PM  all    2.03    0.00    2.62    0.08    0.00    1.73    0.00    0.00    0.00   93.54
01:40:17 PM    0    1.00    0.00    0.00    0.00    0.00    3.00    0.00    0.00    0.00   96.00
01:40:17 PM    1    1.01    0.00    0.00    0.00    0.00    0.00    0.00    0.00    0.00   98.99
01:40:17 PM    2    0.00    0.00    2.02    0.00    0.00    0.00    0.00    0.00    0.00   97.98
01:40:17 PM    3    1.00    0.00    1.00    0.00    0.00    0.00    0.00    0.00    0.00   98.00
01:40:17 PM    4    0.98    0.00    1.96    0.00    0.00    0.98    0.00    0.00    0.00   96.08
01:40:17 PM    5    1.01    0.00    0.00    1.01    0.00    0.00    0.00    0.00    0.00   97.98
01:40:17 PM    6    1.00    0.00    0.00    0.00    0.00    0.00    0.00    0.00    0.00   99.00
01:40:17 PM    7    1.96    0.00    0.98    0.00    0.00    0.00    0.00    0.00    0.00   97.06
01:40:17 PM    8    0.00    0.00    0.00    1.01    0.00    0.00    0.00    0.00    0.00   98.99
01:40:17 PM    9    1.00    0.00    1.00    1.00    0.00    0.00    0.00    0.00    0.00   97.00
01:40:17 PM   10    2.00    0.00    0.00    0.00    0.00    0.00    0.00    0.00    0.00   98.00
01:40:17 PM   11    2.02    0.00    0.00    0.00    0.00    0.00    0.00    0.00    0.00   97.98
01:40:17 PM   12    3.96    0.00    5.94    0.00    0.00    0.00    0.00    0.00    0.00   90.10
01:40:17 PM   13    1.01    0.00    1.01    0.00    0.00    0.00    0.00    0.00    0.00   97.98
01:40:17 PM   14    2.00    0.00    0.00    0.00    0.00    0.00    0.00    0.00    0.00   98.00
01:40:17 PM   15    1.01    0.00    0.00    0.00    0.00    0.00    0.00    0.00    0.00   98.99
01:40:17 PM   16    1.01    0.00    1.01    0.00    0.00    0.00    0.00    0.00    0.00   97.98
01:40:17 PM   17    0.00    0.00    0.00    0.00    0.00    0.00    0.00    0.00    0.00  100.00
01:40:17 PM   18    0.00    0.00    0.00    0.00    0.00    0.00    0.00    0.00    0.00  100.00
01:40:17 PM   19    0.00    0.00    0.00    0.00    0.00    0.00    0.00    0.00    0.00  100.00
01:40:17 PM   20    0.00    0.00    0.99    0.00    0.00    0.00    0.00    0.00    0.00   99.01
01:40:17 PM   21    0.00    0.00    0.00    0.00    0.00    0.00    0.00    0.00    0.00  100.00
01:40:17 PM   22    0.00    0.00    1.00    0.00    0.00    0.00    0.00    0.00    0.00   99.00
01:40:17 PM   23    0.00    0.00    0.00    0.00    0.00    0.00    0.00    0.00    0.00  100.00
01:40:17 PM   24   25.00    0.00   42.00    0.00    0.00   33.00    0.00    0.00    0.00    0.00
01:40:17 PM   25   23.00    0.00   32.00    0.00    0.00   25.00    0.00    0.00    0.00   20.00
01:40:17 PM   26    1.00    0.00    0.00    0.00    0.00    0.00    0.00    0.00    0.00   99.00
01:40:17 PM   27    0.00    0.00    1.00    0.00    0.00    0.00    0.00    0.00    0.00   99.00
01:40:17 PM   28    0.00    0.00    0.99    0.00    0.00    0.00    0.00    0.00    0.00   99.01
01:40:17 PM   29    0.00    0.00    0.00    0.00    0.00    0.00    0.00    0.00    0.00  100.00
01:40:17 PM   30    0.00    0.00    0.00    0.00    0.00    0.00    0.00    0.00    0.00  100.00
01:40:17 PM   31    1.98    0.00    0.00    0.00    0.00    0.00    0.00    0.00    0.00   98.02
01:40:17 PM   32    0.00    0.00    0.00    0.00    0.00    0.00    0.00    0.00    0.00  100.00
01:40:17 PM   33    0.00    0.00    0.00    0.00    0.00    0.00    0.00    0.00    0.00  100.00
01:40:17 PM   34    0.00    0.00    0.00    0.00    0.00    0.00    0.00    0.00    0.00  100.00
01:40:17 PM   35    0.00    0.00    1.00    0.00    0.00    0.00    0.00    0.00    0.00   99.00

01:40:17 PM  CPU    %usr   %nice    %sys %iowait    %irq   %soft  %steal  %guest  %gnice   %idle
01:40:18 PM  all    1.56    0.00    2.82    0.03    0.00    1.48    0.00    0.00    0.00   94.11
01:40:18 PM    0    0.00    0.00    2.02    0.00    0.00    2.02    0.00    0.00    0.00   95.96
01:40:18 PM    1    0.00    0.00    0.00    0.00    0.00    0.00    0.00    0.00    0.00  100.00
01:40:18 PM    2    1.01    0.00    0.00    0.00    0.00    0.00    0.00    0.00    0.00   98.99
01:40:18 PM    3    1.98    0.00    0.00    0.00    0.00    0.00    0.00    0.00    0.00   98.02
01:40:18 PM    4    1.00    0.00    0.00    0.00    0.00    0.00    0.00    0.00    0.00   99.00
01:40:18 PM    5    2.00    0.00    0.00    0.00    0.00    0.00    0.00    0.00    0.00   98.00
01:40:18 PM    6    0.00    0.00    0.00    0.00    0.00    0.00    0.00    0.00    0.00  100.00
01:40:18 PM    7    0.00    0.00    1.01    0.00    0.00    0.00    0.00    0.00    0.00   98.99
01:40:18 PM    8    0.00    0.00    0.00    0.00    0.00    0.00    0.00    0.00    0.00  100.00
01:40:18 PM    9    1.00    0.00    0.00    0.00    0.00    0.00    0.00    0.00    0.00   99.00
01:40:18 PM   10    0.00    0.00    0.00    0.00    0.00    0.00    0.00    0.00    0.00  100.00
01:40:18 PM   11    0.00    0.00    0.00    0.00    0.00    0.00    0.00    0.00    0.00  100.00
01:40:18 PM   12    0.00    0.00    1.01    0.00    0.00    0.00    0.00    0.00    0.00   98.99
01:40:18 PM   13    1.00    0.00    1.00    0.00    0.00    0.00    0.00    0.00    0.00   98.00
01:40:18 PM   14    0.00    0.00    0.00    0.00    0.00    0.00    0.00    0.00    0.00  100.00
01:40:18 PM   15    0.00    0.00    1.00    0.00    0.00    0.00    0.00    0.00    0.00   99.00
01:40:18 PM   16    0.99    0.00    0.00    0.00    0.00    0.00    0.00    0.00    0.00   99.01
01:40:18 PM   17    0.99    0.00    0.99    0.00    0.00    0.00    0.00    0.00    0.00   98.02
01:40:18 PM   18    0.00    0.00    1.00    0.00    0.00    0.00    0.00    0.00    0.00   99.00
01:40:18 PM   19    0.00    0.00    0.00    0.00    0.00    1.00    0.00    0.00    0.00   99.00
01:40:18 PM   20    0.00    0.00    0.00    0.00    0.00    0.00    0.00    0.00    0.00  100.00
01:40:18 PM   21    1.00    0.00    0.00    0.00    0.00    0.00    0.00    0.00    0.00   99.00
01:40:18 PM   22    1.00    0.00    1.00    0.00    0.00    0.00    0.00    0.00    0.00   98.00
01:40:18 PM   23    0.00    0.00    0.00    0.00    0.00    0.00    0.00    0.00    0.00  100.00
01:40:18 PM   24   24.00    0.00   44.00    0.00    0.00   32.00    0.00    0.00    0.00    0.00
01:40:18 PM   25   17.65    0.00   45.10    0.00    0.00   17.65    0.00    0.00    0.00   19.61
01:40:18 PM   26    0.00    0.00    1.00    1.00    0.00    0.00    0.00    0.00    0.00   98.00
01:40:18 PM   27    1.00    0.00    0.00    0.00    0.00    0.00    0.00    0.00    0.00   99.00
01:40:18 PM   28    0.00    0.00    0.00    0.00    0.00    0.00    0.00    0.00    0.00  100.00
01:40:18 PM   29    1.00    0.00    0.00    0.00    0.00    0.00    0.00    0.00    0.00   99.00
01:40:18 PM   30    0.00    0.00    0.00    0.00    0.00    0.00    0.00    0.00    0.00  100.00
01:40:18 PM   31    0.00    0.00    0.00    0.00    0.00    0.00    0.00    0.00    0.00  100.00
01:40:18 PM   32    0.00    0.00    0.00    0.00    0.00    0.00    0.00    0.00    0.00  100.00
01:40:18 PM   33    0.00    0.00    0.00    0.00    0.00    0.00    0.00    0.00    0.00  100.00
01:40:18 PM   34    0.00    0.00    1.00    0.00    0.00    0.00    0.00    0.00    0.00   99.00
01:40:18 PM   35    0.00    0.00    0.00    0.00    0.00    0.00    0.00    0.00    0.00  100.00

01:40:18 PM  CPU    %usr   %nice    %sys %iowait    %irq   %soft  %steal  %guest  %gnice   %idle
01:40:19 PM  all    2.88    0.00    2.77    0.08    0.00    1.68    0.00    0.00    0.00   92.58
01:40:19 PM    0    1.98    0.00    0.00    0.00    0.00    3.96    0.00    0.00    0.00   94.06
01:40:19 PM    1    2.02    0.00    0.00    0.00    0.00    0.00    0.00    0.00    0.00   97.98
01:40:19 PM    2    2.00    0.00    1.00    0.00    0.00    0.00    0.00    0.00    0.00   97.00
01:40:19 PM    3    3.03    0.00    0.00    0.00    0.00    0.00    0.00    0.00    0.00   96.97
01:40:19 PM    4    2.02    0.00    0.00    0.00    0.00    0.00    0.00    0.00    0.00   97.98
01:40:19 PM    5    1.01    0.00    1.01    0.00    0.00    0.00    0.00    0.00    0.00   97.98
01:40:19 PM    6    1.02    0.00    0.00    0.00    0.00    0.00    0.00    0.00    0.00   98.98
01:40:19 PM    7    2.00    0.00    0.00    1.00    0.00    0.00    0.00    0.00    0.00   97.00
01:40:19 PM    8    3.03    0.00    6.06    0.00    0.00    0.00    0.00    0.00    0.00   90.91
01:40:19 PM    9    0.00    0.00    0.00    0.00    0.00    0.00    0.00    0.00    0.00  100.00
01:40:19 PM   10    1.01    0.00    1.01    0.00    0.00    0.00    0.00    0.00    0.00   97.98
01:40:19 PM   11    2.00    0.00    0.00    0.00    0.00    0.00    0.00    0.00    0.00   98.00
01:40:19 PM   12    1.01    0.00    1.01    0.00    0.00    0.00    0.00    0.00    0.00   97.98
01:40:19 PM   13    1.01    0.00    0.00    0.00    0.00    0.00    0.00    0.00    0.00   98.99
01:40:19 PM   14    2.00    0.00    0.00    0.00    0.00    0.00    0.00    0.00    0.00   98.00
01:40:19 PM   15    2.00    0.00    0.00    0.00    0.00    0.00    0.00    0.00    0.00   98.00
01:40:19 PM   16    2.02    0.00    0.00    0.00    0.00    0.00    0.00    0.00    0.00   97.98
01:40:19 PM   17    2.02    0.00    0.00    0.00    0.00    0.00    0.00    0.00    0.00   97.98
01:40:19 PM   18    2.02    0.00    0.00    0.00    0.00    0.00    0.00    0.00    0.00   97.98
01:40:19 PM   19    1.02    0.00    0.00    1.02    0.00    0.00    0.00    0.00    0.00   97.96
01:40:19 PM   20    1.01    0.00    1.01    0.00    0.00    0.00    0.00    0.00    0.00   97.98
01:40:19 PM   21    1.01    0.00    0.00    0.00    0.00    0.00    0.00    0.00    0.00   98.99
01:40:19 PM   22    1.02    0.00    0.00    0.00    0.00    0.00    0.00    0.00    0.00   98.98
01:40:19 PM   23    2.94    0.00    0.98    0.00    0.00    0.00    0.00    0.00    0.00   96.08
01:40:19 PM   24   21.00    0.00   41.00    0.00    0.00   38.00    0.00    0.00    0.00    0.00
01:40:19 PM   25   27.00    0.00   44.00    0.00    0.00   18.00    0.00    0.00    0.00   11.00
01:40:19 PM   26    1.02    0.00    0.00    0.00    0.00    0.00    0.00    0.00    0.00   98.98
01:40:19 PM   27    2.04    0.00    0.00    0.00    0.00    0.00    0.00    0.00    0.00   97.96
01:40:19 PM   28    1.01    0.00    0.00    0.00    0.00    0.00    0.00    0.00    0.00   98.99
01:40:19 PM   29    1.02    0.00    0.00    0.00    0.00    0.00    0.00    0.00    0.00   98.98
01:40:19 PM   30    1.02    0.00    0.00    0.00    0.00    0.00    0.00    0.00    0.00   98.98
01:40:19 PM   31    1.98    0.00    0.99    0.99    0.00    0.00    0.00    0.00    0.00   96.04
01:40:19 PM   32    2.00    0.00    0.00    0.00    0.00    0.00    0.00    0.00    0.00   98.00
01:40:19 PM   33    0.00    0.00    1.02    0.00    0.00    0.00    0.00    0.00    0.00   98.98
01:40:19 PM   34    3.03    0.00    0.00    0.00    0.00    0.00    0.00    0.00    0.00   96.97
01:40:19 PM   35    2.00    0.00    0.00    0.00    0.00    0.00    0.00    0.00    0.00   98.00

01:40:19 PM  CPU    %usr   %nice    %sys %iowait    %irq   %soft  %steal  %guest  %gnice   %idle
01:40:20 PM  all    2.04    0.00    2.71    0.08    0.00    1.70    0.00    0.00    0.00   93.46
01:40:20 PM    0    0.00    0.00    0.00    0.00    0.00    3.03    0.00    0.00    0.00   96.97
01:40:20 PM    1    0.00    0.00    0.00    0.00    0.00    1.01    0.00    0.00    0.00   98.99
01:40:20 PM    2    0.00    0.00    0.00    0.00    0.00    0.00    0.00    0.00    0.00  100.00
01:40:20 PM    3    1.01    0.00    0.00    1.01    0.00    0.00    0.00    0.00    0.00   97.98
01:40:20 PM    4    1.01    0.00    0.00    0.00    0.00    0.00    0.00    0.00    0.00   98.99
01:40:20 PM    5    1.01    0.00    0.00    0.00    0.00    0.00    0.00    0.00    0.00   98.99
01:40:20 PM    6    1.98    0.00    0.99    0.00    0.00    0.00    0.00    0.00    0.00   97.03
01:40:20 PM    7    0.00    0.00    1.00    0.00    0.00    0.00    0.00    0.00    0.00   99.00
01:40:20 PM    8    2.02    0.00    6.06    0.00    0.00    0.00    0.00    0.00    0.00   91.92
01:40:20 PM    9    1.00    0.00    0.00    0.00    0.00    0.00    0.00    0.00    0.00   99.00
01:40:20 PM   10    1.00    0.00    0.00    0.00    0.00    0.00    0.00    0.00    0.00   99.00
01:40:20 PM   11    0.00    0.00    0.00    0.00    0.00    0.00    0.00    0.00    0.00  100.00
01:40:20 PM   12    0.00    0.00    0.00    0.00    0.00    0.00    0.00    0.00    0.00  100.00
01:40:20 PM   13    1.00    0.00    0.00    0.00    0.00    0.00    0.00    0.00    0.00   99.00
01:40:20 PM   14    0.00    0.00    0.00    0.00    0.00    0.00    0.00    0.00    0.00  100.00
01:40:20 PM   15    1.00    0.00    0.00    0.00    0.00    0.00    0.00    0.00    0.00   99.00
01:40:20 PM   16    0.00    0.00    2.00    0.00    0.00    0.00    0.00    0.00    0.00   98.00
01:40:20 PM   17    2.02    0.00    0.00    0.00    0.00    0.00    0.00    0.00    0.00   97.98
01:40:20 PM   18    1.00    0.00    0.00    0.00    0.00    0.00    0.00    0.00    0.00   99.00
01:40:20 PM   19    1.00    0.00    1.00    0.00    0.00    0.00    0.00    0.00    0.00   98.00
01:40:20 PM   20    1.00    0.00    0.00    0.00    0.00    0.00    0.00    0.00    0.00   99.00
01:40:20 PM   21    0.00    0.00    2.00    0.00    0.00    0.00    0.00    0.00    0.00   98.00
01:40:20 PM   22    1.98    0.00    0.99    0.00    0.00    0.00    0.00    0.00    0.00   97.03
01:40:20 PM   23    1.01    0.00    0.00    0.00    0.00    0.00    0.00    0.00    0.00   98.99
01:40:20 PM   24   25.25    0.00   41.41    0.00    0.00   33.33    0.00    0.00    0.00    0.00
01:40:20 PM   25   25.51    0.00   40.82    0.00    0.00   23.47    0.00    0.00    0.00   10.20
01:40:20 PM   26    1.01    0.00    0.00    0.00    0.00    0.00    0.00    0.00    0.00   98.99
01:40:20 PM   27    0.00    0.00    0.00    1.00    0.00    0.00    0.00    0.00    0.00   99.00
01:40:20 PM   28    0.00    0.00    0.00    1.01    0.00    0.00    0.00    0.00    0.00   98.99
01:40:20 PM   29    0.00    0.00    0.00    0.00    0.00    0.00    0.00    0.00    0.00  100.00
01:40:20 PM   30    1.01    0.00    0.00    0.00    0.00    0.00    0.00    0.00    0.00   98.99
01:40:20 PM   31    0.00    0.00    0.00    0.00    0.00    0.00    0.00    0.00    0.00  100.00
01:40:20 PM   32    0.00    0.00    0.00    0.00    0.00    0.00    0.00    0.00    0.00  100.00
01:40:20 PM   33    0.98    0.00    0.98    0.00    0.00    0.98    0.00    0.00    0.00   97.06
01:40:20 PM   34    1.00    0.00    1.00    0.00    0.00    0.00    0.00    0.00    0.00   98.00
01:40:20 PM   35    0.00    0.00    0.00    0.00    0.00    0.00    0.00    0.00    0.00  100.00

01:40:20 PM  CPU    %usr   %nice    %sys %iowait    %irq   %soft  %steal  %guest  %gnice   %idle
01:40:21 PM  all    1.85    0.00    2.57    0.17    0.00    1.57    0.00    0.00    0.00   93.85
01:40:21 PM    0    1.00    0.00    1.00    1.00    0.00    1.00    0.00    0.00    0.00   96.00
01:40:21 PM    1    0.99    0.00    0.99    0.00    0.00    0.00    0.00    0.00    0.00   98.02
01:40:21 PM    2    0.00    0.00    0.00    0.00    0.00    0.00    0.00    0.00    0.00  100.00
01:40:21 PM    3    0.00    0.00    0.00    0.00    0.00    0.00    0.00    0.00    0.00  100.00
01:40:21 PM    4    0.00    0.00    0.00    0.00    0.00    0.00    0.00    0.00    0.00  100.00
01:40:21 PM    5    1.01    0.00    0.00    1.01    0.00    0.00    0.00    0.00    0.00   97.98
01:40:21 PM    6    0.99    0.00    0.99    0.00    0.00    0.00    0.00    0.00    0.00   98.02
01:40:21 PM    7    1.01    0.00    0.00    0.00    0.00    0.00    0.00    0.00    0.00   98.99
01:40:21 PM    8    0.00    0.00    0.00    0.00    0.00    0.00    0.00    0.00    0.00  100.00
01:40:21 PM    9    0.00    0.00    0.00    1.01    0.00    0.00    0.00    0.00    0.00   98.99
01:40:21 PM   10    0.00    0.00    0.00    0.00    0.00    0.00    0.00    0.00    0.00  100.00
01:40:21 PM   11    0.99    0.00    0.00    0.00    0.00    0.99    0.00    0.00    0.00   98.02
01:40:21 PM   12    0.00    0.00    0.00    0.00    0.00    0.00    0.00    0.00    0.00  100.00
01:40:21 PM   13    0.00    0.00    0.00    1.01    0.00    0.00    0.00    0.00    0.00   98.99
01:40:21 PM   14    0.00    0.00    0.00    0.00    0.00    0.00    0.00    0.00    0.00  100.00
01:40:21 PM   15    1.00    0.00    0.00    0.00    0.00    0.00    0.00    0.00    0.00   99.00
01:40:21 PM   16    1.01    0.00    0.00    0.00    0.00    0.00    0.00    0.00    0.00   98.99
01:40:21 PM   17    0.00    0.00    0.00    1.01    0.00    0.00    0.00    0.00    0.00   98.99
01:40:21 PM   18    0.00    0.00    0.00    0.00    0.00    0.00    0.00    0.00    0.00  100.00
01:40:21 PM   19    1.00    0.00    0.00    0.00    0.00    0.00    0.00    0.00    0.00   99.00
01:40:21 PM   20    0.00    0.00    0.00    0.00    0.00    0.00    0.00    0.00    0.00  100.00
01:40:21 PM   21    0.00    0.00    0.00    0.00    0.00    0.00    0.00    0.00    0.00  100.00
01:40:21 PM   22    1.00    0.00    1.00    0.00    0.00    0.00    0.00    0.00    0.00   98.00
01:40:21 PM   23    1.01    0.00    0.00    0.00    0.00    0.00    0.00    0.00    0.00   98.99
01:40:21 PM   24   22.77    0.00   43.56    0.00    0.00   33.66    0.00    0.00    0.00    0.00
01:40:21 PM   25   26.26    0.00   42.42    0.00    0.00   20.20    0.00    0.00    0.00   11.11
01:40:21 PM   26    1.00    0.00    1.00    0.00    0.00    0.00    0.00    0.00    0.00   98.00
01:40:21 PM   27    0.00    0.00    0.00    0.00    0.00    0.00    0.00    0.00    0.00  100.00
01:40:21 PM   28    1.01    0.00    0.00    0.00    0.00    0.00    0.00    0.00    0.00   98.99
01:40:21 PM   29    1.01    0.00    0.00    0.00    0.00    0.00    0.00    0.00    0.00   98.99
01:40:21 PM   30    1.00    0.00    0.00    1.00    0.00    0.00    0.00    0.00    0.00   98.00
01:40:21 PM   31    1.00    0.00    1.00    0.00    0.00    0.00    0.00    0.00    0.00   98.00
01:40:21 PM   32    1.01    0.00    0.00    0.00    0.00    0.00    0.00    0.00    0.00   98.99
01:40:21 PM   33    0.00    0.00    0.00    0.00    0.00    0.00    0.00    0.00    0.00  100.00
01:40:21 PM   34    0.00    0.00    0.00    0.00    0.00    0.00    0.00    0.00    0.00  100.00
01:40:21 PM   35    0.00    0.00    0.00    0.00    0.00    0.00    0.00    0.00    0.00  100.00

01:40:21 PM  CPU    %usr   %nice    %sys %iowait    %irq   %soft  %steal  %guest  %gnice   %idle
01:40:22 PM  all    2.12    0.00    2.74    0.03    0.00    1.70    0.00    0.00    0.00   93.40
01:40:22 PM    0    1.96    0.00    0.98    0.00    0.00    3.92    0.00    0.00    0.00   93.14
01:40:22 PM    1    0.00    0.00    0.00    0.00    0.00    0.00    0.00    0.00    0.00  100.00
01:40:22 PM    2    1.00    0.00    0.00    0.00    0.00    0.00    0.00    0.00    0.00   99.00
01:40:22 PM    3    0.00    0.00    0.00    0.00    0.00    0.00    0.00    0.00    0.00  100.00
01:40:22 PM    4    0.00    0.00    0.00    0.00    0.00    0.00    0.00    0.00    0.00  100.00
01:40:22 PM    5    1.00    0.00    1.00    0.00    0.00    0.00    0.00    0.00    0.00   98.00
01:40:22 PM    6    0.00    0.00    0.00    0.00    0.00    0.00    0.00    0.00    0.00  100.00
01:40:22 PM    7    0.00    0.00    0.00    0.00    0.00    0.00    0.00    0.00    0.00  100.00
01:40:22 PM    8    3.96    0.00    5.94    0.00    0.00    0.00    0.00    0.00    0.00   90.10
01:40:22 PM    9    0.00    0.00    0.00    0.00    0.00    0.00    0.00    0.00    0.00  100.00
01:40:22 PM   10    1.00    0.00    0.00    0.00    0.00    0.00    0.00    0.00    0.00   99.00
01:40:22 PM   11    1.00    0.00    0.00    0.00    0.00    0.00    0.00    0.00    0.00   99.00
01:40:22 PM   12    1.00    0.00    0.00    1.00    0.00    0.00    0.00    0.00    0.00   98.00
01:40:22 PM   13    0.00    0.00    0.00    0.00    0.00    0.00    0.00    0.00    0.00  100.00
01:40:22 PM   14    1.00    0.00    0.00    0.00    0.00    0.00    0.00    0.00    0.00   99.00
01:40:22 PM   15    0.00    0.00    0.00    0.00    0.00    0.00    0.00    0.00    0.00  100.00
01:40:22 PM   16    0.00    0.00    0.00    0.00    0.00    0.00    0.00    0.00    0.00  100.00
01:40:22 PM   17    1.01    0.00    1.01    0.00    0.00    0.00    0.00    0.00    0.00   97.98
01:40:22 PM   18    2.00    0.00    0.00    0.00    0.00    0.00    0.00    0.00    0.00   98.00
01:40:22 PM   19    0.00    0.00    0.00    0.00    0.00    0.00    0.00    0.00    0.00  100.00
01:40:22 PM   20    1.01    0.00    0.00    0.00    0.00    0.00    0.00    0.00    0.00   98.99
01:40:22 PM   21    0.00    0.00    1.00    0.00    0.00    0.00    0.00    0.00    0.00   99.00
01:40:22 PM   22    1.01    0.00    1.01    0.00    0.00    0.00    0.00    0.00    0.00   97.98
01:40:22 PM   23    0.00    0.00    1.00    0.00    0.00    0.00    0.00    0.00    0.00   99.00
01:40:22 PM   24   24.00    0.00   44.00    0.00    0.00   32.00    0.00    0.00    0.00    0.00
01:40:22 PM   25   29.13    0.00   36.89    0.00    0.00   24.27    0.00    0.00    0.00    9.71
01:40:22 PM   26    0.00    0.00    0.00    0.00    0.00    0.00    0.00    0.00    0.00  100.00
01:40:22 PM   27    2.00    0.00    0.00    0.00    0.00    0.00    0.00    0.00    0.00   98.00
01:40:22 PM   28    1.00    0.00    1.00    0.00    0.00    0.00    0.00    0.00    0.00   98.00
01:40:22 PM   29    0.00    0.00    1.01    0.00    0.00    0.00    0.00    0.00    0.00   98.99
01:40:22 PM   30    1.00    0.00    1.00    0.00    0.00    0.00    0.00    0.00    0.00   98.00
01:40:22 PM   31    0.00    0.00    0.00    0.00    0.00    0.00    0.00    0.00    0.00  100.00
01:40:22 PM   32    0.00    0.00    0.00    0.00    0.00    0.00    0.00    0.00    0.00  100.00
01:40:22 PM   33    0.00    0.00    0.00    0.00    0.00    0.00    0.00    0.00    0.00  100.00
01:40:22 PM   34    1.00    0.00    0.00    0.00    0.00    0.00    0.00    0.00    0.00   99.00
01:40:22 PM   35    0.00    0.00    1.01    0.00    0.00    0.00    0.00    0.00    0.00   98.99

01:40:22 PM  CPU    %usr   %nice    %sys %iowait    %irq   %soft  %steal  %guest  %gnice   %idle
01:40:23 PM  all    2.84    0.00    2.39    0.08    0.00    2.09    0.00    0.00    0.00   92.60
01:40:23 PM    0    0.00    0.00    0.00    0.00    0.00    4.00    0.00    0.00    0.00   96.00
01:40:23 PM    1    1.01    0.00    0.00    0.00    0.00    0.00    0.00    0.00    0.00   98.99
01:40:23 PM    2    1.96    0.00    0.98    0.98    0.00    0.00    0.00    0.00    0.00   96.08
01:40:23 PM    3    2.00    0.00    1.00    0.00    0.00    0.00    0.00    0.00    0.00   97.00
01:40:23 PM    4    0.99    0.00    0.99    0.00    0.00    0.00    0.00    0.00    0.00   98.02
01:40:23 PM    5    1.01    0.00    0.00    0.00    0.00    0.00    0.00    0.00    0.00   98.99
01:40:23 PM    6    1.01    0.00    1.01    0.00    0.00    0.00    0.00    0.00    0.00   97.98
01:40:23 PM    7    2.02    0.00    0.00    0.00    0.00    0.00    0.00    0.00    0.00   97.98
01:40:23 PM    8    1.00    0.00    1.00    0.00    0.00    0.00    0.00    0.00    0.00   98.00
01:40:23 PM    9    1.02    0.00    0.00    0.00    0.00    0.00    0.00    0.00    0.00   98.98
01:40:23 PM   10    3.00    0.00    1.00    0.00    0.00    0.00    0.00    0.00    0.00   96.00
01:40:23 PM   11    3.00    0.00    1.00    0.00    0.00    0.00    0.00    0.00    0.00   96.00
01:40:23 PM   12    2.02    0.00    0.00    0.00    0.00    0.00    0.00    0.00    0.00   97.98
01:40:23 PM   13    2.02    0.00    0.00    0.00    0.00    0.00    0.00    0.00    0.00   97.98
01:40:23 PM   14    2.00    0.00    0.00    0.00    0.00    0.00    0.00    0.00    0.00   98.00
01:40:23 PM   15    1.01    0.00    0.00    0.00    0.00    0.00    0.00    0.00    0.00   98.99
01:40:23 PM   16    1.98    0.00    0.99    0.00    0.00    0.00    0.00    0.00    0.00   97.03
01:40:23 PM   17    2.00    0.00    0.00    0.00    0.00    0.00    0.00    0.00    0.00   98.00
01:40:23 PM   18    2.00    0.00    1.00    0.00    0.00    0.00    0.00    0.00    0.00   97.00
01:40:23 PM   19    1.98    0.00    0.99    0.00    0.00    0.00    0.00    0.00    0.00   97.03
01:40:23 PM   20    0.00    0.00    1.00    0.00    0.00    0.00    0.00    0.00    0.00   99.00
01:40:23 PM   21    2.00    0.00    0.00    0.00    0.00    0.00    0.00    0.00    0.00   98.00
01:40:23 PM   22    1.01    0.00    0.00    0.00    0.00    0.00    0.00    0.00    0.00   98.99
01:40:23 PM   23    0.99    0.00    1.98    0.00    0.00    0.00    0.00    0.00    0.00   97.03
01:40:23 PM   24   22.77    0.00   33.66    0.00    0.00   42.57    0.00    0.00    0.00    0.99
01:40:23 PM   25   28.71    0.00   33.66    0.00    0.00   27.72    0.00    0.00    0.00    9.90
01:40:23 PM   26    1.00    0.00    0.00    0.00    0.00    0.00    0.00    0.00    0.00   99.00
01:40:23 PM   27    1.00    0.00    1.00    0.00    0.00    0.00    0.00    0.00    0.00   98.00
01:40:23 PM   28    1.98    0.00    0.99    0.00    0.00    0.00    0.00    0.00    0.00   97.03
01:40:23 PM   29    2.00    0.00    0.00    0.00    0.00    0.00    0.00    0.00    0.00   98.00
01:40:23 PM   30    0.00    0.00    0.00    0.00    0.00    0.00    0.00    0.00    0.00  100.00
01:40:23 PM   31    2.94    0.00    1.96    0.00    0.00    0.00    0.00    0.00    0.00   95.10
01:40:23 PM   32    1.00    0.00    1.00    1.00    0.00    0.00    0.00    0.00    0.00   97.00
01:40:23 PM   33    1.01    0.00    0.00    0.00    0.00    0.00    0.00    0.00    0.00   98.99
01:40:23 PM   34    1.01    0.00    0.00    0.00    0.00    0.00    0.00    0.00    0.00   98.99
01:40:23 PM   35    0.99    0.00    0.00    0.99    0.00    0.00    0.00    0.00    0.00   98.02

Average:     CPU    %usr   %nice    %sys %iowait    %irq   %soft  %steal  %guest  %gnice   %idle
Average:     all    2.16    0.00    2.62    0.07    0.00    1.64    0.00    0.00    0.00   93.51
Average:       0    1.30    0.00    0.80    0.20    0.00    2.99    0.00    0.00    0.00   94.71
Average:       1    0.81    0.00    0.30    0.10    0.00    0.30    0.00    0.00    0.00   98.49
Average:       2    0.80    0.00    0.60    0.10    0.00    0.10    0.00    0.00    0.00   98.39
Average:       3    1.10    0.00    0.50    0.10    0.00    0.00    0.00    0.00    0.00   98.29
Average:       4    1.01    0.00    0.30    0.00    0.00    0.10    0.00    0.00    0.00   98.59
Average:       5    1.41    0.00    0.50    0.20    0.00    0.00    0.00    0.00    0.00   97.89
Average:       6    0.91    0.00    0.50    0.00    0.00    0.00    0.00    0.00    0.00   98.59
Average:       7    1.10    0.00    0.40    0.20    0.00    0.00    0.00    0.00    0.00   98.29
Average:       8    1.51    0.00    3.12    0.10    0.00    0.00    0.00    0.00    0.00   95.27
Average:       9    0.81    0.00    0.30    0.20    0.00    0.00    0.00    0.00    0.00   98.69
Average:      10    0.81    0.00    0.30    0.00    0.00    0.00    0.00    0.00    0.00   98.89
Average:      11    1.61    0.00    0.30    0.00    0.00    0.10    0.00    0.00    0.00   97.99
Average:      12    1.01    0.00    0.81    0.10    0.00    0.00    0.00    0.00    0.00   98.08
Average:      13    1.01    0.00    0.30    0.10    0.00    0.00    0.00    0.00    0.00   98.59
Average:      14    0.90    0.00    0.10    0.00    0.00    0.00    0.00    0.00    0.00   99.00
Average:      15    1.10    0.00    0.20    0.00    0.00    0.00    0.00    0.00    0.00   98.69
Average:      16    0.80    0.00    0.50    0.00    0.00    0.00    0.00    0.00    0.00   98.69
Average:      17    1.01    0.00    0.20    0.10    0.00    0.00    0.00    0.00    0.00   98.69
Average:      18    0.80    0.00    0.20    0.00    0.00    0.00    0.00    0.00    0.00   98.99
Average:      19    0.60    0.00    0.40    0.10    0.00    0.10    0.00    0.00    0.00   98.79
Average:      20    0.50    0.00    0.30    0.00    0.00    0.00    0.00    0.00    0.00   99.20
Average:      21    0.60    0.00    0.30    0.00    0.00    0.00    0.00    0.00    0.00   99.09
Average:      22    0.80    0.00    0.50    0.00    0.00    0.00    0.00    0.00    0.00   98.69
Average:      23    0.80    0.00    0.60    0.00    0.00    0.00    0.00    0.00    0.00   98.59
Average:      24   23.78    0.00   41.26    0.00    0.00   33.27    0.00    0.00    0.00    1.70
Average:      25   24.47    0.00   38.22    0.00    0.00   21.64    0.00    0.00    0.00   15.67
Average:      26    0.70    0.00    0.30    0.10    0.00    0.00    0.00    0.00    0.00   98.89
Average:      27    0.80    0.00    0.20    0.10    0.00    0.00    0.00    0.00    0.00   98.89
Average:      28    0.60    0.00    0.30    0.10    0.00    0.00    0.00    0.00    0.00   98.99
Average:      29    0.80    0.00    0.20    0.00    0.00    0.00    0.00    0.00    0.00   98.99
Average:      30    0.60    0.00    0.10    0.20    0.00    0.00    0.00    0.00    0.00   99.09
Average:      31    0.90    0.00    0.60    0.10    0.00    0.00    0.00    0.00    0.00   98.40
Average:      32    0.50    0.00    0.20    0.10    0.00    0.00    0.00    0.00    0.00   99.19
Average:      33    0.30    0.00    0.20    0.00    0.00    0.10    0.00    0.00    0.00   99.39
Average:      34    0.70    0.00    0.20    0.00    0.00    0.00    0.00    0.00    0.00   99.10
Average:      35    0.50    0.00    0.20    0.10    0.00    0.10    0.00    0.00    0.00   99.10
