Linux 5.15.0-186-generic (rapids4) 	07/28/2026 	_x86_64_	(36 CPU)

01:27:19 PM  CPU    %usr   %nice    %sys %iowait    %irq   %soft  %steal  %guest  %gnice   %idle
01:27:20 PM  all    1.23    0.00    1.79    0.14    0.00    0.08    0.00    0.00    0.00   96.75
01:27:20 PM    0    1.98    0.00    0.99    0.00    0.00    2.97    0.00    0.00    0.00   94.06
01:27:20 PM    1    0.00    0.00    0.00    0.00    0.00    0.00    0.00    0.00    0.00  100.00
01:27:20 PM    2    1.02    0.00    0.00    0.00    0.00    0.00    0.00    0.00    0.00   98.98
01:27:20 PM    3    0.00    0.00    0.00    0.00    0.00    0.00    0.00    0.00    0.00  100.00
01:27:20 PM    4    0.00    0.00    0.00    0.00    0.00    0.00    0.00    0.00    0.00  100.00
01:27:20 PM    5    1.98    0.00    0.00    0.00    0.00    0.00    0.00    0.00    0.00   98.02
01:27:20 PM    6    1.00    0.00    1.00    0.00    0.00    0.00    0.00    0.00    0.00   98.00
01:27:20 PM    7    0.00    0.00    0.00    0.00    0.00    0.00    0.00    0.00    0.00  100.00
01:27:20 PM    8    3.03    0.00    1.01    1.01    0.00    0.00    0.00    0.00    0.00   94.95
01:27:20 PM    9    1.01    0.00    0.00    0.00    0.00    0.00    0.00    0.00    0.00   98.99
01:27:20 PM   10    0.00    0.00    1.01    0.00    0.00    0.00    0.00    0.00    0.00   98.99
01:27:20 PM   11    1.00    0.00    0.00    0.00    0.00    0.00    0.00    0.00    0.00   99.00
01:27:20 PM   12    0.00    0.00    1.00    0.00    0.00    0.00    0.00    0.00    0.00   99.00
01:27:20 PM   13    0.00    0.00    1.00    0.00    0.00    0.00    0.00    0.00    0.00   99.00
01:27:20 PM   14    3.00    0.00    3.00    0.00    0.00    0.00    0.00    0.00    0.00   94.00
01:27:20 PM   15    1.00    0.00    0.00    0.00    0.00    0.00    0.00    0.00    0.00   99.00
01:27:20 PM   16    0.99    0.00    0.99    0.99    0.00    0.00    0.00    0.00    0.00   97.03
01:27:20 PM   17    3.00    0.00    0.00    0.00    0.00    0.00    0.00    0.00    0.00   97.00
01:27:20 PM   18    9.78    0.00   19.57    0.00    0.00    0.00    0.00    0.00    0.00   70.65
01:27:20 PM   19   10.10    0.00   31.31    0.00    0.00    0.00    0.00    0.00    0.00   58.59
01:27:20 PM   20    0.00    0.00    0.00    0.00    0.00    0.00    0.00    0.00    0.00  100.00
01:27:20 PM   21    0.00    0.00    0.00    0.00    0.00    0.00    0.00    0.00    0.00  100.00
01:27:20 PM   22    0.00    0.00    0.00    0.00    0.00    0.00    0.00    0.00    0.00  100.00
01:27:20 PM   23    0.00    0.00    0.00    0.00    0.00    0.00    0.00    0.00    0.00  100.00
01:27:20 PM   24    0.00    0.00    0.00    0.00    0.00    0.00    0.00    0.00    0.00  100.00
01:27:20 PM   25    0.00    0.00    0.00    0.00    0.00    0.00    0.00    0.00    0.00  100.00
01:27:20 PM   26    2.00    0.00    1.00    0.00    0.00    0.00    0.00    0.00    0.00   97.00
01:27:20 PM   27    1.01    0.00    0.00    0.00    0.00    0.00    0.00    0.00    0.00   98.99
01:27:20 PM   28    1.00    0.00    1.00    0.00    0.00    0.00    0.00    0.00    0.00   98.00
01:27:20 PM   29    0.99    0.00    0.99    0.00    0.00    0.00    0.00    0.00    0.00   98.02
01:27:20 PM   30    0.00    0.00    0.00    1.01    0.00    0.00    0.00    0.00    0.00   98.99
01:27:20 PM   31    0.00    0.00    0.00    1.01    0.00    0.00    0.00    0.00    0.00   98.99
01:27:20 PM   32    0.00    0.00    1.00    0.00    0.00    0.00    0.00    0.00    0.00   99.00
01:27:20 PM   33    0.00    0.00    0.00    0.00    0.00    0.00    0.00    0.00    0.00  100.00
01:27:20 PM   34    1.00    0.00    0.00    1.00    0.00    0.00    0.00    0.00    0.00   98.00
01:27:20 PM   35    0.00    0.00    1.01    0.00    0.00    0.00    0.00    0.00    0.00   98.99

01:27:20 PM  CPU    %usr   %nice    %sys %iowait    %irq   %soft  %steal  %guest  %gnice   %idle
01:27:21 PM  all    2.02    0.00    3.72    0.06    0.00    0.11    0.00    0.00    0.00   94.09
01:27:21 PM    0    0.00    0.00    0.00    0.00    0.00    3.03    0.00    0.00    0.00   96.97
01:27:21 PM    1    0.00    0.00    1.00    0.00    0.00    0.00    0.00    0.00    0.00   99.00
01:27:21 PM    2    1.00    0.00    0.00    0.00    0.00    0.00    0.00    0.00    0.00   99.00
01:27:21 PM    3    0.00    0.00    0.00    0.00    0.00    0.00    0.00    0.00    0.00  100.00
01:27:21 PM    4    1.01    0.00    1.01    0.00    0.00    0.00    0.00    0.00    0.00   97.98
01:27:21 PM    5    0.00    0.00    1.01    0.00    0.00    0.00    0.00    0.00    0.00   98.99
01:27:21 PM    6    1.00    0.00    0.00    0.00    0.00    0.00    0.00    0.00    0.00   99.00
01:27:21 PM    7    1.01    0.00    0.00    0.00    0.00    0.00    0.00    0.00    0.00   98.99
01:27:21 PM    8    1.01    0.00    0.00    0.00    0.00    0.00    0.00    0.00    0.00   98.99
01:27:21 PM    9    0.00    0.00    0.00    0.00    0.00    0.00    0.00    0.00    0.00  100.00
01:27:21 PM   10    2.00    0.00    0.00    0.00    0.00    0.00    0.00    0.00    0.00   98.00
01:27:21 PM   11    1.01    0.00    0.00    0.00    0.00    0.00    0.00    0.00    0.00   98.99
01:27:21 PM   12    1.01    0.00    0.00    1.01    0.00    0.00    0.00    0.00    0.00   97.98
01:27:21 PM   13    0.00    0.00    0.00    0.00    0.00    0.00    0.00    0.00    0.00  100.00
01:27:21 PM   14    0.00    0.00    1.00    1.00    0.00    0.00    0.00    0.00    0.00   98.00
01:27:21 PM   15    1.00    0.00    1.00    0.00    0.00    0.00    0.00    0.00    0.00   98.00
01:27:21 PM   16    2.04    0.00    0.00    0.00    0.00    0.00    0.00    0.00    0.00   97.96
01:27:21 PM   17    3.00    0.00    7.00    0.00    0.00    1.00    0.00    0.00    0.00   89.00
01:27:21 PM   18   29.47    0.00   48.42    0.00    0.00    0.00    0.00    0.00    0.00   22.11
01:27:21 PM   19   18.18    0.00   72.73    0.00    0.00    0.00    0.00    0.00    0.00    9.09
01:27:21 PM   20    1.01    0.00    0.00    0.00    0.00    0.00    0.00    0.00    0.00   98.99
01:27:21 PM   21    0.00    0.00    0.00    0.00    0.00    0.00    0.00    0.00    0.00  100.00
01:27:21 PM   22    0.00    0.00    0.00    0.00    0.00    0.00    0.00    0.00    0.00  100.00
01:27:21 PM   23    1.00    0.00    0.00    0.00    0.00    0.00    0.00    0.00    0.00   99.00
01:27:21 PM   24    1.01    0.00    0.00    0.00    0.00    0.00    0.00    0.00    0.00   98.99
01:27:21 PM   25    0.00    0.00    0.00    0.00    0.00    0.00    0.00    0.00    0.00  100.00
01:27:21 PM   26    0.00    0.00    0.00    0.00    0.00    0.00    0.00    0.00    0.00  100.00
01:27:21 PM   27    1.98    0.00    0.99    0.00    0.00    0.00    0.00    0.00    0.00   97.03
01:27:21 PM   28    0.00    0.00    2.00    0.00    0.00    0.00    0.00    0.00    0.00   98.00
01:27:21 PM   29    0.00    0.00    0.00    0.00    0.00    0.00    0.00    0.00    0.00  100.00
01:27:21 PM   30    1.98    0.00    0.00    0.00    0.00    0.00    0.00    0.00    0.00   98.02
01:27:21 PM   31    0.00    0.00    0.00    0.00    0.00    0.00    0.00    0.00    0.00  100.00
01:27:21 PM   32    1.00    0.00    0.00    0.00    0.00    0.00    0.00    0.00    0.00   99.00
01:27:21 PM   33    1.01    0.00    0.00    0.00    0.00    0.00    0.00    0.00    0.00   98.99
01:27:21 PM   34    1.00    0.00    0.00    0.00    0.00    0.00    0.00    0.00    0.00   99.00
01:27:21 PM   35    1.00    0.00    0.00    0.00    0.00    0.00    0.00    0.00    0.00   99.00

01:27:21 PM  CPU    %usr   %nice    %sys %iowait    %irq   %soft  %steal  %guest  %gnice   %idle
01:27:22 PM  all    1.93    0.00    4.11    0.14    0.00    0.11    0.00    0.00    0.00   93.71
01:27:22 PM    0    1.00    0.00    2.00    0.00    0.00    1.00    0.00    0.00    0.00   96.00
01:27:22 PM    1    1.00    0.00    0.00    0.00    0.00    1.00    0.00    0.00    0.00   98.00
01:27:22 PM    2    1.00    0.00    0.00    0.00    0.00    0.00    0.00    0.00    0.00   99.00
01:27:22 PM    3    1.00    0.00    1.00    0.00    0.00    0.00    0.00    0.00    0.00   98.00
01:27:22 PM    4    0.00    0.00    1.00    0.00    0.00    0.00    0.00    0.00    0.00   99.00
01:27:22 PM    5    1.01    0.00    1.01    0.00    0.00    0.00    0.00    0.00    0.00   97.98
01:27:22 PM    6    2.02    0.00    0.00    0.00    0.00    0.00    0.00    0.00    0.00   97.98
01:27:22 PM    7    0.00    0.00    2.00    0.00    0.00    0.00    0.00    0.00    0.00   98.00
01:27:22 PM    8    1.00    0.00    1.00    0.00    0.00    0.00    0.00    0.00    0.00   98.00
01:27:22 PM    9    0.99    0.00    1.98    0.00    0.00    0.00    0.00    0.00    0.00   97.03
01:27:22 PM   10    0.00    0.00    1.00    0.00    0.00    0.00    0.00    0.00    0.00   99.00
01:27:22 PM   11    1.00    0.00    0.00    0.00    0.00    1.00    0.00    0.00    0.00   98.00
01:27:22 PM   12    1.00    0.00    2.00    0.00    0.00    0.00    0.00    0.00    0.00   97.00
01:27:22 PM   13    0.00    0.00    1.98    0.99    0.00    0.00    0.00    0.00    0.00   97.03
01:27:22 PM   14    1.00    0.00    2.00    1.00    0.00    0.00    0.00    0.00    0.00   96.00
01:27:22 PM   15    0.00    0.00    1.01    0.00    0.00    0.00    0.00    0.00    0.00   98.99
01:27:22 PM   16    3.03    0.00    1.01    0.00    0.00    0.00    0.00    0.00    0.00   95.96
01:27:22 PM   17    1.98    0.00    0.00    0.99    0.00    0.00    0.00    0.00    0.00   97.03
01:27:22 PM   18   24.47    0.00   53.19    0.00    0.00    0.00    0.00    0.00    0.00   22.34
01:27:22 PM   19   21.43    0.00   73.47    0.00    0.00    0.00    0.00    0.00    0.00    5.10
01:27:22 PM   20    1.01    0.00    0.00    0.00    0.00    0.00    0.00    0.00    0.00   98.99
01:27:22 PM   21    1.01    0.00    0.00    0.00    0.00    0.00    0.00    0.00    0.00   98.99
01:27:22 PM   22    0.00    0.00    1.01    0.00    0.00    0.00    0.00    0.00    0.00   98.99
01:27:22 PM   23    1.02    0.00    0.00    0.00    0.00    0.00    0.00    0.00    0.00   98.98
01:27:22 PM   24    0.00    0.00    0.00    1.01    0.00    0.00    0.00    0.00    0.00   98.99
01:27:22 PM   25    0.00    0.00    0.00    1.01    0.00    0.00    0.00    0.00    0.00   98.99
01:27:22 PM   26    0.00    0.00    0.00    0.00    0.00    0.00    0.00    0.00    0.00  100.00
01:27:22 PM   27    0.00    0.00    1.00    0.00    0.00    0.00    0.00    0.00    0.00   99.00
01:27:22 PM   28    1.00    0.00    0.00    0.00    0.00    0.00    0.00    0.00    0.00   99.00
01:27:22 PM   29    1.00    0.00    0.00    0.00    0.00    0.00    0.00    0.00    0.00   99.00
01:27:22 PM   30    0.00    0.00    0.00    0.00    0.00    0.00    0.00    0.00    0.00  100.00
01:27:22 PM   31    0.99    0.00    0.99    0.00    0.00    0.99    0.00    0.00    0.00   97.03
01:27:22 PM   32    0.00    0.00    1.01    0.00    0.00    0.00    0.00    0.00    0.00   98.99
01:27:22 PM   33    1.00    0.00    1.00    0.00    0.00    0.00    0.00    0.00    0.00   98.00
01:27:22 PM   34    0.00    0.00    1.02    0.00    0.00    0.00    0.00    0.00    0.00   98.98
01:27:22 PM   35    1.02    0.00    0.00    0.00    0.00    0.00    0.00    0.00    0.00   98.98

01:27:22 PM  CPU    %usr   %nice    %sys %iowait    %irq   %soft  %steal  %guest  %gnice   %idle
01:27:23 PM  all    2.38    0.00    3.78    0.00    0.00    0.11    0.00    0.00    0.00   93.73
01:27:23 PM    0    0.00    0.00    0.00    0.00    0.00    0.00    0.00    0.00    0.00  100.00
01:27:23 PM    1    2.97    0.00    0.99    0.00    0.00    0.00    0.00    0.00    0.00   96.04
01:27:23 PM    2    0.98    0.00    1.96    0.00    0.00    0.98    0.00    0.00    0.00   96.08
01:27:23 PM    3    1.00    0.00    0.00    0.00    0.00    0.00    0.00    0.00    0.00   99.00
01:27:23 PM    4    2.91    0.00    1.94    0.00    0.00    0.00    0.00    0.00    0.00   95.15
01:27:23 PM    5    1.00    0.00    1.00    0.00    0.00    0.00    0.00    0.00    0.00   98.00
01:27:23 PM    6    1.01    0.00    0.00    0.00    0.00    0.00    0.00    0.00    0.00   98.99
01:27:23 PM    7    1.01    0.00    0.00    0.00    0.00    0.00    0.00    0.00    0.00   98.99
01:27:23 PM    8    0.00    0.00    0.00    0.00    0.00    0.00    0.00    0.00    0.00  100.00
01:27:23 PM    9    0.00    0.00    0.00    0.00    0.00    1.01    0.00    0.00    0.00   98.99
01:27:23 PM   10    0.00    0.00    0.00    0.00    0.00    0.00    0.00    0.00    0.00  100.00
01:27:23 PM   11    0.00    0.00    1.01    0.00    0.00    0.00    0.00    0.00    0.00   98.99
01:27:23 PM   12    1.00    0.00    0.00    0.00    0.00    0.00    0.00    0.00    0.00   99.00
01:27:23 PM   13    0.00    0.00    0.00    0.00    0.00    1.01    0.00    0.00    0.00   98.99
01:27:23 PM   14    1.96    0.00    0.98    0.00    0.00    0.00    0.00    0.00    0.00   97.06
01:27:23 PM   15    0.00    0.00    0.00    0.00    0.00    0.00    0.00    0.00    0.00  100.00
01:27:23 PM   16    0.00    0.00    1.01    0.00    0.00    0.00    0.00    0.00    0.00   98.99
01:27:23 PM   17    2.02    0.00    6.06    0.00    0.00    0.00    0.00    0.00    0.00   91.92
01:27:23 PM   18   25.29    0.00   50.57    0.00    0.00    0.00    0.00    0.00    0.00   24.14
01:27:23 PM   19   26.26    0.00   67.68    0.00    0.00    0.00    0.00    0.00    0.00    6.06
01:27:23 PM   20    3.96    0.00    1.98    0.00    0.00    0.00    0.00    0.00    0.00   94.06
01:27:23 PM   21    2.00    0.00    1.00    0.00    0.00    0.00    0.00    0.00    0.00   97.00
01:27:23 PM   22    1.01    0.00    0.00    0.00    0.00    1.01    0.00    0.00    0.00   97.98
01:27:23 PM   23    2.02    0.00    0.00    0.00    0.00    0.00    0.00    0.00    0.00   97.98
01:27:23 PM   24    2.04    0.00    0.00    0.00    0.00    0.00    0.00    0.00    0.00   97.96
01:27:23 PM   25    1.01    0.00    1.01    0.00    0.00    0.00    0.00    0.00    0.00   97.98
01:27:23 PM   26    1.98    0.00    0.99    0.00    0.00    0.00    0.00    0.00    0.00   97.03
01:27:23 PM   27    0.00    0.00    0.00    0.00    0.00    0.00    0.00    0.00    0.00  100.00
01:27:23 PM   28    0.00    0.00    1.00    0.00    0.00    0.00    0.00    0.00    0.00   99.00
01:27:23 PM   29    0.00    0.00    1.00    0.00    0.00    0.00    0.00    0.00    0.00   99.00
01:27:23 PM   30    0.00    0.00    0.00    0.00    0.00    0.00    0.00    0.00    0.00  100.00
01:27:23 PM   31    1.00    0.00    0.00    0.00    0.00    0.00    0.00    0.00    0.00   99.00
01:27:23 PM   32    1.98    0.00    0.99    0.00    0.00    0.00    0.00    0.00    0.00   97.03
01:27:23 PM   33    1.00    0.00    1.00    0.00    0.00    0.00    0.00    0.00    0.00   98.00
01:27:23 PM   34    2.02    0.00    0.00    0.00    0.00    0.00    0.00    0.00    0.00   97.98
01:27:23 PM   35    1.02    0.00    0.00    0.00    0.00    0.00    0.00    0.00    0.00   98.98

01:27:23 PM  CPU    %usr   %nice    %sys %iowait    %irq   %soft  %steal  %guest  %gnice   %idle
01:27:24 PM  all    2.07    0.00    3.87    0.03    0.00    0.17    0.00    0.00    0.00   93.86
01:27:24 PM    0    0.00    0.00    0.00    0.00    0.00    4.95    0.00    0.00    0.00   95.05
01:27:24 PM    1    2.02    0.00    0.00    0.00    0.00    0.00    0.00    0.00    0.00   97.98
01:27:24 PM    2    0.00    0.00    0.00    0.00    0.00    0.00    0.00    0.00    0.00  100.00
01:27:24 PM    3    1.00    0.00    1.00    0.00    0.00    0.00    0.00    0.00    0.00   98.00
01:27:24 PM    4    1.01    0.00    0.00    0.00    0.00    0.00    0.00    0.00    0.00   98.99
01:27:24 PM    5    1.01    0.00    0.00    0.00    0.00    0.00    0.00    0.00    0.00   98.99
01:27:24 PM    6    0.00    0.00    1.02    0.00    0.00    0.00    0.00    0.00    0.00   98.98
01:27:24 PM    7    0.00    0.00    2.00    0.00    0.00    0.00    0.00    0.00    0.00   98.00
01:27:24 PM    8    1.01    0.00    0.00    0.00    0.00    0.00    0.00    0.00    0.00   98.99
01:27:24 PM    9    2.00    0.00    1.00    0.00    0.00    0.00    0.00    0.00    0.00   97.00
01:27:24 PM   10    2.02    0.00    0.00    0.00    0.00    0.00    0.00    0.00    0.00   97.98
01:27:24 PM   11    0.00    0.00    0.00    0.00    0.00    0.00    0.00    0.00    0.00  100.00
01:27:24 PM   12    0.00    0.00    1.01    0.00    0.00    0.00    0.00    0.00    0.00   98.99
01:27:24 PM   13    1.00    0.00    0.00    1.00    0.00    0.00    0.00    0.00    0.00   98.00
01:27:24 PM   14    0.00    0.00    0.00    0.00    0.00    0.00    0.00    0.00    0.00  100.00
01:27:24 PM   15    1.01    0.00    0.00    0.00    0.00    0.00    0.00    0.00    0.00   98.99
01:27:24 PM   16    1.00    0.00    0.00    0.00    0.00    0.00    0.00    0.00    0.00   99.00
01:27:24 PM   17    2.04    0.00    6.12    0.00    0.00    0.00    0.00    0.00    0.00   91.84
01:27:24 PM   18   23.66    0.00   53.76    0.00    0.00    0.00    0.00    0.00    0.00   22.58
01:27:24 PM   19   23.47    0.00   71.43    0.00    0.00    0.00    0.00    0.00    0.00    5.10
01:27:24 PM   20    0.00    0.00    0.00    0.00    0.00    0.00    0.00    0.00    0.00  100.00
01:27:24 PM   21    1.01    0.00    0.00    0.00    0.00    0.00    0.00    0.00    0.00   98.99
01:27:24 PM   22    1.02    0.00    0.00    0.00    0.00    0.00    0.00    0.00    0.00   98.98
01:27:24 PM   23    1.98    0.00    0.99    0.00    0.00    0.00    0.00    0.00    0.00   97.03
01:27:24 PM   24    1.00    0.00    1.00    0.00    0.00    0.00    0.00    0.00    0.00   98.00
01:27:24 PM   25    1.01    0.00    0.00    0.00    0.00    0.00    0.00    0.00    0.00   98.99
01:27:24 PM   26    0.00    0.00    0.00    0.00    0.00    1.01    0.00    0.00    0.00   98.99
01:27:24 PM   27    1.00    0.00    0.00    0.00    0.00    0.00    0.00    0.00    0.00   99.00
01:27:24 PM   28    1.01    0.00    0.00    0.00    0.00    0.00    0.00    0.00    0.00   98.99
01:27:24 PM   29    1.00    0.00    0.00    0.00    0.00    0.00    0.00    0.00    0.00   99.00
01:27:24 PM   30    0.00    0.00    1.00    0.00    0.00    0.00    0.00    0.00    0.00   99.00
01:27:24 PM   31    0.99    0.00    0.99    0.00    0.00    0.00    0.00    0.00    0.00   98.02
01:27:24 PM   32    1.01    0.00    0.00    0.00    0.00    0.00    0.00    0.00    0.00   98.99
01:27:24 PM   33    0.00    0.00    0.00    0.00    0.00    0.00    0.00    0.00    0.00  100.00
01:27:24 PM   34    1.00    0.00    1.00    0.00    0.00    0.00    0.00    0.00    0.00   98.00
01:27:24 PM   35    1.98    0.00    0.99    0.00    0.00    0.00    0.00    0.00    0.00   97.03

01:27:24 PM  CPU    %usr   %nice    %sys %iowait    %irq   %soft  %steal  %guest  %gnice   %idle
01:27:25 PM  all    1.97    0.00    3.61    0.06    0.00    0.08    0.00    0.00    0.00   94.28
01:27:25 PM    0    0.00    0.00    1.02    0.00    0.00    2.04    0.00    0.00    0.00   96.94
01:27:25 PM    1    4.04    0.00    0.00    0.00    0.00    0.00    0.00    0.00    0.00   95.96
01:27:25 PM    2    1.00    0.00    1.00    0.00    0.00    0.00    0.00    0.00    0.00   98.00
01:27:25 PM    3    1.01    0.00    1.01    0.00    0.00    0.00    0.00    0.00    0.00   97.98
01:27:25 PM    4    0.00    0.00    0.00    0.00    0.00    0.00    0.00    0.00    0.00  100.00
01:27:25 PM    5    0.00    0.00    1.00    0.00    0.00    0.00    0.00    0.00    0.00   99.00
01:27:25 PM    6    1.01    0.00    0.00    0.00    0.00    0.00    0.00    0.00    0.00   98.99
01:27:25 PM    7    2.97    0.00    0.00    0.00    0.00    0.00    0.00    0.00    0.00   97.03
01:27:25 PM    8    0.00    0.00    0.00    0.00    0.00    0.00    0.00    0.00    0.00  100.00
01:27:25 PM    9    0.00    0.00    0.00    0.00    0.00    0.00    0.00    0.00    0.00  100.00
01:27:25 PM   10    2.00    0.00    1.00    0.00    0.00    0.00    0.00    0.00    0.00   97.00
01:27:25 PM   11    1.01    0.00    0.00    0.00    0.00    1.01    0.00    0.00    0.00   97.98
01:27:25 PM   12    0.00    0.00    0.00    0.00    0.00    0.00    0.00    0.00    0.00  100.00
01:27:25 PM   13    0.00    0.00    0.00    0.00    0.00    0.00    0.00    0.00    0.00  100.00
01:27:25 PM   14    1.02    0.00    0.00    0.00    0.00    0.00    0.00    0.00    0.00   98.98
01:27:25 PM   15    1.01    0.00    0.00    0.00    0.00    0.00    0.00    0.00    0.00   98.99
01:27:25 PM   16    1.00    0.00    1.00    0.00    0.00    0.00    0.00    0.00    0.00   98.00
01:27:25 PM   17    0.00    0.00    0.00    0.00    0.00    0.00    0.00    0.00    0.00  100.00
01:27:25 PM   18   22.35    0.00   52.94    0.00    0.00    0.00    0.00    0.00    0.00   24.71
01:27:25 PM   19   22.92    0.00   70.83    0.00    0.00    0.00    0.00    0.00    0.00    6.25
01:27:25 PM   20    0.00    0.00    0.00    0.00    0.00    0.00    0.00    0.00    0.00  100.00
01:27:25 PM   21    0.00    0.00    0.00    0.00    0.00    0.00    0.00    0.00    0.00  100.00
01:27:25 PM   22    1.01    0.00    1.01    0.00    0.00    0.00    0.00    0.00    0.00   97.98
01:27:25 PM   23    1.01    0.00    0.00    0.00    0.00    0.00    0.00    0.00    0.00   98.99
01:27:25 PM   24    2.02    0.00    0.00    0.00    0.00    0.00    0.00    0.00    0.00   97.98
01:27:25 PM   25    0.00    0.00    1.02    0.00    0.00    0.00    0.00    0.00    0.00   98.98
01:27:25 PM   26    0.00    0.00    1.01    1.01    0.00    0.00    0.00    0.00    0.00   97.98
01:27:25 PM   27    1.00    0.00    2.00    0.00    0.00    0.00    0.00    0.00    0.00   97.00
01:27:25 PM   28    2.94    0.00    0.98    0.98    0.00    0.00    0.00    0.00    0.00   95.10
01:27:25 PM   29    0.00    0.00    0.00    0.00    0.00    0.00    0.00    0.00    0.00  100.00
01:27:25 PM   30    0.00    0.00    0.00    0.00    0.00    0.00    0.00    0.00    0.00  100.00
01:27:25 PM   31    2.00    0.00    0.00    0.00    0.00    0.00    0.00    0.00    0.00   98.00
01:27:25 PM   32    1.01    0.00    0.00    0.00    0.00    0.00    0.00    0.00    0.00   98.99
01:27:25 PM   33    0.00    0.00    1.01    0.00    0.00    0.00    0.00    0.00    0.00   98.99
01:27:25 PM   34    1.01    0.00    1.01    0.00    0.00    0.00    0.00    0.00    0.00   97.98
01:27:25 PM   35    1.00    0.00    1.00    0.00    0.00    0.00    0.00    0.00    0.00   98.00

01:27:25 PM  CPU    %usr   %nice    %sys %iowait    %irq   %soft  %steal  %guest  %gnice   %idle
01:27:26 PM  all    2.10    0.00    3.84    0.03    0.00    0.11    0.00    0.00    0.00   93.92
01:27:26 PM    0    0.00    0.00    0.00    0.00    0.00    2.04    0.00    0.00    0.00   97.96
01:27:26 PM    1    1.98    0.00    0.99    0.00    0.00    0.99    0.00    0.00    0.00   96.04
01:27:26 PM    2    1.01    0.00    1.01    0.00    0.00    0.00    0.00    0.00    0.00   97.98
01:27:26 PM    3    1.01    0.00    0.00    0.00    0.00    0.00    0.00    0.00    0.00   98.99
01:27:26 PM    4    2.00    0.00    0.00    0.00    0.00    0.00    0.00    0.00    0.00   98.00
01:27:26 PM    5    2.02    0.00    4.04    0.00    0.00    1.01    0.00    0.00    0.00   92.93
01:27:26 PM    6    1.01    0.00    0.00    0.00    0.00    0.00    0.00    0.00    0.00   98.99
01:27:26 PM    7    0.00    0.00    1.01    0.00    0.00    0.00    0.00    0.00    0.00   98.99
01:27:26 PM    8    1.00    0.00    0.00    0.00    0.00    0.00    0.00    0.00    0.00   99.00
01:27:26 PM    9    1.00    0.00    0.00    0.00    0.00    0.00    0.00    0.00    0.00   99.00
01:27:26 PM   10    0.00    0.00    0.00    0.00    0.00    0.00    0.00    0.00    0.00  100.00
01:27:26 PM   11    1.01    0.00    0.00    0.00    0.00    0.00    0.00    0.00    0.00   98.99
01:27:26 PM   12    1.01    0.00    0.00    0.00    0.00    0.00    0.00    0.00    0.00   98.99
01:27:26 PM   13    1.01    0.00    0.00    0.00    0.00    0.00    0.00    0.00    0.00   98.99
01:27:26 PM   14    0.99    0.00    1.98    0.99    0.00    0.00    0.00    0.00    0.00   96.04
01:27:26 PM   15    0.00    0.00    0.00    0.00    0.00    0.00    0.00    0.00    0.00  100.00
01:27:26 PM   16    1.01    0.00    0.00    0.00    0.00    0.00    0.00    0.00    0.00   98.99
01:27:26 PM   17    3.96    0.00    6.93    0.00    0.00    0.00    0.00    0.00    0.00   89.11
01:27:26 PM   18   23.60    0.00   52.81    0.00    0.00    0.00    0.00    0.00    0.00   23.60
01:27:26 PM   19   23.23    0.00   71.72    0.00    0.00    0.00    0.00    0.00    0.00    5.05
01:27:26 PM   20    0.00    0.00    0.00    0.00    0.00    0.00    0.00    0.00    0.00  100.00
01:27:26 PM   21    0.00    0.00    0.00    0.00    0.00    0.00    0.00    0.00    0.00  100.00
01:27:26 PM   22    1.00    0.00    0.00    0.00    0.00    0.00    0.00    0.00    0.00   99.00
01:27:26 PM   23    0.00    0.00    0.00    0.00    0.00    0.00    0.00    0.00    0.00  100.00
01:27:26 PM   24    0.00    0.00    0.00    0.00    0.00    0.00    0.00    0.00    0.00  100.00
01:27:26 PM   25    1.98    0.00    0.00    0.00    0.00    0.00    0.00    0.00    0.00   98.02
01:27:26 PM   26    0.00    0.00    1.01    0.00    0.00    0.00    0.00    0.00    0.00   98.99
01:27:26 PM   27    2.00    0.00    0.00    0.00    0.00    0.00    0.00    0.00    0.00   98.00
01:27:26 PM   28    0.00    0.00    0.00    0.00    0.00    0.00    0.00    0.00    0.00  100.00
01:27:26 PM   29    0.00    0.00    1.00    0.00    0.00    0.00    0.00    0.00    0.00   99.00
01:27:26 PM   30    1.01    0.00    0.00    0.00    0.00    0.00    0.00    0.00    0.00   98.99
01:27:26 PM   31    1.00    0.00    0.00    0.00    0.00    0.00    0.00    0.00    0.00   99.00
01:27:26 PM   32    1.00    0.00    0.00    0.00    0.00    0.00    0.00    0.00    0.00   99.00
01:27:26 PM   33    1.96    0.00    0.98    0.00    0.00    0.00    0.00    0.00    0.00   97.06
01:27:26 PM   34    1.01    0.00    0.00    0.00    0.00    0.00    0.00    0.00    0.00   98.99
01:27:26 PM   35    0.00    0.00    0.00    0.00    0.00    0.00    0.00    0.00    0.00  100.00

01:27:26 PM  CPU    %usr   %nice    %sys %iowait    %irq   %soft  %steal  %guest  %gnice   %idle
01:27:27 PM  all    2.38    0.00    3.81    0.11    0.00    0.14    0.00    0.00    0.00   93.56
01:27:27 PM    0    0.00    0.00    1.00    0.00    0.00    4.00    0.00    0.00    0.00   95.00
01:27:27 PM    1    3.00    0.00    0.00    0.00    0.00    0.00    0.00    0.00    0.00   97.00
01:27:27 PM    2    0.00    0.00    0.00    0.00    0.00    0.00    0.00    0.00    0.00  100.00
01:27:27 PM    3    2.02    0.00    0.00    0.00    0.00    0.00    0.00    0.00    0.00   97.98
01:27:27 PM    4    1.01    0.00    0.00    1.01    0.00    0.00    0.00    0.00    0.00   97.98
01:27:27 PM    5    1.01    0.00    1.01    0.00    0.00    0.00    0.00    0.00    0.00   97.98
01:27:27 PM    6    7.07    0.00    0.00    0.00    0.00    0.00    0.00    0.00    0.00   92.93
01:27:27 PM    7    1.96    0.00    0.98    0.00    0.00    0.98    0.00    0.00    0.00   96.08
01:27:27 PM    8    2.02    0.00    0.00    0.00    0.00    0.00    0.00    0.00    0.00   97.98
01:27:27 PM    9    0.00    0.00    1.01    0.00    0.00    0.00    0.00    0.00    0.00   98.99
01:27:27 PM   10    1.00    0.00    0.00    0.00    0.00    0.00    0.00    0.00    0.00   99.00
01:27:27 PM   11    1.00    0.00    1.00    0.00    0.00    0.00    0.00    0.00    0.00   98.00
01:27:27 PM   12    1.01    0.00    0.00    1.01    0.00    0.00    0.00    0.00    0.00   97.98
01:27:27 PM   13    2.00    0.00    0.00    0.00    0.00    0.00    0.00    0.00    0.00   98.00
01:27:27 PM   14    0.00    0.00    0.00    0.00    0.00    0.00    0.00    0.00    0.00  100.00
01:27:27 PM   15    2.00    0.00    1.00    0.00    0.00    0.00    0.00    0.00    0.00   97.00
01:27:27 PM   16    0.00    0.00    0.00    0.00    0.00    0.00    0.00    0.00    0.00  100.00
01:27:27 PM   17    4.90    0.00    6.86    0.98    0.00    0.00    0.00    0.00    0.00   87.25
01:27:27 PM   18   21.18    0.00   54.12    0.00    0.00    0.00    0.00    0.00    0.00   24.71
01:27:27 PM   19   22.22    0.00   71.72    0.00    0.00    0.00    0.00    0.00    0.00    6.06
01:27:27 PM   20    1.00    0.00    0.00    1.00    0.00    0.00    0.00    0.00    0.00   98.00
01:27:27 PM   21    1.96    0.00    0.98    0.00    0.00    0.00    0.00    0.00    0.00   97.06
01:27:27 PM   22    0.00    0.00    1.02    0.00    0.00    0.00    0.00    0.00    0.00   98.98
01:27:27 PM   23    0.00    0.00    1.01    0.00    0.00    0.00    0.00    0.00    0.00   98.99
01:27:27 PM   24    1.02    0.00    0.00    0.00    0.00    0.00    0.00    0.00    0.00   98.98
01:27:27 PM   25    0.00    0.00    0.00    0.00    0.00    0.00    0.00    0.00    0.00  100.00
01:27:27 PM   26    1.00    0.00    1.00    0.00    0.00    0.00    0.00    0.00    0.00   98.00
01:27:27 PM   27    1.01    0.00    0.00    0.00    0.00    0.00    0.00    0.00    0.00   98.99
01:27:27 PM   28    0.99    0.00    0.99    0.00    0.00    0.00    0.00    0.00    0.00   98.02
01:27:27 PM   29    1.00    0.00    0.00    0.00    0.00    0.00    0.00    0.00    0.00   99.00
01:27:27 PM   30    1.00    0.00    0.00    0.00    0.00    0.00    0.00    0.00    0.00   99.00
01:27:27 PM   31    0.00    0.00    0.00    0.00    0.00    0.00    0.00    0.00    0.00  100.00
01:27:27 PM   32    2.00    0.00    0.00    0.00    0.00    0.00    0.00    0.00    0.00   98.00
01:27:27 PM   33    1.01    0.00    0.00    0.00    0.00    0.00    0.00    0.00    0.00   98.99
01:27:27 PM   34    1.01    0.00    0.00    0.00    0.00    0.00    0.00    0.00    0.00   98.99
01:27:27 PM   35    1.98    0.00    0.99    0.00    0.00    0.00    0.00    0.00    0.00   97.03

01:27:27 PM  CPU    %usr   %nice    %sys %iowait    %irq   %soft  %steal  %guest  %gnice   %idle
01:27:28 PM  all    1.80    0.00    3.48    0.00    0.00    0.08    0.00    0.00    0.00   94.63
01:27:28 PM    0    1.00    0.00    0.00    0.00    0.00    3.00    0.00    0.00    0.00   96.00
01:27:28 PM    1    1.00    0.00    0.00    0.00    0.00    0.00    0.00    0.00    0.00   99.00
01:27:28 PM    2    1.00    0.00    0.00    0.00    0.00    0.00    0.00    0.00    0.00   99.00
01:27:28 PM    3    0.99    0.00    0.99    0.00    0.00    0.00    0.00    0.00    0.00   98.02
01:27:28 PM    4    1.01    0.00    0.00    0.00    0.00    0.00    0.00    0.00    0.00   98.99
01:27:28 PM    5    1.00    0.00    1.00    0.00    0.00    0.00    0.00    0.00    0.00   98.00
01:27:28 PM    6    0.00    0.00    1.02    0.00    0.00    0.00    0.00    0.00    0.00   98.98
01:27:28 PM    7    1.00    0.00    0.00    0.00    0.00    0.00    0.00    0.00    0.00   99.00
01:27:28 PM    8    1.00    0.00    1.00    0.00    0.00    0.00    0.00    0.00    0.00   98.00
01:27:28 PM    9    1.00    0.00    0.00    0.00    0.00    0.00    0.00    0.00    0.00   99.00
01:27:28 PM   10    1.01    0.00    0.00    0.00    0.00    0.00    0.00    0.00    0.00   98.99
01:27:28 PM   11    0.00    0.00    0.00    0.00    0.00    0.00    0.00    0.00    0.00  100.00
01:27:28 PM   12    0.00    0.00    1.00    0.00    0.00    0.00    0.00    0.00    0.00   99.00
01:27:28 PM   13    0.99    0.00    0.99    0.00    0.00    0.00    0.00    0.00    0.00   98.02
01:27:28 PM   14    1.00    0.00    0.00    0.00    0.00    0.00    0.00    0.00    0.00   99.00
01:27:28 PM   15    0.00    0.00    1.01    0.00    0.00    0.00    0.00    0.00    0.00   98.99
01:27:28 PM   16    1.01    0.00    0.00    0.00    0.00    0.00    0.00    0.00    0.00   98.99
01:27:28 PM   17    1.01    0.00    0.00    0.00    0.00    0.00    0.00    0.00    0.00   98.99
01:27:28 PM   18   24.42    0.00   51.16    0.00    0.00    0.00    0.00    0.00    0.00   24.42
01:27:28 PM   19   22.45    0.00   72.45    0.00    0.00    0.00    0.00    0.00    0.00    5.10
01:27:28 PM   20    1.01    0.00    0.00    0.00    0.00    0.00    0.00    0.00    0.00   98.99
01:27:28 PM   21    0.00    0.00    0.00    0.00    0.00    0.00    0.00    0.00    0.00  100.00
01:27:28 PM   22    1.02    0.00    0.00    0.00    0.00    0.00    0.00    0.00    0.00   98.98
01:27:28 PM   23    0.00    0.00    0.00    0.00    0.00    0.00    0.00    0.00    0.00  100.00
01:27:28 PM   24    0.00    0.00    0.00    0.00    0.00    0.00    0.00    0.00    0.00  100.00
01:27:28 PM   25    0.00    0.00    1.00    0.00    0.00    0.00    0.00    0.00    0.00   99.00
01:27:28 PM   26    0.00    0.00    0.00    0.00    0.00    0.00    0.00    0.00    0.00  100.00
01:27:28 PM   27    0.00    0.00    0.00    0.00    0.00    0.00    0.00    0.00    0.00  100.00
01:27:28 PM   28    0.00    0.00    0.00    0.00    0.00    0.00    0.00    0.00    0.00  100.00
01:27:28 PM   29    1.00    0.00    1.00    0.00    0.00    0.00    0.00    0.00    0.00   98.00
01:27:28 PM   30    0.00    0.00    0.00    0.00    0.00    0.00    0.00    0.00    0.00  100.00
01:27:28 PM   31    1.01    0.00    0.00    0.00    0.00    0.00    0.00    0.00    0.00   98.99
01:27:28 PM   32    1.00    0.00    0.00    0.00    0.00    0.00    0.00    0.00    0.00   99.00
01:27:28 PM   33    1.01    0.00    0.00    0.00    0.00    0.00    0.00    0.00    0.00   98.99
01:27:28 PM   34    1.01    0.00    0.00    0.00    0.00    0.00    0.00    0.00    0.00   98.99
01:27:28 PM   35    0.00    0.00    0.00    0.00    0.00    0.00    0.00    0.00    0.00  100.00

01:27:28 PM  CPU    %usr   %nice    %sys %iowait    %irq   %soft  %steal  %guest  %gnice   %idle
01:27:29 PM  all    1.74    0.00    3.77    0.08    0.00    0.08    0.00    0.00    0.00   94.32
01:27:29 PM    0    0.00    0.00    0.00    0.00    0.00    2.04    0.00    0.00    0.00   97.96
01:27:29 PM    1    1.00    0.00    1.00    1.00    0.00    0.00    0.00    0.00    0.00   97.00
01:27:29 PM    2    1.00    0.00    1.00    0.00    0.00    0.00    0.00    0.00    0.00   98.00
01:27:29 PM    3    0.00    0.00    0.00    0.00    0.00    0.00    0.00    0.00    0.00  100.00
01:27:29 PM    4    0.00    0.00    0.00    0.00    0.00    0.00    0.00    0.00    0.00  100.00
01:27:29 PM    5    0.00    0.00    0.00    1.00    0.00    1.00    0.00    0.00    0.00   98.00
01:27:29 PM    6    0.00    0.00    0.00    0.00    0.00    0.00    0.00    0.00    0.00  100.00
01:27:29 PM    7    1.00    0.00    1.00    0.00    0.00    0.00    0.00    0.00    0.00   98.00
01:27:29 PM    8    0.00    0.00    0.00    0.00    0.00    0.00    0.00    0.00    0.00  100.00
01:27:29 PM    9    0.00    0.00    0.00    0.00    0.00    0.00    0.00    0.00    0.00  100.00
01:27:29 PM   10    0.00    0.00    0.00    1.01    0.00    0.00    0.00    0.00    0.00   98.99
01:27:29 PM   11    1.01    0.00    0.00    0.00    0.00    0.00    0.00    0.00    0.00   98.99
01:27:29 PM   12    0.00    0.00    0.00    0.00    0.00    0.00    0.00    0.00    0.00  100.00
01:27:29 PM   13    0.00    0.00    0.00    0.00    0.00    0.00    0.00    0.00    0.00  100.00
01:27:29 PM   14    0.00    0.00    0.00    0.00    0.00    0.00    0.00    0.00    0.00  100.00
01:27:29 PM   15    0.00    0.00    0.00    0.00    0.00    0.00    0.00    0.00    0.00  100.00
01:27:29 PM   16    1.01    0.00    0.00    0.00    0.00    0.00    0.00    0.00    0.00   98.99
01:27:29 PM   17    3.06    0.00    6.12    0.00    0.00    0.00    0.00    0.00    0.00   90.82
01:27:29 PM   18   20.65    0.00   56.52    0.00    0.00    0.00    0.00    0.00    0.00   22.83
01:27:29 PM   19   24.49    0.00   69.39    0.00    0.00    0.00    0.00    0.00    0.00    6.12
01:27:29 PM   20    0.00    0.00    0.00    0.00    0.00    0.00    0.00    0.00    0.00  100.00
01:27:29 PM   21    1.00    0.00    0.00    0.00    0.00    0.00    0.00    0.00    0.00   99.00
01:27:29 PM   22    1.00    0.00    1.00    0.00    0.00    0.00    0.00    0.00    0.00   98.00
01:27:29 PM   23    0.00    0.00    0.00    0.00    0.00    0.00    0.00    0.00    0.00  100.00
01:27:29 PM   24    1.01    0.00    0.00    0.00    0.00    0.00    0.00    0.00    0.00   98.99
01:27:29 PM   25    0.00    0.00    0.00    0.00    0.00    0.00    0.00    0.00    0.00  100.00
01:27:29 PM   26    1.00    0.00    1.00    0.00    0.00    0.00    0.00    0.00    0.00   98.00
01:27:29 PM   27    0.00    0.00    0.00    0.00    0.00    0.00    0.00    0.00    0.00  100.00
01:27:29 PM   28    0.99    0.00    0.99    0.00    0.00    0.00    0.00    0.00    0.00   98.02
01:27:29 PM   29    1.00    0.00    0.00    0.00    0.00    0.00    0.00    0.00    0.00   99.00
01:27:29 PM   30    1.00    0.00    0.00    0.00    0.00    0.00    0.00    0.00    0.00   99.00
01:27:29 PM   31    1.00    0.00    0.00    0.00    0.00    0.00    0.00    0.00    0.00   99.00
01:27:29 PM   32    0.00    0.00    0.00    0.00    0.00    0.00    0.00    0.00    0.00  100.00
01:27:29 PM   33    0.00    0.00    0.00    0.00    0.00    0.00    0.00    0.00    0.00  100.00
01:27:29 PM   34    1.01    0.00    1.01    0.00    0.00    0.00    0.00    0.00    0.00   97.98
01:27:29 PM   35    1.98    0.00    0.99    0.00    0.00    0.00    0.00    0.00    0.00   97.03

Average:     CPU    %usr   %nice    %sys %iowait    %irq   %soft  %steal  %guest  %gnice   %idle
Average:     all    1.96    0.00    3.58    0.06    0.00    0.11    0.00    0.00    0.00   94.29
Average:       0    0.40    0.00    0.50    0.00    0.00    2.52    0.00    0.00    0.00   96.57
Average:       1    1.70    0.00    0.40    0.10    0.00    0.20    0.00    0.00    0.00   97.60
Average:       2    0.80    0.00    0.50    0.00    0.00    0.10    0.00    0.00    0.00   98.60
Average:       3    0.80    0.00    0.40    0.00    0.00    0.00    0.00    0.00    0.00   98.79
Average:       4    0.91    0.00    0.40    0.10    0.00    0.00    0.00    0.00    0.00   98.59
Average:       5    0.90    0.00    1.00    0.10    0.00    0.20    0.00    0.00    0.00   97.79
Average:       6    1.42    0.00    0.30    0.00    0.00    0.00    0.00    0.00    0.00   98.28
Average:       7    0.90    0.00    0.70    0.00    0.00    0.10    0.00    0.00    0.00   98.30
Average:       8    1.01    0.00    0.30    0.10    0.00    0.00    0.00    0.00    0.00   98.59
Average:       9    0.60    0.00    0.40    0.00    0.00    0.10    0.00    0.00    0.00   98.89
Average:      10    0.81    0.00    0.30    0.10    0.00    0.00    0.00    0.00    0.00   98.79
Average:      11    0.70    0.00    0.20    0.00    0.00    0.20    0.00    0.00    0.00   98.89
Average:      12    0.50    0.00    0.50    0.20    0.00    0.00    0.00    0.00    0.00   98.79
Average:      13    0.50    0.00    0.40    0.20    0.00    0.10    0.00    0.00    0.00   98.79
Average:      14    0.91    0.00    0.91    0.30    0.00    0.00    0.00    0.00    0.00   97.89
Average:      15    0.60    0.00    0.40    0.00    0.00    0.00    0.00    0.00    0.00   98.99
Average:      16    1.11    0.00    0.40    0.10    0.00    0.00    0.00    0.00    0.00   98.39
Average:      17    2.51    0.00    3.92    0.20    0.00    0.10    0.00    0.00    0.00   93.27
Average:      18   22.49    0.00   49.22    0.00    0.00    0.00    0.00    0.00    0.00   28.29
Average:      19   21.46    0.00   67.24    0.00    0.00    0.00    0.00    0.00    0.00   11.29
Average:      20    0.81    0.00    0.20    0.10    0.00    0.00    0.00    0.00    0.00   98.89
Average:      21    0.71    0.00    0.20    0.00    0.00    0.00    0.00    0.00    0.00   99.09
Average:      22    0.61    0.00    0.41    0.00    0.00    0.10    0.00    0.00    0.00   98.89
Average:      23    0.71    0.00    0.20    0.00    0.00    0.00    0.00    0.00    0.00   99.09
Average:      24    0.81    0.00    0.10    0.10    0.00    0.00    0.00    0.00    0.00   98.99
Average:      25    0.40    0.00    0.30    0.10    0.00    0.00    0.00    0.00    0.00   99.19
Average:      26    0.60    0.00    0.60    0.10    0.00    0.10    0.00    0.00    0.00   98.59
Average:      27    0.80    0.00    0.40    0.00    0.00    0.00    0.00    0.00    0.00   98.80
Average:      28    0.80    0.00    0.70    0.10    0.00    0.00    0.00    0.00    0.00   98.40
Average:      29    0.60    0.00    0.40    0.00    0.00    0.00    0.00    0.00    0.00   99.00
Average:      30    0.50    0.00    0.10    0.10    0.00    0.00    0.00    0.00    0.00   99.30
Average:      31    0.80    0.00    0.20    0.10    0.00    0.10    0.00    0.00    0.00   98.80
Average:      32    0.90    0.00    0.30    0.00    0.00    0.00    0.00    0.00    0.00   98.80
Average:      33    0.70    0.00    0.40    0.00    0.00    0.00    0.00    0.00    0.00   98.89
Average:      34    1.01    0.00    0.40    0.10    0.00    0.00    0.00    0.00    0.00   98.49
Average:      35    1.01    0.00    0.50    0.00    0.00    0.00    0.00    0.00    0.00   98.49
