Linux 5.15.0-186-generic (rapids4) 	07/28/2026 	_x86_64_	(36 CPU)

01:32:00 PM  CPU    %usr   %nice    %sys %iowait    %irq   %soft  %steal  %guest  %gnice   %idle
01:32:01 PM  all    1.37    0.00    3.13    0.03    0.00    1.56    0.00    0.00    0.00   93.91
01:32:01 PM    0    1.03    0.00    0.00    0.00    0.00    1.03    0.00    0.00    0.00   97.94
01:32:01 PM    1    0.00    0.00    2.00    0.00    0.00    0.00    0.00    0.00    0.00   98.00
01:32:01 PM    2    2.02    0.00    0.00    0.00    0.00    0.00    0.00    0.00    0.00   97.98
01:32:01 PM    3    2.00    0.00    0.00    0.00    0.00    0.00    0.00    0.00    0.00   98.00
01:32:01 PM    4    0.00    0.00    1.00    0.00    0.00    0.00    0.00    0.00    0.00   99.00
01:32:01 PM    5    1.01    0.00    0.00    1.01    0.00    0.00    0.00    0.00    0.00   97.98
01:32:01 PM    6    2.02    0.00    1.01    0.00    0.00    0.00    0.00    0.00    0.00   96.97
01:32:01 PM    7    3.03    0.00    0.00    0.00    0.00    0.00    0.00    0.00    0.00   96.97
01:32:01 PM    8    2.00    0.00    0.00    0.00    0.00    0.00    0.00    0.00    0.00   98.00
01:32:01 PM    9    2.97    0.00    2.97    0.00    0.00    0.00    0.00    0.00    0.00   94.06
01:32:01 PM   10    1.02    0.00    0.00    0.00    0.00    0.00    0.00    0.00    0.00   98.98
01:32:01 PM   11    0.99    0.00    1.98    0.00    0.00    0.00    0.00    0.00    0.00   97.03
01:32:01 PM   12    1.00    0.00    1.00    0.00    0.00    0.00    0.00    0.00    0.00   98.00
01:32:01 PM   13    1.01    0.00    6.06    0.00    0.00    0.00    0.00    0.00    0.00   92.93
01:32:01 PM   14    1.01    0.00    0.00    0.00    0.00    0.00    0.00    0.00    0.00   98.99
01:32:01 PM   15    1.01    0.00    1.01    0.00    0.00    0.00    0.00    0.00    0.00   97.98
01:32:01 PM   16    0.00    0.00    0.00    0.00    0.00    0.00    0.00    0.00    0.00  100.00
01:32:01 PM   17    2.00    0.00    1.00    0.00    0.00    0.00    0.00    0.00    0.00   97.00
01:32:01 PM   18    0.00    0.00    0.00    0.00    0.00    0.00    0.00    0.00    0.00  100.00
01:32:01 PM   19    1.00    0.00    0.00    0.00    0.00    0.00    0.00    0.00    0.00   99.00
01:32:01 PM   20   11.00    0.00   47.00    0.00    0.00   27.00    0.00    0.00    0.00   15.00
01:32:01 PM   21    1.00    0.00   46.00    0.00    0.00   28.00    0.00    0.00    0.00   25.00
01:32:01 PM   22    1.01    0.00    0.00    0.00    0.00    0.00    0.00    0.00    0.00   98.99
01:32:01 PM   23    1.01    0.00    0.00    0.00    0.00    0.00    0.00    0.00    0.00   98.99
01:32:01 PM   24    1.01    0.00    0.00    0.00    0.00    0.00    0.00    0.00    0.00   98.99
01:32:01 PM   25    2.00    0.00    0.00    0.00    0.00    0.00    0.00    0.00    0.00   98.00
01:32:01 PM   26    1.00    0.00    0.00    0.00    0.00    0.00    0.00    0.00    0.00   99.00
01:32:01 PM   27    1.00    0.00    0.00    0.00    0.00    0.00    0.00    0.00    0.00   99.00
01:32:01 PM   28    0.00    0.00    0.00    0.00    0.00    0.00    0.00    0.00    0.00  100.00
01:32:01 PM   29    1.00    0.00    0.00    0.00    0.00    0.00    0.00    0.00    0.00   99.00
01:32:01 PM   30    0.99    0.00    0.00    0.00    0.00    0.00    0.00    0.00    0.00   99.01
01:32:01 PM   31    0.00    0.00    0.00    0.00    0.00    0.00    0.00    0.00    0.00  100.00
01:32:01 PM   32    0.00    0.00    1.01    0.00    0.00    0.00    0.00    0.00    0.00   98.99
01:32:01 PM   33    1.00    0.00    0.00    0.00    0.00    0.00    0.00    0.00    0.00   99.00
01:32:01 PM   34    1.00    0.00    0.00    0.00    0.00    0.00    0.00    0.00    0.00   99.00
01:32:01 PM   35    1.00    0.00    0.00    0.00    0.00    0.00    0.00    0.00    0.00   99.00

01:32:01 PM  CPU    %usr   %nice    %sys %iowait    %irq   %soft  %steal  %guest  %gnice   %idle
01:32:02 PM  all    1.12    0.00    3.62    0.06    0.00    1.84    0.00    0.00    0.00   93.36
01:32:02 PM    0    2.04    0.00    1.02    0.00    0.00    0.00    0.00    0.00    0.00   96.94
01:32:02 PM    1    1.01    0.00    0.00    0.00    0.00    0.00    0.00    0.00    0.00   98.99
01:32:02 PM    2    1.00    0.00    1.00    0.00    0.00    0.00    0.00    0.00    0.00   98.00
01:32:02 PM    3    1.00    0.00    1.00    0.00    0.00    0.00    0.00    0.00    0.00   98.00
01:32:02 PM    4    1.96    0.00    0.98    0.98    0.00    0.98    0.00    0.00    0.00   95.10
01:32:02 PM    5    0.00    0.00    0.00    0.00    0.00    0.00    0.00    0.00    0.00  100.00
01:32:02 PM    6    1.01    0.00    0.00    0.00    0.00    0.00    0.00    0.00    0.00   98.99
01:32:02 PM    7    1.00    0.00    1.00    0.00    0.00    0.00    0.00    0.00    0.00   98.00
01:32:02 PM    8    0.00    0.00    0.00    0.00    0.00    0.00    0.00    0.00    0.00  100.00
01:32:02 PM    9    1.00    0.00    1.00    0.00    0.00    0.00    0.00    0.00    0.00   98.00
01:32:02 PM   10    1.01    0.00    0.00    0.00    0.00    0.00    0.00    0.00    0.00   98.99
01:32:02 PM   11    1.00    0.00    1.00    0.00    0.00    0.00    0.00    0.00    0.00   98.00
01:32:02 PM   12    1.01    0.00    0.00    0.00    0.00    0.00    0.00    0.00    0.00   98.99
01:32:02 PM   13    1.00    0.00    0.00    0.00    0.00    0.00    0.00    0.00    0.00   99.00
01:32:02 PM   14    1.98    0.00    0.99    0.00    0.00    0.00    0.00    0.00    0.00   97.03
01:32:02 PM   15    0.99    0.00    0.99    0.00    0.00    0.00    0.00    0.00    0.00   98.02
01:32:02 PM   16    1.98    0.00    0.99    0.00    0.00    0.00    0.00    0.00    0.00   97.03
01:32:02 PM   17    2.04    0.00    6.12    0.00    0.00    0.00    0.00    0.00    0.00   91.84
01:32:02 PM   18    1.96    0.00    0.98    0.00    0.00    0.00    0.00    0.00    0.00   97.06
01:32:02 PM   19    1.00    0.00    1.00    0.00    0.00    0.00    0.00    0.00    0.00   98.00
01:32:02 PM   20   10.00    0.00   60.00    0.00    0.00   30.00    0.00    0.00    0.00    0.00
01:32:02 PM   21    3.06    0.00   48.98    0.00    0.00   35.71    0.00    0.00    0.00   12.24
01:32:02 PM   22    0.00    0.00    0.00    0.00    0.00    0.00    0.00    0.00    0.00  100.00
01:32:02 PM   23    0.00    0.00    0.00    0.00    0.00    0.00    0.00    0.00    0.00  100.00
01:32:02 PM   24    0.00    0.00    1.01    0.00    0.00    0.00    0.00    0.00    0.00   98.99
01:32:02 PM   25    0.00    0.00    0.00    0.00    0.00    0.00    0.00    0.00    0.00  100.00
01:32:02 PM   26    0.00    0.00    0.00    0.00    0.00    0.00    0.00    0.00    0.00  100.00
01:32:02 PM   27    0.00    0.00    0.00    0.00    0.00    0.00    0.00    0.00    0.00  100.00
01:32:02 PM   28    0.00    0.00    0.00    0.00    0.00    0.00    0.00    0.00    0.00  100.00
01:32:02 PM   29    0.00    0.00    0.00    0.00    0.00    0.00    0.00    0.00    0.00  100.00
01:32:02 PM   30    0.00    0.00    0.00    0.00    0.00    0.00    0.00    0.00    0.00  100.00
01:32:02 PM   31    1.00    0.00    0.00    0.00    0.00    0.00    0.00    0.00    0.00   99.00
01:32:02 PM   32    0.99    0.00    0.99    0.00    0.00    0.00    0.00    0.00    0.00   98.02
01:32:02 PM   33    0.00    0.00    1.00    0.00    0.00    0.00    0.00    0.00    0.00   99.00
01:32:02 PM   34    0.00    0.00    1.00    1.00    0.00    0.00    0.00    0.00    0.00   98.00
01:32:02 PM   35    1.00    0.00    0.00    0.00    0.00    0.00    0.00    0.00    0.00   99.00

01:32:02 PM  CPU    %usr   %nice    %sys %iowait    %irq   %soft  %steal  %guest  %gnice   %idle
01:32:03 PM  all    1.01    0.00    3.33    0.03    0.00    1.90    0.00    0.00    0.00   93.73
01:32:03 PM    0    0.00    0.00    0.00    0.00    0.00    1.02    0.00    0.00    0.00   98.98
01:32:03 PM    1    3.00    0.00    0.00    0.00    0.00    0.00    0.00    0.00    0.00   97.00
01:32:03 PM    2    1.01    0.00    1.01    1.01    0.00    0.00    0.00    0.00    0.00   96.97
01:32:03 PM    3    1.02    0.00    0.00    0.00    0.00    0.00    0.00    0.00    0.00   98.98
01:32:03 PM    4    4.95    0.00    0.99    0.00    0.00    0.00    0.00    0.00    0.00   94.06
01:32:03 PM    5    1.01    0.00    1.01    0.00    0.00    0.00    0.00    0.00    0.00   97.98
01:32:03 PM    6    1.00    0.00    1.00    0.00    0.00    0.00    0.00    0.00    0.00   98.00
01:32:03 PM    7    0.00    0.00    0.00    0.00    0.00    0.00    0.00    0.00    0.00  100.00
01:32:03 PM    8    0.00    0.00    0.00    0.00    0.00    0.00    0.00    0.00    0.00  100.00
01:32:03 PM    9    1.00    0.00    0.00    0.00    0.00    0.00    0.00    0.00    0.00   99.00
01:32:03 PM   10    1.00    0.00    0.00    0.00    0.00    0.00    0.00    0.00    0.00   99.00
01:32:03 PM   11    0.00    0.00    1.00    0.00    0.00    0.00    0.00    0.00    0.00   99.00
01:32:03 PM   12    1.00    0.00    1.00    0.00    0.00    0.00    0.00    0.00    0.00   98.00
01:32:03 PM   13    0.00    0.00    0.00    0.00    0.00    0.00    0.00    0.00    0.00  100.00
01:32:03 PM   14    0.99    0.00    1.98    0.00    0.00    0.00    0.00    0.00    0.00   97.03
01:32:03 PM   15    0.00    0.00    0.00    0.00    0.00    0.00    0.00    0.00    0.00  100.00
01:32:03 PM   16    0.00    0.00    1.01    0.00    0.00    0.00    0.00    0.00    0.00   98.99
01:32:03 PM   17    0.99    0.00    0.99    0.00    0.00    0.00    0.00    0.00    0.00   98.02
01:32:03 PM   18    0.00    0.00    1.00    0.00    0.00    0.00    0.00    0.00    0.00   99.00
01:32:03 PM   19    1.00    0.00    0.00    0.00    0.00    0.00    0.00    0.00    0.00   99.00
01:32:03 PM   20   12.00    0.00   60.00    0.00    0.00   28.00    0.00    0.00    0.00    0.00
01:32:03 PM   21    0.00    0.00   46.81    0.00    0.00   41.49    0.00    0.00    0.00   11.70
01:32:03 PM   22    1.00    0.00    1.00    0.00    0.00    0.00    0.00    0.00    0.00   98.00
01:32:03 PM   23    1.00    0.00    1.00    0.00    0.00    0.00    0.00    0.00    0.00   98.00
01:32:03 PM   24    0.00    0.00    0.00    0.00    0.00    0.00    0.00    0.00    0.00  100.00
01:32:03 PM   25    0.00    0.00    1.00    0.00    0.00    0.00    0.00    0.00    0.00   99.00
01:32:03 PM   26    0.99    0.00    0.00    0.00    0.00    0.00    0.00    0.00    0.00   99.01
01:32:03 PM   27    0.00    0.00    0.00    0.00    0.00    0.00    0.00    0.00    0.00  100.00
01:32:03 PM   28    0.00    0.00    0.00    0.00    0.00    0.00    0.00    0.00    0.00  100.00
01:32:03 PM   29    0.00    0.00    0.00    0.00    0.00    0.00    0.00    0.00    0.00  100.00
01:32:03 PM   30    0.00    0.00    1.00    0.00    0.00    0.00    0.00    0.00    0.00   99.00
01:32:03 PM   31    0.00    0.00    0.00    0.00    0.00    0.00    0.00    0.00    0.00  100.00
01:32:03 PM   32    1.00    0.00    0.00    0.00    0.00    0.00    0.00    0.00    0.00   99.00
01:32:03 PM   33    0.00    0.00    0.00    0.00    0.00    0.00    0.00    0.00    0.00  100.00
01:32:03 PM   34    2.00    0.00    0.00    0.00    0.00    0.00    0.00    0.00    0.00   98.00
01:32:03 PM   35    0.00    0.00    0.00    0.00    0.00    0.00    0.00    0.00    0.00  100.00

01:32:03 PM  CPU    %usr   %nice    %sys %iowait    %irq   %soft  %steal  %guest  %gnice   %idle
01:32:04 PM  all    1.48    0.00    3.68    0.08    0.00    1.90    0.00    0.00    0.00   92.86
01:32:04 PM    0    0.00    0.00    1.04    1.04    0.00    0.00    0.00    0.00    0.00   97.92
01:32:04 PM    1    1.01    0.00    0.00    0.00    0.00    0.00    0.00    0.00    0.00   98.99
01:32:04 PM    2    1.01    0.00    0.00    0.00    0.00    0.00    0.00    0.00    0.00   98.99
01:32:04 PM    3    1.98    0.00    0.99    0.99    0.00    0.00    0.00    0.00    0.00   96.04
01:32:04 PM    4    1.02    0.00    0.00    0.00    0.00    0.00    0.00    0.00    0.00   98.98
01:32:04 PM    5    2.02    0.00    0.00    0.00    0.00    0.00    0.00    0.00    0.00   97.98
01:32:04 PM    6    1.96    0.00    1.96    0.00    0.00    0.00    0.00    0.00    0.00   96.08
01:32:04 PM    7    2.02    0.00    0.00    0.00    0.00    0.00    0.00    0.00    0.00   97.98
01:32:04 PM    8    1.01    0.00    0.00    0.00    0.00    0.00    0.00    0.00    0.00   98.99
01:32:04 PM    9    0.98    0.00    2.94    0.00    0.00    0.00    0.00    0.00    0.00   96.08
01:32:04 PM   10    2.02    0.00    0.00    0.00    0.00    0.00    0.00    0.00    0.00   97.98
01:32:04 PM   11    0.99    0.00    0.99    0.00    0.00    0.99    0.00    0.00    0.00   97.03
01:32:04 PM   12    0.00    0.00    0.00    0.00    0.00    0.00    0.00    0.00    0.00  100.00
01:32:04 PM   13    2.02    0.00    6.06    0.00    0.00    0.00    0.00    0.00    0.00   91.92
01:32:04 PM   14    4.90    0.00    1.96    0.00    0.00    0.00    0.00    0.00    0.00   93.14
01:32:04 PM   15    1.00    0.00    0.00    0.00    0.00    0.00    0.00    0.00    0.00   99.00
01:32:04 PM   16    1.00    0.00    0.00    0.00    0.00    0.00    0.00    0.00    0.00   99.00
01:32:04 PM   17    1.00    0.00    0.00    0.00    0.00    0.00    0.00    0.00    0.00   99.00
01:32:04 PM   18    0.00    0.00    0.00    0.00    0.00    0.00    0.00    0.00    0.00  100.00
01:32:04 PM   19    0.00    0.00    0.00    0.00    0.00    0.00    0.00    0.00    0.00  100.00
01:32:04 PM   20    9.09    0.00   56.57    0.00    0.00   34.34    0.00    0.00    0.00    0.00
01:32:04 PM   21    2.02    0.00   52.53    0.00    0.00   33.33    0.00    0.00    0.00   12.12
01:32:04 PM   22    1.01    0.00    0.00    0.00    0.00    0.00    0.00    0.00    0.00   98.99
01:32:04 PM   23    1.01    0.00    1.01    0.00    0.00    0.00    0.00    0.00    0.00   97.98
01:32:04 PM   24    2.00    0.00    1.00    0.00    0.00    0.00    0.00    0.00    0.00   97.00
01:32:04 PM   25    2.02    0.00    0.00    0.00    0.00    0.00    0.00    0.00    0.00   97.98
01:32:04 PM   26    1.00    0.00    1.00    0.00    0.00    0.00    0.00    0.00    0.00   98.00
01:32:04 PM   27    1.96    0.00    0.98    0.00    0.00    0.00    0.00    0.00    0.00   97.06
01:32:04 PM   28    1.00    0.00    0.00    0.00    0.00    0.00    0.00    0.00    0.00   99.00
01:32:04 PM   29    1.00    0.00    1.00    0.00    0.00    0.00    0.00    0.00    0.00   98.00
01:32:04 PM   30    0.00    0.00    0.00    0.00    0.00    0.00    0.00    0.00    0.00  100.00
01:32:04 PM   31    1.00    0.00    1.00    0.00    0.00    0.00    0.00    0.00    0.00   98.00
01:32:04 PM   32    1.00    0.00    0.00    0.00    0.00    0.00    0.00    0.00    0.00   99.00
01:32:04 PM   33    1.01    0.00    0.00    0.00    0.00    0.00    0.00    0.00    0.00   98.99
01:32:04 PM   34    0.00    0.00    0.00    0.00    0.00    0.00    0.00    0.00    0.00  100.00
01:32:04 PM   35    2.00    0.00    2.00    1.00    0.00    0.00    0.00    0.00    0.00   95.00

01:32:04 PM  CPU    %usr   %nice    %sys %iowait    %irq   %soft  %steal  %guest  %gnice   %idle
01:32:05 PM  all    0.89    0.00    3.43    0.06    0.00    1.98    0.00    0.00    0.00   93.64
01:32:05 PM    0    1.01    0.00    1.01    0.00    0.00    1.01    0.00    0.00    0.00   96.97
01:32:05 PM    1    1.01    0.00    0.00    0.00    0.00    0.00    0.00    0.00    0.00   98.99
01:32:05 PM    2    1.01    0.00    0.00    0.00    0.00    0.00    0.00    0.00    0.00   98.99
01:32:05 PM    3    0.00    0.00    0.00    0.00    0.00    0.00    0.00    0.00    0.00  100.00
01:32:05 PM    4    0.99    0.00    1.98    0.00    0.00    0.00    0.00    0.00    0.00   97.03
01:32:05 PM    5    0.00    0.00    1.01    0.00    0.00    0.00    0.00    0.00    0.00   98.99
01:32:05 PM    6    0.00    0.00    0.00    0.00    0.00    1.00    0.00    0.00    0.00   99.00
01:32:05 PM    7    1.00    0.00    1.00    0.00    0.00    0.00    0.00    0.00    0.00   98.00
01:32:05 PM    8    1.00    0.00    0.00    0.00    0.00    0.00    0.00    0.00    0.00   99.00
01:32:05 PM    9    1.00    0.00    0.00    0.00    0.00    0.00    0.00    0.00    0.00   99.00
01:32:05 PM   10    1.00    0.00    0.00    0.00    0.00    0.00    0.00    0.00    0.00   99.00
01:32:05 PM   11    2.00    0.00    0.00    0.00    0.00    0.00    0.00    0.00    0.00   98.00
01:32:05 PM   12    1.00    0.00    1.00    0.00    0.00    0.00    0.00    0.00    0.00   98.00
01:32:05 PM   13    3.03    0.00    5.05    0.00    0.00    0.00    0.00    0.00    0.00   91.92
01:32:05 PM   14    2.00    0.00    1.00    0.00    0.00    0.00    0.00    0.00    0.00   97.00
01:32:05 PM   15    1.00    0.00    0.00    1.00    0.00    0.00    0.00    0.00    0.00   98.00
01:32:05 PM   16    0.00    0.00    1.00    0.00    0.00    0.00    0.00    0.00    0.00   99.00
01:32:05 PM   17    1.00    0.00    0.00    1.00    0.00    0.00    0.00    0.00    0.00   98.00
01:32:05 PM   18    0.00    0.00    0.00    0.00    0.00    0.00    0.00    0.00    0.00  100.00
01:32:05 PM   19    0.00    0.00    0.99    0.00    0.00    0.00    0.00    0.00    0.00   99.01
01:32:05 PM   20    9.90    0.00   54.46    0.00    0.00   35.64    0.00    0.00    0.00    0.00
01:32:05 PM   21    2.06    0.00   51.55    0.00    0.00   34.02    0.00    0.00    0.00   12.37
01:32:05 PM   22    0.00    0.00    1.00    0.00    0.00    0.00    0.00    0.00    0.00   99.00
01:32:05 PM   23    0.99    0.00    0.99    0.00    0.00    0.00    0.00    0.00    0.00   98.02
01:32:05 PM   24    0.00    0.00    0.00    0.00    0.00    0.00    0.00    0.00    0.00  100.00
01:32:05 PM   25    0.00    0.00    1.00    0.00    0.00    0.00    0.00    0.00    0.00   99.00
01:32:05 PM   26    0.00    0.00    0.00    0.00    0.00    0.00    0.00    0.00    0.00  100.00
01:32:05 PM   27    0.00    0.00    0.00    0.00    0.00    0.00    0.00    0.00    0.00  100.00
01:32:05 PM   28    0.00    0.00    0.00    0.00    0.00    0.00    0.00    0.00    0.00  100.00
01:32:05 PM   29    0.00    0.00    0.00    0.00    0.00    0.00    0.00    0.00    0.00  100.00
01:32:05 PM   30    1.00    0.00    0.00    0.00    0.00    0.00    0.00    0.00    0.00   99.00
01:32:05 PM   31    0.00    0.00    0.00    0.00    0.00    0.00    0.00    0.00    0.00  100.00
01:32:05 PM   32    0.00    0.00    1.00    0.00    0.00    0.00    0.00    0.00    0.00   99.00
01:32:05 PM   33    0.00    0.00    0.00    0.00    0.00    0.00    0.00    0.00    0.00  100.00
01:32:05 PM   34    0.00    0.00    0.00    0.00    0.00    0.00    0.00    0.00    0.00  100.00
01:32:05 PM   35    0.00    0.00    0.00    0.00    0.00    0.00    0.00    0.00    0.00  100.00

01:32:05 PM  CPU    %usr   %nice    %sys %iowait    %irq   %soft  %steal  %guest  %gnice   %idle
01:32:06 PM  all    1.06    0.00    3.65    0.11    0.00    1.84    0.00    0.00    0.00   93.34
01:32:06 PM    0    1.00    0.00    2.00    0.00    0.00    1.00    0.00    0.00    0.00   96.00
01:32:06 PM    1    1.00    0.00    1.00    0.00    0.00    0.00    0.00    0.00    0.00   98.00
01:32:06 PM    2    0.98    0.00    1.96    0.00    0.00    0.00    0.00    0.00    0.00   97.06
01:32:06 PM    3    1.01    0.00    0.00    1.01    0.00    0.00    0.00    0.00    0.00   97.98
01:32:06 PM    4    3.03    0.00    4.04    0.00    0.00    0.00    0.00    0.00    0.00   92.93
01:32:06 PM    5    1.00    0.00    1.00    0.00    0.00    0.00    0.00    0.00    0.00   98.00
01:32:06 PM    6    2.00    0.00    0.00    0.00    0.00    0.00    0.00    0.00    0.00   98.00
01:32:06 PM    7    1.00    0.00    0.00    0.00    0.00    0.00    0.00    0.00    0.00   99.00
01:32:06 PM    8    0.00    0.00    1.01    0.00    0.00    0.00    0.00    0.00    0.00   98.99
01:32:06 PM    9    0.00    0.00    0.00    0.00    0.00    0.00    0.00    0.00    0.00  100.00
01:32:06 PM   10    0.00    0.00    1.01    0.00    0.00    0.00    0.00    0.00    0.00   98.99
01:32:06 PM   11    0.00    0.00    0.00    0.00    0.00    0.00    0.00    0.00    0.00  100.00
01:32:06 PM   12    2.00    0.00    0.00    0.00    0.00    0.00    0.00    0.00    0.00   98.00
01:32:06 PM   13    0.00    0.00    1.00    0.00    0.00    0.00    0.00    0.00    0.00   99.00
01:32:06 PM   14    0.00    0.00    0.00    0.00    0.00    0.00    0.00    0.00    0.00  100.00
01:32:06 PM   15    0.99    0.00    0.99    0.00    0.00    0.00    0.00    0.00    0.00   98.02
01:32:06 PM   16    1.01    0.00    0.00    0.00    0.00    0.00    0.00    0.00    0.00   98.99
01:32:06 PM   17    1.00    0.00    1.00    0.00    0.00    0.00    0.00    0.00    0.00   98.00
01:32:06 PM   18    1.00    0.00    0.00    0.00    0.00    0.00    0.00    0.00    0.00   99.00
01:32:06 PM   19    1.02    0.00    0.00    0.00    0.00    0.00    0.00    0.00    0.00   98.98
01:32:06 PM   20   10.10    0.00   61.62    0.00    0.00   28.28    0.00    0.00    0.00    0.00
01:32:06 PM   21    2.04    0.00   51.02    0.00    0.00   37.76    0.00    0.00    0.00    9.18
01:32:06 PM   22    1.00    0.00    1.00    0.00    0.00    0.00    0.00    0.00    0.00   98.00
01:32:06 PM   23    1.02    0.00    0.00    0.00    0.00    0.00    0.00    0.00    0.00   98.98
01:32:06 PM   24    0.00    0.00    0.00    0.00    0.00    0.00    0.00    0.00    0.00  100.00
01:32:06 PM   25    0.00    0.00    0.00    1.00    0.00    0.00    0.00    0.00    0.00   99.00
01:32:06 PM   26    0.98    0.00    0.98    0.98    0.00    0.00    0.00    0.00    0.00   97.06
01:32:06 PM   27    0.00    0.00    0.99    0.00    0.00    0.00    0.00    0.00    0.00   99.01
01:32:06 PM   28    1.00    0.00    0.00    0.00    0.00    0.00    0.00    0.00    0.00   99.00
01:32:06 PM   29    0.00    0.00    0.99    0.00    0.00    0.00    0.00    0.00    0.00   99.01
01:32:06 PM   30    0.99    0.00    0.99    0.00    0.00    0.00    0.00    0.00    0.00   98.02
01:32:06 PM   31    0.00    0.00    0.00    0.00    0.00    0.00    0.00    0.00    0.00  100.00
01:32:06 PM   32    1.00    0.00    0.00    0.00    0.00    0.00    0.00    0.00    0.00   99.00
01:32:06 PM   33    0.00    0.00    0.00    0.00    0.00    0.00    0.00    0.00    0.00  100.00
01:32:06 PM   34    1.00    0.00    0.00    0.00    0.00    0.00    0.00    0.00    0.00   99.00
01:32:06 PM   35    1.00    0.00    0.00    1.00    0.00    0.00    0.00    0.00    0.00   98.00

01:32:06 PM  CPU    %usr   %nice    %sys %iowait    %irq   %soft  %steal  %guest  %gnice   %idle
01:32:07 PM  all    0.89    0.00    3.57    0.00    0.00    1.81    0.00    0.00    0.00   93.72
01:32:07 PM    0    0.00    0.00    0.00    0.00    0.00    0.00    0.00    0.00    0.00  100.00
01:32:07 PM    1    0.00    0.00    1.00    0.00    0.00    0.00    0.00    0.00    0.00   99.00
01:32:07 PM    2    0.00    0.00    1.00    0.00    0.00    0.00    0.00    0.00    0.00   99.00
01:32:07 PM    3    0.00    0.00    0.00    0.00    0.00    0.00    0.00    0.00    0.00  100.00
01:32:07 PM    4    0.99    0.00    0.99    0.00    0.00    0.00    0.00    0.00    0.00   98.02
01:32:07 PM    5    0.00    0.00    0.00    0.00    0.00    0.00    0.00    0.00    0.00  100.00
01:32:07 PM    6    0.00    0.00    0.00    0.00    0.00    0.00    0.00    0.00    0.00  100.00
01:32:07 PM    7    2.00    0.00    0.00    0.00    0.00    0.00    0.00    0.00    0.00   98.00
01:32:07 PM    8    1.98    0.00    0.99    0.00    0.00    0.00    0.00    0.00    0.00   97.03
01:32:07 PM    9    1.01    0.00    0.00    0.00    0.00    0.00    0.00    0.00    0.00   98.99
01:32:07 PM   10    0.00    0.00    0.00    0.00    0.00    0.00    0.00    0.00    0.00  100.00
01:32:07 PM   11    0.00    0.00    0.00    0.00    0.00    0.00    0.00    0.00    0.00  100.00
01:32:07 PM   12    0.00    0.00    0.99    0.00    0.00    0.00    0.00    0.00    0.00   99.01
01:32:07 PM   13    3.03    0.00    5.05    0.00    0.00    0.00    0.00    0.00    0.00   91.92
01:32:07 PM   14    0.00    0.00    1.01    0.00    0.00    0.00    0.00    0.00    0.00   98.99
01:32:07 PM   15    0.00    0.00    0.00    0.00    0.00    0.00    0.00    0.00    0.00  100.00
01:32:07 PM   16    1.00    0.00    0.00    0.00    0.00    0.00    0.00    0.00    0.00   99.00
01:32:07 PM   17    1.00    0.00    0.00    0.00    0.00    0.00    0.00    0.00    0.00   99.00
01:32:07 PM   18    0.00    0.00    0.00    0.00    0.00    0.00    0.00    0.00    0.00  100.00
01:32:07 PM   19    0.00    0.00    0.00    0.00    0.00    0.00    0.00    0.00    0.00  100.00
01:32:07 PM   20   14.00    0.00   52.00    0.00    0.00   34.00    0.00    0.00    0.00    0.00
01:32:07 PM   21    2.02    0.00   56.57    0.00    0.00   31.31    0.00    0.00    0.00   10.10
01:32:07 PM   22    0.00    0.00    0.00    0.00    0.00    0.00    0.00    0.00    0.00  100.00
01:32:07 PM   23    1.00    0.00    0.00    0.00    0.00    0.00    0.00    0.00    0.00   99.00
01:32:07 PM   24    1.00    0.00    1.00    0.00    0.00    0.00    0.00    0.00    0.00   98.00
01:32:07 PM   25    0.99    0.00    1.98    0.00    0.00    0.00    0.00    0.00    0.00   97.03
01:32:07 PM   26    0.00    0.00    0.00    0.00    0.00    0.00    0.00    0.00    0.00  100.00
01:32:07 PM   27    0.00    0.00    1.00    0.00    0.00    0.00    0.00    0.00    0.00   99.00
01:32:07 PM   28    0.00    0.00    1.01    0.00    0.00    0.00    0.00    0.00    0.00   98.99
01:32:07 PM   29    0.00    0.00    0.00    0.00    0.00    0.00    0.00    0.00    0.00  100.00
01:32:07 PM   30    0.00    0.00    2.02    0.00    0.00    0.00    0.00    0.00    0.00   97.98
01:32:07 PM   31    1.00    0.00    1.00    0.00    0.00    0.00    0.00    0.00    0.00   98.00
01:32:07 PM   32    0.00    0.00    0.00    0.00    0.00    0.00    0.00    0.00    0.00  100.00
01:32:07 PM   33    0.00    0.00    0.00    0.00    0.00    0.00    0.00    0.00    0.00  100.00
01:32:07 PM   34    1.00    0.00    0.00    0.00    0.00    0.00    0.00    0.00    0.00   99.00
01:32:07 PM   35    0.00    0.00    1.00    0.00    0.00    0.00    0.00    0.00    0.00   99.00

01:32:07 PM  CPU    %usr   %nice    %sys %iowait    %irq   %soft  %steal  %guest  %gnice   %idle
01:32:08 PM  all    1.14    0.00    3.77    0.08    0.00    1.73    0.00    0.00    0.00   93.27
01:32:08 PM    0    2.04    0.00    0.00    0.00    0.00    0.00    0.00    0.00    0.00   97.96
01:32:08 PM    1    1.01    0.00    0.00    0.00    0.00    0.00    0.00    0.00    0.00   98.99
01:32:08 PM    2    1.01    0.00    1.01    0.00    0.00    0.00    0.00    0.00    0.00   97.98
01:32:08 PM    3    0.00    0.00    2.00    0.00    0.00    0.00    0.00    0.00    0.00   98.00
01:32:08 PM    4    1.00    0.00    1.00    0.00    0.00    0.00    0.00    0.00    0.00   98.00
01:32:08 PM    5    2.00    0.00    0.00    0.00    0.00    0.00    0.00    0.00    0.00   98.00
01:32:08 PM    6    2.02    0.00    0.00    0.00    0.00    0.00    0.00    0.00    0.00   97.98
01:32:08 PM    7    0.00    0.00    0.00    0.00    0.00    0.00    0.00    0.00    0.00  100.00
01:32:08 PM    8    1.00    0.00    0.00    0.00    0.00    0.00    0.00    0.00    0.00   99.00
01:32:08 PM    9    1.98    0.00    0.99    0.00    0.00    0.00    0.00    0.00    0.00   97.03
01:32:08 PM   10    0.00    0.00    0.00    0.00    0.00    0.00    0.00    0.00    0.00  100.00
01:32:08 PM   11    1.00    0.00    1.00    0.00    0.00    0.00    0.00    0.00    0.00   98.00
01:32:08 PM   12    2.00    0.00    0.00    1.00    0.00    0.00    0.00    0.00    0.00   97.00
01:32:08 PM   13    0.00    0.00    2.00    0.00    0.00    0.00    0.00    0.00    0.00   98.00
01:32:08 PM   14    0.00    0.00    0.00    0.00    0.00    0.00    0.00    0.00    0.00  100.00
01:32:08 PM   15    1.01    0.00    1.01    0.00    0.00    0.00    0.00    0.00    0.00   97.98
01:32:08 PM   16    0.00    0.00    1.00    0.00    0.00    0.00    0.00    0.00    0.00   99.00
01:32:08 PM   17    2.00    0.00    7.00    1.00    0.00    0.00    0.00    0.00    0.00   90.00
01:32:08 PM   18    0.00    0.00    1.00    0.00    0.00    0.00    0.00    0.00    0.00   99.00
01:32:08 PM   19    0.99    0.00    0.00    0.00    0.00    0.00    0.00    0.00    0.00   99.01
01:32:08 PM   20   12.00    0.00   58.00    0.00    0.00   30.00    0.00    0.00    0.00    0.00
01:32:08 PM   21    2.04    0.00   57.14    0.00    0.00   31.63    0.00    0.00    0.00    9.18
01:32:08 PM   22    0.00    0.00    0.00    0.00    0.00    0.00    0.00    0.00    0.00  100.00
01:32:08 PM   23    0.00    0.00    0.00    0.00    0.00    0.00    0.00    0.00    0.00  100.00
01:32:08 PM   24    1.01    0.00    0.00    0.00    0.00    0.00    0.00    0.00    0.00   98.99
01:32:08 PM   25    0.99    0.00    0.00    0.00    0.00    0.99    0.00    0.00    0.00   98.02
01:32:08 PM   26    0.00    0.00    1.01    0.00    0.00    0.00    0.00    0.00    0.00   98.99
01:32:08 PM   27    0.00    0.00    0.00    0.00    0.00    0.00    0.00    0.00    0.00  100.00
01:32:08 PM   28    1.96    0.00    0.00    0.98    0.00    0.00    0.00    0.00    0.00   97.06
01:32:08 PM   29    1.01    0.00    0.00    0.00    0.00    0.00    0.00    0.00    0.00   98.99
01:32:08 PM   30    0.00    0.00    0.00    0.00    0.00    0.00    0.00    0.00    0.00  100.00
01:32:08 PM   31    1.00    0.00    0.00    0.00    0.00    0.00    0.00    0.00    0.00   99.00
01:32:08 PM   32    1.00    0.00    0.00    0.00    0.00    0.00    0.00    0.00    0.00   99.00
01:32:08 PM   33    0.99    0.00    0.99    0.00    0.00    0.00    0.00    0.00    0.00   98.02
01:32:08 PM   34    0.00    0.00    1.01    0.00    0.00    0.00    0.00    0.00    0.00   98.99
01:32:08 PM   35    0.00    0.00    0.00    0.00    0.00    0.00    0.00    0.00    0.00  100.00

01:32:08 PM  CPU    %usr   %nice    %sys %iowait    %irq   %soft  %steal  %guest  %gnice   %idle
01:32:09 PM  all    0.89    0.00    3.43    0.00    0.00    1.81    0.00    0.00    0.00   93.87
01:32:09 PM    0    0.00    0.00    1.02    0.00    0.00    1.02    0.00    0.00    0.00   97.96
01:32:09 PM    1    0.00    0.00    0.00    0.00    0.00    0.00    0.00    0.00    0.00  100.00
01:32:09 PM    2    0.00    0.00    1.00    0.00    0.00    0.00    0.00    0.00    0.00   99.00
01:32:09 PM    3    0.00    0.00    0.00    0.00    0.00    0.00    0.00    0.00    0.00  100.00
01:32:09 PM    4    1.00    0.00    0.00    0.00    0.00    0.00    0.00    0.00    0.00   99.00
01:32:09 PM    5    0.00    0.00    0.00    0.00    0.00    0.00    0.00    0.00    0.00  100.00
01:32:09 PM    6    1.98    0.00    0.99    0.00    0.00    0.00    0.00    0.00    0.00   97.03
01:32:09 PM    7    1.00    0.00    0.00    0.00    0.00    0.00    0.00    0.00    0.00   99.00
01:32:09 PM    8    1.00    0.00    0.00    0.00    0.00    0.00    0.00    0.00    0.00   99.00
01:32:09 PM    9    0.00    0.00    0.00    0.00    0.00    0.00    0.00    0.00    0.00  100.00
01:32:09 PM   10    0.00    0.00    0.00    0.00    0.00    0.00    0.00    0.00    0.00  100.00
01:32:09 PM   11    0.00    0.00    0.00    0.00    0.00    0.00    0.00    0.00    0.00  100.00
01:32:09 PM   12    0.00    0.00    0.00    0.00    0.00    0.00    0.00    0.00    0.00  100.00
01:32:09 PM   13    1.01    0.00    0.00    0.00    0.00    0.00    0.00    0.00    0.00   98.99
01:32:09 PM   14    0.00    0.00    0.00    0.00    0.00    1.01    0.00    0.00    0.00   98.99
01:32:09 PM   15    0.00    0.00    1.00    0.00    0.00    0.00    0.00    0.00    0.00   99.00
01:32:09 PM   16    0.00    0.00    1.00    0.00    0.00    0.00    0.00    0.00    0.00   99.00
01:32:09 PM   17    0.00    0.00    0.00    0.00    0.00    0.00    0.00    0.00    0.00  100.00
01:32:09 PM   18    0.00    0.00    0.00    0.00    0.00    0.00    0.00    0.00    0.00  100.00
01:32:09 PM   19    0.00    0.00    1.00    0.00    0.00    0.00    0.00    0.00    0.00   99.00
01:32:09 PM   20   11.88    0.00   59.41    0.00    0.00   28.71    0.00    0.00    0.00    0.00
01:32:09 PM   21    3.03    0.00   53.54    0.00    0.00   34.34    0.00    0.00    0.00    9.09
01:32:09 PM   22    0.99    0.00    0.99    0.00    0.00    0.00    0.00    0.00    0.00   98.02
01:32:09 PM   23    1.00    0.00    0.00    0.00    0.00    0.00    0.00    0.00    0.00   99.00
01:32:09 PM   24    0.00    0.00    1.00    0.00    0.00    0.00    0.00    0.00    0.00   99.00
01:32:09 PM   25    0.00    0.00    0.00    0.00    0.00    0.00    0.00    0.00    0.00  100.00
01:32:09 PM   26    1.00    0.00    0.00    0.00    0.00    0.00    0.00    0.00    0.00   99.00
01:32:09 PM   27    2.00    0.00    0.00    0.00    0.00    0.00    0.00    0.00    0.00   98.00
01:32:09 PM   28    1.00    0.00    1.00    0.00    0.00    0.00    0.00    0.00    0.00   98.00
01:32:09 PM   29    0.00    0.00    0.00    0.00    0.00    0.00    0.00    0.00    0.00  100.00
01:32:09 PM   30    1.00    0.00    0.00    0.00    0.00    0.00    0.00    0.00    0.00   99.00
01:32:09 PM   31    0.99    0.00    0.99    0.00    0.00    0.00    0.00    0.00    0.00   98.02
01:32:09 PM   32    0.00    0.00    0.00    0.00    0.00    0.00    0.00    0.00    0.00  100.00
01:32:09 PM   33    1.00    0.00    0.00    0.00    0.00    0.00    0.00    0.00    0.00   99.00
01:32:09 PM   34    1.98    0.00    0.00    0.00    0.00    0.00    0.00    0.00    0.00   98.02
01:32:09 PM   35    0.00    0.00    0.00    0.00    0.00    0.00    0.00    0.00    0.00  100.00

01:32:09 PM  CPU    %usr   %nice    %sys %iowait    %irq   %soft  %steal  %guest  %gnice   %idle
01:32:10 PM  all    1.40    0.00    3.66    0.03    0.00    1.81    0.00    0.00    0.00   93.10
01:32:10 PM    0    1.03    0.00    0.00    0.00    0.00    0.00    0.00    0.00    0.00   98.97
01:32:10 PM    1    0.99    0.00    0.99    0.00    0.00    0.00    0.00    0.00    0.00   98.02
01:32:10 PM    2    2.00    0.00    0.00    0.00    0.00    0.00    0.00    0.00    0.00   98.00
01:32:10 PM    3    1.01    0.00    0.00    0.00    0.00    0.00    0.00    0.00    0.00   98.99
01:32:10 PM    4    1.00    0.00    1.00    0.00    0.00    0.00    0.00    0.00    0.00   98.00
01:32:10 PM    5    0.00    0.00    0.00    0.00    0.00    0.00    0.00    0.00    0.00  100.00
01:32:10 PM    6    2.94    0.00    0.98    0.00    0.00    0.00    0.00    0.00    0.00   96.08
01:32:10 PM    7    1.00    0.00    1.00    0.00    0.00    0.00    0.00    0.00    0.00   98.00
01:32:10 PM    8    2.00    0.00    0.00    0.00    0.00    0.00    0.00    0.00    0.00   98.00
01:32:10 PM    9    0.00    0.00    0.00    0.00    0.00    0.00    0.00    0.00    0.00  100.00
01:32:10 PM   10    1.98    0.00    0.99    0.00    0.00    0.00    0.00    0.00    0.00   97.03
01:32:10 PM   11    0.00    0.00    0.00    0.00    0.00    0.00    0.00    0.00    0.00  100.00
01:32:10 PM   12    0.00    0.00    0.00    0.00    0.00    0.00    0.00    0.00    0.00  100.00
01:32:10 PM   13    0.00    0.00    1.00    0.00    0.00    0.00    0.00    0.00    0.00   99.00
01:32:10 PM   14    1.98    0.00    0.00    0.00    0.00    0.00    0.00    0.00    0.00   98.02
01:32:10 PM   15    1.01    0.00    0.00    0.00    0.00    0.00    0.00    0.00    0.00   98.99
01:32:10 PM   16    1.01    0.00    0.00    1.01    0.00    0.00    0.00    0.00    0.00   97.98
01:32:10 PM   17    3.00    0.00    6.00    0.00    0.00    0.00    0.00    0.00    0.00   91.00
01:32:10 PM   18    1.00    0.00    1.00    0.00    0.00    0.00    0.00    0.00    0.00   98.00
01:32:10 PM   19    0.00    0.00    0.00    0.00    0.00    0.00    0.00    0.00    0.00  100.00
01:32:10 PM   20   10.00    0.00   60.00    0.00    0.00   30.00    0.00    0.00    0.00    0.00
01:32:10 PM   21    3.03    0.00   51.52    0.00    0.00   35.35    0.00    0.00    0.00   10.10
01:32:10 PM   22    0.00    0.00    0.00    0.00    0.00    0.00    0.00    0.00    0.00  100.00
01:32:10 PM   23    0.00    0.00    1.01    0.00    0.00    0.00    0.00    0.00    0.00   98.99
01:32:10 PM   24    1.98    0.00    0.99    0.00    0.00    0.00    0.00    0.00    0.00   97.03
01:32:10 PM   25    3.06    0.00    0.00    0.00    0.00    0.00    0.00    0.00    0.00   96.94
01:32:10 PM   26    0.00    0.00    0.00    0.00    0.00    0.00    0.00    0.00    0.00  100.00
01:32:10 PM   27    0.00    0.00    2.04    0.00    0.00    0.00    0.00    0.00    0.00   97.96
01:32:10 PM   28    2.94    0.00    0.98    0.00    0.00    0.00    0.00    0.00    0.00   96.08
01:32:10 PM   29    1.00    0.00    0.00    0.00    0.00    0.00    0.00    0.00    0.00   99.00
01:32:10 PM   30    2.00    0.00    0.00    0.00    0.00    0.00    0.00    0.00    0.00   98.00
01:32:10 PM   31    1.01    0.00    0.00    0.00    0.00    0.00    0.00    0.00    0.00   98.99
01:32:10 PM   32    1.02    0.00    0.00    0.00    0.00    0.00    0.00    0.00    0.00   98.98
01:32:10 PM   33    1.01    0.00    0.00    0.00    0.00    0.00    0.00    0.00    0.00   98.99
01:32:10 PM   34    1.01    0.00    1.01    0.00    0.00    0.00    0.00    0.00    0.00   97.98
01:32:10 PM   35    0.00    0.00    1.00    0.00    0.00    0.00    0.00    0.00    0.00   99.00

Average:     CPU    %usr   %nice    %sys %iowait    %irq   %soft  %steal  %guest  %gnice   %idle
Average:     all    1.12    0.00    3.53    0.05    0.00    1.82    0.00    0.00    0.00   93.48
Average:       0    0.82    0.00    0.61    0.10    0.00    0.51    0.00    0.00    0.00   97.95
Average:       1    0.90    0.00    0.50    0.00    0.00    0.00    0.00    0.00    0.00   98.59
Average:       2    1.00    0.00    0.70    0.10    0.00    0.00    0.00    0.00    0.00   98.19
Average:       3    0.80    0.00    0.40    0.20    0.00    0.00    0.00    0.00    0.00   98.59
Average:       4    1.60    0.00    1.20    0.10    0.00    0.10    0.00    0.00    0.00   97.01
Average:       5    0.71    0.00    0.30    0.10    0.00    0.00    0.00    0.00    0.00   98.89
Average:       6    1.50    0.00    0.60    0.00    0.00    0.10    0.00    0.00    0.00   97.80
Average:       7    1.21    0.00    0.30    0.00    0.00    0.00    0.00    0.00    0.00   98.49
Average:       8    1.00    0.00    0.20    0.00    0.00    0.00    0.00    0.00    0.00   98.80
Average:       9    1.00    0.00    0.80    0.00    0.00    0.00    0.00    0.00    0.00   98.20
Average:      10    0.81    0.00    0.20    0.00    0.00    0.00    0.00    0.00    0.00   98.99
Average:      11    0.60    0.00    0.60    0.00    0.00    0.10    0.00    0.00    0.00   98.70
Average:      12    0.80    0.00    0.40    0.10    0.00    0.00    0.00    0.00    0.00   98.70
Average:      13    1.11    0.00    2.62    0.00    0.00    0.00    0.00    0.00    0.00   96.27
Average:      14    1.30    0.00    0.70    0.00    0.00    0.10    0.00    0.00    0.00   97.90
Average:      15    0.70    0.00    0.50    0.10    0.00    0.00    0.00    0.00    0.00   98.69
Average:      16    0.60    0.00    0.50    0.10    0.00    0.00    0.00    0.00    0.00   98.79
Average:      17    1.40    0.00    2.20    0.20    0.00    0.00    0.00    0.00    0.00   96.19
Average:      18    0.40    0.00    0.40    0.00    0.00    0.00    0.00    0.00    0.00   99.20
Average:      19    0.50    0.00    0.30    0.00    0.00    0.00    0.00    0.00    0.00   99.20
Average:      20   11.00    0.00   56.90    0.00    0.00   30.60    0.00    0.00    0.00    1.50
Average:      21    2.04    0.00   51.58    0.00    0.00   34.25    0.00    0.00    0.00   12.13
Average:      22    0.50    0.00    0.40    0.00    0.00    0.00    0.00    0.00    0.00   99.09
Average:      23    0.70    0.00    0.40    0.00    0.00    0.00    0.00    0.00    0.00   98.89
Average:      24    0.70    0.00    0.50    0.00    0.00    0.00    0.00    0.00    0.00   98.79
Average:      25    0.90    0.00    0.40    0.10    0.00    0.10    0.00    0.00    0.00   98.49
Average:      26    0.50    0.00    0.30    0.10    0.00    0.00    0.00    0.00    0.00   99.10
Average:      27    0.50    0.00    0.50    0.00    0.00    0.00    0.00    0.00    0.00   99.00
Average:      28    0.80    0.00    0.30    0.10    0.00    0.00    0.00    0.00    0.00   98.80
Average:      29    0.40    0.00    0.20    0.00    0.00    0.00    0.00    0.00    0.00   99.40
Average:      30    0.60    0.00    0.40    0.00    0.00    0.00    0.00    0.00    0.00   99.00
Average:      31    0.60    0.00    0.30    0.00    0.00    0.00    0.00    0.00    0.00   99.10
Average:      32    0.60    0.00    0.30    0.00    0.00    0.00    0.00    0.00    0.00   99.10
Average:      33    0.50    0.00    0.20    0.00    0.00    0.00    0.00    0.00    0.00   99.30
Average:      34    0.80    0.00    0.30    0.10    0.00    0.00    0.00    0.00    0.00   98.80
Average:      35    0.50    0.00    0.40    0.20    0.00    0.00    0.00    0.00    0.00   98.90
