Linux 5.15.0-186-generic (rapids4) 	07/28/2026 	_x86_64_	(36 CPU)

12:49:01 PM  CPU    %usr   %nice    %sys %iowait    %irq   %soft  %steal  %guest  %gnice   %idle
12:49:02 PM  all    2.58    0.00    2.45    0.00    0.00    0.53    0.00    0.00    0.00   94.44
12:49:02 PM    0    2.04    0.00    0.00    0.00    0.00    0.00    0.00    0.00    0.00   97.96
12:49:02 PM    1   30.69    0.00    2.97    0.00    0.00    0.00    0.00    0.00    0.00   66.34
12:49:02 PM    2    1.98    0.00    0.99    0.00    0.00    0.00    0.00    0.00    0.00   97.03
12:49:02 PM    3    1.98    0.00    0.99    0.00    0.00    0.00    0.00    0.00    0.00   97.03
12:49:02 PM    4    1.01    0.00    0.00    0.00    0.00    0.00    0.00    0.00    0.00   98.99
12:49:02 PM    5    0.99    0.00    1.98    0.00    0.00    0.00    0.00    0.00    0.00   97.03
12:49:02 PM    6    2.00    0.00    0.00    0.00    0.00    0.00    0.00    0.00    0.00   98.00
12:49:02 PM    7    0.00    0.00    0.00    0.00    0.00    0.00    0.00    0.00    0.00  100.00
12:49:02 PM    8    2.00    0.00    1.00    0.00    0.00    0.00    0.00    0.00    0.00   97.00
12:49:02 PM    9    0.99    0.00    0.99    0.00    0.00    0.00    0.00    0.00    0.00   98.02
12:49:02 PM   10    0.98    0.00    1.96    0.00    0.00    0.00    0.00    0.00    0.00   97.06
12:49:02 PM   11    0.00    0.00    2.00    0.00    0.00    0.00    0.00    0.00    0.00   98.00
12:49:02 PM   12    1.01    0.00    5.05    0.00    0.00    0.00    0.00    0.00    0.00   93.94
12:49:02 PM   13    1.00    0.00    0.00    0.00    0.00    0.00    0.00    0.00    0.00   99.00
12:49:02 PM   14    1.01    0.00    0.00    0.00    0.00    0.00    0.00    0.00    0.00   98.99
12:49:02 PM   15    1.00    0.00    0.00    0.00    0.00    0.00    0.00    0.00    0.00   99.00
12:49:02 PM   16    1.01    0.00    0.00    0.00    0.00    0.00    0.00    0.00    0.00   98.99
12:49:02 PM   17    1.01    0.00    0.00    0.00    0.00    0.00    0.00    0.00    0.00   98.99
12:49:02 PM   18    1.98    0.00    0.99    0.00    0.00    0.00    0.00    0.00    0.00   97.03
12:49:02 PM   19    1.00    0.00    0.00    0.00    0.00    0.00    0.00    0.00    0.00   99.00
12:49:02 PM   20    0.99    0.00    0.99    0.00    0.00    0.00    0.00    0.00    0.00   98.02
12:49:02 PM   21    2.00    0.00    0.00    0.00    0.00    1.00    0.00    0.00    0.00   97.00
12:49:02 PM   22    1.01    0.00    0.00    0.00    0.00    0.00    0.00    0.00    0.00   98.99
12:49:02 PM   23    1.00    0.00    1.00    0.00    0.00    0.00    0.00    0.00    0.00   98.00
12:49:02 PM   24   13.13    0.00   56.57    0.00    0.00   14.14    0.00    0.00    0.00   16.16
12:49:02 PM   25   12.50    0.00    9.62    0.00    0.00    3.85    0.00    0.00    0.00   74.04
12:49:02 PM   26    1.01    0.00    0.00    0.00    0.00    0.00    0.00    0.00    0.00   98.99
12:49:02 PM   27    1.00    0.00    0.00    0.00    0.00    0.00    0.00    0.00    0.00   99.00
12:49:02 PM   28    1.01    0.00    0.00    0.00    0.00    0.00    0.00    0.00    0.00   98.99
12:49:02 PM   29    1.98    0.00    0.00    0.00    0.00    0.00    0.00    0.00    0.00   98.02
12:49:02 PM   30    0.00    0.00    1.00    0.00    0.00    0.00    0.00    0.00    0.00   99.00
12:49:02 PM   31    1.00    0.00    0.00    0.00    0.00    0.00    0.00    0.00    0.00   99.00
12:49:02 PM   32    0.00    0.00    0.00    0.00    0.00    0.00    0.00    0.00    0.00  100.00
12:49:02 PM   33    0.99    0.00    0.00    0.00    0.00    0.00    0.00    0.00    0.00   99.01
12:49:02 PM   34    1.00    0.00    0.00    0.00    0.00    0.00    0.00    0.00    0.00   99.00
12:49:02 PM   35    0.00    0.00    0.00    0.00    0.00    0.00    0.00    0.00    0.00  100.00

12:49:02 PM  CPU    %usr   %nice    %sys %iowait    %irq   %soft  %steal  %guest  %gnice   %idle
12:49:03 PM  all    2.90    0.00    2.37    0.08    0.00    0.75    0.00    0.00    0.00   93.89
12:49:03 PM    0    2.04    0.00    0.00    0.00    0.00    1.02    0.00    0.00    0.00   96.94
12:49:03 PM    1    2.02    0.00    1.01    0.00    0.00    0.00    0.00    0.00    0.00   96.97
12:49:03 PM    2    3.03    0.00    0.00    0.00    0.00    0.00    0.00    0.00    0.00   96.97
12:49:03 PM    3    2.00    0.00    0.00    0.00    0.00    1.00    0.00    0.00    0.00   97.00
12:49:03 PM    4    4.00    0.00    0.00    1.00    0.00    0.00    0.00    0.00    0.00   95.00
12:49:03 PM    5    2.02    0.00    0.00    0.00    0.00    0.00    0.00    0.00    0.00   97.98
12:49:03 PM    6    3.00    0.00    6.00    1.00    0.00    0.00    0.00    0.00    0.00   90.00
12:49:03 PM    7    2.00    0.00    0.00    0.00    0.00    0.00    0.00    0.00    0.00   98.00
12:49:03 PM    8    1.01    0.00    0.00    0.00    0.00    0.00    0.00    0.00    0.00   98.99
12:49:03 PM    9    3.03    0.00    0.00    0.00    0.00    0.00    0.00    0.00    0.00   96.97
12:49:03 PM   10    1.98    0.00    0.99    0.99    0.00    0.00    0.00    0.00    0.00   96.04
12:49:03 PM   11    2.02    0.00    0.00    0.00    0.00    0.00    0.00    0.00    0.00   97.98
12:49:03 PM   12    5.00    0.00    1.00    0.00    0.00    0.00    0.00    0.00    0.00   94.00
12:49:03 PM   13    3.96    0.00    0.99    0.00    0.00    0.99    0.00    0.00    0.00   94.06
12:49:03 PM   14    5.00    0.00    0.00    0.00    0.00    0.00    0.00    0.00    0.00   95.00
12:49:03 PM   15    2.00    0.00    1.00    0.00    0.00    0.00    0.00    0.00    0.00   97.00
12:49:03 PM   16    2.00    0.00    1.00    0.00    0.00    0.00    0.00    0.00    0.00   97.00
12:49:03 PM   17    3.00    0.00    0.00    0.00    0.00    0.00    0.00    0.00    0.00   97.00
12:49:03 PM   18    1.01    0.00    0.00    0.00    0.00    0.00    0.00    0.00    0.00   98.99
12:49:03 PM   19    1.01    0.00    0.00    0.00    0.00    0.00    0.00    0.00    0.00   98.99
12:49:03 PM   20    1.02    0.00    0.00    0.00    0.00    0.00    0.00    0.00    0.00   98.98
12:49:03 PM   21    1.98    0.00    0.99    0.00    0.00    0.00    0.00    0.00    0.00   97.03
12:49:03 PM   22    1.02    0.00    0.00    0.00    0.00    0.00    0.00    0.00    0.00   98.98
12:49:03 PM   23    2.02    0.00    0.00    0.00    0.00    0.00    0.00    0.00    0.00   97.98
12:49:03 PM   24   18.81    0.00   62.38    0.00    0.00   18.81    0.00    0.00    0.00    0.00
12:49:03 PM   25   13.46    0.00    7.69    0.00    0.00    4.81    0.00    0.00    0.00   74.04
12:49:03 PM   26    2.00    0.00    0.00    0.00    0.00    0.00    0.00    0.00    0.00   98.00
12:49:03 PM   27    1.01    0.00    0.00    0.00    0.00    0.00    0.00    0.00    0.00   98.99
12:49:03 PM   28    1.01    0.00    0.00    0.00    0.00    0.00    0.00    0.00    0.00   98.99
12:49:03 PM   29    1.01    0.00    0.00    0.00    0.00    0.00    0.00    0.00    0.00   98.99
12:49:03 PM   30    2.02    0.00    0.00    0.00    0.00    0.00    0.00    0.00    0.00   97.98
12:49:03 PM   31    2.00    0.00    0.00    0.00    0.00    0.00    0.00    0.00    0.00   98.00
12:49:03 PM   32    2.00    0.00    0.00    0.00    0.00    0.00    0.00    0.00    0.00   98.00
12:49:03 PM   33    1.01    0.00    0.00    0.00    0.00    0.00    0.00    0.00    0.00   98.99
12:49:03 PM   34    1.01    0.00    0.00    0.00    0.00    0.00    0.00    0.00    0.00   98.99
12:49:03 PM   35    1.00    0.00    1.00    0.00    0.00    0.00    0.00    0.00    0.00   98.00

12:49:03 PM  CPU    %usr   %nice    %sys %iowait    %irq   %soft  %steal  %guest  %gnice   %idle
12:49:04 PM  all    1.56    0.00    2.20    0.06    0.00    0.72    0.00    0.00    0.00   95.46
12:49:04 PM    0    0.00    0.00    0.00    0.00    0.00    0.00    0.00    0.00    0.00  100.00
12:49:04 PM    1    1.00    0.00    0.00    0.00    0.00    0.00    0.00    0.00    0.00   99.00
12:49:04 PM    2    1.00    0.00    0.00    0.00    0.00    0.00    0.00    0.00    0.00   99.00
12:49:04 PM    3    1.01    0.00    0.00    0.00    0.00    0.00    0.00    0.00    0.00   98.99
12:49:04 PM    4    1.96    0.00    0.98    0.00    0.00    0.98    0.00    0.00    0.00   96.08
12:49:04 PM    5    2.00    0.00    0.00    0.00    0.00    0.00    0.00    0.00    0.00   98.00
12:49:04 PM    6    1.00    0.00    0.00    0.00    0.00    0.00    0.00    0.00    0.00   99.00
12:49:04 PM    7    1.00    0.00    0.00    0.00    0.00    0.00    0.00    0.00    0.00   99.00
12:49:04 PM    8    1.01    0.00    0.00    0.00    0.00    0.00    0.00    0.00    0.00   98.99
12:49:04 PM    9    0.00    0.00    1.00    0.00    0.00    0.00    0.00    0.00    0.00   99.00
12:49:04 PM   10    0.00    0.00    0.00    1.01    0.00    0.00    0.00    0.00    0.00   98.99
12:49:04 PM   11    1.01    0.00    0.00    0.00    0.00    0.00    0.00    0.00    0.00   98.99
12:49:04 PM   12    1.01    0.00    0.00    0.00    0.00    0.00    0.00    0.00    0.00   98.99
12:49:04 PM   13    0.00    0.00    0.00    0.00    0.00    0.00    0.00    0.00    0.00  100.00
12:49:04 PM   14    0.00    0.00    1.00    0.00    0.00    0.00    0.00    0.00    0.00   99.00
12:49:04 PM   15    1.00    0.00    0.00    0.00    0.00    0.00    0.00    0.00    0.00   99.00
12:49:04 PM   16    1.00    0.00    0.00    0.00    0.00    0.00    0.00    0.00    0.00   99.00
12:49:04 PM   17    1.00    0.00    1.00    0.00    0.00    0.00    0.00    0.00    0.00   98.00
12:49:04 PM   18    1.00    0.00    0.00    0.00    0.00    0.00    0.00    0.00    0.00   99.00
12:49:04 PM   19    0.00    0.00    1.00    0.00    0.00    0.00    0.00    0.00    0.00   99.00
12:49:04 PM   20    1.96    0.00    0.98    0.00    0.00    0.00    0.00    0.00    0.00   97.06
12:49:04 PM   21    0.00    0.00    0.00    0.00    0.00    0.00    0.00    0.00    0.00  100.00
12:49:04 PM   22    1.00    0.00    1.00    0.00    0.00    0.00    0.00    0.00    0.00   98.00
12:49:04 PM   23    0.00    0.00    1.01    0.00    0.00    0.00    0.00    0.00    0.00   98.99
12:49:04 PM   24   18.00    0.00   63.00    0.00    0.00   19.00    0.00    0.00    0.00    0.00
12:49:04 PM   25   11.00    0.00    6.00    0.00    0.00    6.00    0.00    0.00    0.00   77.00
12:49:04 PM   26    0.00    0.00    0.00    1.01    0.00    0.00    0.00    0.00    0.00   98.99
12:49:04 PM   27    1.01    0.00    0.00    0.00    0.00    0.00    0.00    0.00    0.00   98.99
12:49:04 PM   28    1.00    0.00    0.00    0.00    0.00    0.00    0.00    0.00    0.00   99.00
12:49:04 PM   29    1.00    0.00    1.00    0.00    0.00    0.00    0.00    0.00    0.00   98.00
12:49:04 PM   30    1.00    0.00    0.00    0.00    0.00    0.00    0.00    0.00    0.00   99.00
12:49:04 PM   31    0.99    0.00    0.99    0.00    0.00    0.00    0.00    0.00    0.00   98.02
12:49:04 PM   32    1.98    0.00    0.00    0.00    0.00    0.00    0.00    0.00    0.00   98.02
12:49:04 PM   33    1.00    0.00    0.00    0.00    0.00    0.00    0.00    0.00    0.00   99.00
12:49:04 PM   34    0.00    0.00    0.00    0.00    0.00    0.00    0.00    0.00    0.00  100.00
12:49:04 PM   35    0.00    0.00    0.00    0.00    0.00    0.00    0.00    0.00    0.00  100.00

12:49:04 PM  CPU    %usr   %nice    %sys %iowait    %irq   %soft  %steal  %guest  %gnice   %idle
12:49:05 PM  all    1.20    0.00    2.60    0.06    0.00    0.62    0.00    0.00    0.00   95.52
12:49:05 PM    0    0.00    0.00    0.00    0.00    0.00    0.00    0.00    0.00    0.00  100.00
12:49:05 PM    1    0.00    0.00    0.00    0.00    0.00    0.00    0.00    0.00    0.00  100.00
12:49:05 PM    2    0.00    0.00    0.00    0.00    0.00    0.00    0.00    0.00    0.00  100.00
12:49:05 PM    3    1.00    0.00    2.00    0.00    0.00    0.00    0.00    0.00    0.00   97.00
12:49:05 PM    4    2.02    0.00    0.00    0.00    0.00    0.00    0.00    0.00    0.00   97.98
12:49:05 PM    5    1.00    0.00    1.00    0.00    0.00    0.00    0.00    0.00    0.00   98.00
12:49:05 PM    6    3.03    0.00    6.06    0.00    0.00    0.00    0.00    0.00    0.00   90.91
12:49:05 PM    7    0.00    0.00    0.00    0.00    0.00    0.00    0.00    0.00    0.00  100.00
12:49:05 PM    8    0.00    0.00    1.00    0.00    0.00    0.00    0.00    0.00    0.00   99.00
12:49:05 PM    9    0.00    0.00    0.00    0.00    0.00    0.00    0.00    0.00    0.00  100.00
12:49:05 PM   10    2.00    0.00    0.00    0.00    0.00    0.00    0.00    0.00    0.00   98.00
12:49:05 PM   11    0.99    0.00    1.98    0.99    0.00    0.00    0.00    0.00    0.00   96.04
12:49:05 PM   12    2.00    0.00    0.00    0.00    0.00    0.00    0.00    0.00    0.00   98.00
12:49:05 PM   13    1.00    0.00    1.00    0.00    0.00    0.00    0.00    0.00    0.00   98.00
12:49:05 PM   14    1.01    0.00    0.00    0.00    0.00    0.00    0.00    0.00    0.00   98.99
12:49:05 PM   15    0.00    0.00    0.00    0.00    0.00    0.00    0.00    0.00    0.00  100.00
12:49:05 PM   16    0.00    0.00    0.00    0.00    0.00    0.00    0.00    0.00    0.00  100.00
12:49:05 PM   17    0.00    0.00    0.00    0.00    0.00    0.00    0.00    0.00    0.00  100.00
12:49:05 PM   18    0.99    0.00    0.99    0.00    0.00    0.00    0.00    0.00    0.00   98.02
12:49:05 PM   19    0.00    0.00    0.00    0.00    0.00    0.00    0.00    0.00    0.00  100.00
12:49:05 PM   20    0.00    0.00    0.00    0.00    0.00    0.00    0.00    0.00    0.00  100.00
12:49:05 PM   21    0.00    0.00    1.00    0.00    0.00    0.00    0.00    0.00    0.00   99.00
12:49:05 PM   22    0.00    0.00    0.00    1.01    0.00    0.00    0.00    0.00    0.00   98.99
12:49:05 PM   23    0.00    0.00    0.00    0.00    0.00    0.00    0.00    0.00    0.00  100.00
12:49:05 PM   24   16.00    0.00   70.00    0.00    0.00   14.00    0.00    0.00    0.00    0.00
12:49:05 PM   25    8.16    0.00    6.12    0.00    0.00    7.14    0.00    0.00    0.00   78.57
12:49:05 PM   26    0.00    0.00    0.00    0.00    0.00    0.00    0.00    0.00    0.00  100.00
12:49:05 PM   27    0.99    0.00    0.99    0.00    0.00    0.00    0.00    0.00    0.00   98.02
12:49:05 PM   28    0.99    0.00    0.00    0.00    0.00    0.99    0.00    0.00    0.00   98.02
12:49:05 PM   29    1.00    0.00    0.00    0.00    0.00    0.00    0.00    0.00    0.00   99.00
12:49:05 PM   30    1.00    0.00    0.00    0.00    0.00    0.00    0.00    0.00    0.00   99.00
12:49:05 PM   31    0.00    0.00    0.00    0.00    0.00    0.00    0.00    0.00    0.00  100.00
12:49:05 PM   32    0.00    0.00    0.00    0.00    0.00    0.00    0.00    0.00    0.00  100.00
12:49:05 PM   33    0.00    0.00    1.00    0.00    0.00    0.00    0.00    0.00    0.00   99.00
12:49:05 PM   34    0.00    0.00    0.00    0.00    0.00    0.00    0.00    0.00    0.00  100.00
12:49:05 PM   35    0.00    0.00    0.00    0.00    0.00    0.00    0.00    0.00    0.00  100.00

12:49:05 PM  CPU    %usr   %nice    %sys %iowait    %irq   %soft  %steal  %guest  %gnice   %idle
12:49:06 PM  all    1.67    0.00    2.59    0.03    0.00    0.75    0.00    0.00    0.00   94.96
12:49:06 PM    0    1.03    0.00    1.03    0.00    0.00    0.00    0.00    0.00    0.00   97.94
12:49:06 PM    1    1.98    0.00    0.99    0.00    0.00    0.00    0.00    0.00    0.00   97.03
12:49:06 PM    2    0.00    0.00    1.01    0.00    0.00    0.00    0.00    0.00    0.00   98.99
12:49:06 PM    3    2.00    0.00    1.00    0.00    0.00    0.00    0.00    0.00    0.00   97.00
12:49:06 PM    4    1.00    0.00    0.00    0.00    0.00    0.00    0.00    0.00    0.00   99.00
12:49:06 PM    5    1.01    0.00    0.00    0.00    0.00    0.00    0.00    0.00    0.00   98.99
12:49:06 PM    6    2.02    0.00    6.06    0.00    0.00    0.00    0.00    0.00    0.00   91.92
12:49:06 PM    7    2.00    0.00    0.00    0.00    0.00    1.00    0.00    0.00    0.00   97.00
12:49:06 PM    8    2.00    0.00    0.00    0.00    0.00    0.00    0.00    0.00    0.00   98.00
12:49:06 PM    9    0.00    0.00    1.00    0.00    0.00    0.00    0.00    0.00    0.00   99.00
12:49:06 PM   10    1.00    0.00    0.00    0.00    0.00    0.00    0.00    0.00    0.00   99.00
12:49:06 PM   11    1.00    0.00    0.00    0.00    0.00    0.00    0.00    0.00    0.00   99.00
12:49:06 PM   12    2.97    0.00    0.00    0.00    0.00    0.00    0.00    0.00    0.00   97.03
12:49:06 PM   13    1.01    0.00    0.00    0.00    0.00    0.00    0.00    0.00    0.00   98.99
12:49:06 PM   14    0.00    0.00    0.00    0.00    0.00    0.00    0.00    0.00    0.00  100.00
12:49:06 PM   15    1.00    0.00    0.00    0.00    0.00    0.00    0.00    0.00    0.00   99.00
12:49:06 PM   16    0.00    0.00    0.00    1.00    0.00    0.00    0.00    0.00    0.00   99.00
12:49:06 PM   17    1.01    0.00    0.00    0.00    0.00    0.00    0.00    0.00    0.00   98.99
12:49:06 PM   18    0.00    0.00    1.01    0.00    0.00    0.00    0.00    0.00    0.00   98.99
12:49:06 PM   19    0.99    0.00    0.00    0.00    0.00    0.00    0.00    0.00    0.00   99.01
12:49:06 PM   20    1.00    0.00    0.00    0.00    0.00    0.00    0.00    0.00    0.00   99.00
12:49:06 PM   21    0.00    0.00    0.00    0.00    0.00    0.00    0.00    0.00    0.00  100.00
12:49:06 PM   22    2.02    0.00    3.03    0.00    0.00    0.00    0.00    0.00    0.00   94.95
12:49:06 PM   23    0.99    0.00    0.99    0.00    0.00    0.00    0.00    0.00    0.00   98.02
12:49:06 PM   24   14.14    0.00   66.67    0.00    0.00   19.19    0.00    0.00    0.00    0.00
12:49:06 PM   25    8.00    0.00    8.00    0.00    0.00    7.00    0.00    0.00    0.00   77.00
12:49:06 PM   26    0.99    0.00    0.99    0.00    0.00    0.00    0.00    0.00    0.00   98.02
12:49:06 PM   27    0.99    0.00    0.99    0.00    0.00    0.00    0.00    0.00    0.00   98.02
12:49:06 PM   28    1.98    0.00    0.99    0.00    0.00    0.00    0.00    0.00    0.00   97.03
12:49:06 PM   29    1.00    0.00    0.00    0.00    0.00    0.00    0.00    0.00    0.00   99.00
12:49:06 PM   30    1.00    0.00    0.00    0.00    0.00    0.00    0.00    0.00    0.00   99.00
12:49:06 PM   31    0.00    0.00    0.00    0.00    0.00    0.00    0.00    0.00    0.00  100.00
12:49:06 PM   32    0.00    0.00    0.00    0.00    0.00    0.00    0.00    0.00    0.00  100.00
12:49:06 PM   33    2.00    0.00    0.00    0.00    0.00    0.00    0.00    0.00    0.00   98.00
12:49:06 PM   34    2.00    0.00    0.00    0.00    0.00    0.00    0.00    0.00    0.00   98.00
12:49:06 PM   35    2.00    0.00    0.00    0.00    0.00    0.00    0.00    0.00    0.00   98.00

12:49:06 PM  CPU    %usr   %nice    %sys %iowait    %irq   %soft  %steal  %guest  %gnice   %idle
12:49:07 PM  all    1.51    0.00    2.48    0.11    0.00    0.70    0.00    0.00    0.00   95.21
12:49:07 PM    0    1.02    0.00    0.00    0.00    0.00    1.02    0.00    0.00    0.00   97.96
12:49:07 PM    1    0.00    0.00    0.00    0.00    0.00    0.00    0.00    0.00    0.00  100.00
12:49:07 PM    2    1.01    0.00    0.00    0.00    0.00    0.00    0.00    0.00    0.00   98.99
12:49:07 PM    3    0.00    0.00    0.00    1.02    0.00    0.00    0.00    0.00    0.00   98.98
12:49:07 PM    4    2.02    0.00    0.00    0.00    0.00    0.00    0.00    0.00    0.00   97.98
12:49:07 PM    5    1.00    0.00    1.00    0.00    0.00    0.00    0.00    0.00    0.00   98.00
12:49:07 PM    6    0.99    0.00    0.99    0.00    0.00    0.00    0.00    0.00    0.00   98.02
12:49:07 PM    7    1.98    0.00    2.97    0.00    0.00    0.00    0.00    0.00    0.00   95.05
12:49:07 PM    8    1.01    0.00    0.00    0.00    0.00    0.00    0.00    0.00    0.00   98.99
12:49:07 PM    9    1.00    0.00    0.00    0.00    0.00    0.00    0.00    0.00    0.00   99.00
12:49:07 PM   10    1.00    0.00    1.00    0.00    0.00    0.00    0.00    0.00    0.00   98.00
12:49:07 PM   11    1.01    0.00    0.00    0.00    0.00    0.00    0.00    0.00    0.00   98.99
12:49:07 PM   12    0.00    0.00    0.00    1.02    0.00    0.00    0.00    0.00    0.00   98.98
12:49:07 PM   13    0.00    0.00    1.00    0.00    0.00    0.00    0.00    0.00    0.00   99.00
12:49:07 PM   14    1.00    0.00    0.00    0.00    0.00    0.00    0.00    0.00    0.00   99.00
12:49:07 PM   15    0.00    0.00    0.00    0.00    0.00    0.00    0.00    0.00    0.00  100.00
12:49:07 PM   16    1.00    0.00    1.00    0.00    0.00    0.00    0.00    0.00    0.00   98.00
12:49:07 PM   17    0.00    0.00    0.00    0.00    0.00    0.00    0.00    0.00    0.00  100.00
12:49:07 PM   18    1.00    0.00    0.00    0.00    0.00    0.00    0.00    0.00    0.00   99.00
12:49:07 PM   19    0.99    0.00    0.99    0.99    0.00    0.00    0.00    0.00    0.00   97.03
12:49:07 PM   20    0.99    0.00    0.99    0.00    0.00    0.00    0.00    0.00    0.00   98.02
12:49:07 PM   21    0.99    0.00    0.99    0.00    0.00    0.00    0.00    0.00    0.00   98.02
12:49:07 PM   22    0.00    0.00    0.00    0.00    0.00    0.00    0.00    0.00    0.00  100.00
12:49:07 PM   23    0.00    0.00    1.01    0.00    0.00    0.00    0.00    0.00    0.00   98.99
12:49:07 PM   24   15.84    0.00   65.35    0.00    0.00   18.81    0.00    0.00    0.00    0.00
12:49:07 PM   25   13.46    0.00    5.77    0.00    0.00    4.81    0.00    0.00    0.00   75.96
12:49:07 PM   26    0.99    0.00    0.99    0.00    0.00    0.00    0.00    0.00    0.00   98.02
12:49:07 PM   27    1.01    0.00    0.00    0.00    0.00    0.00    0.00    0.00    0.00   98.99
12:49:07 PM   28    0.00    0.00    0.00    0.00    0.00    0.00    0.00    0.00    0.00  100.00
12:49:07 PM   29    1.01    0.00    0.00    0.00    0.00    0.00    0.00    0.00    0.00   98.99
12:49:07 PM   30    1.00    0.00    1.00    0.00    0.00    0.00    0.00    0.00    0.00   98.00
12:49:07 PM   31    0.00    0.00    2.00    0.00    0.00    0.00    0.00    0.00    0.00   98.00
12:49:07 PM   32    1.00    0.00    0.00    0.00    0.00    0.00    0.00    0.00    0.00   99.00
12:49:07 PM   33    1.00    0.00    0.00    0.00    0.00    0.00    0.00    0.00    0.00   99.00
12:49:07 PM   34    0.00    0.00    0.00    1.01    0.00    0.00    0.00    0.00    0.00   98.99
12:49:07 PM   35    0.00    0.00    1.00    0.00    0.00    0.00    0.00    0.00    0.00   99.00

12:49:07 PM  CPU    %usr   %nice    %sys %iowait    %irq   %soft  %steal  %guest  %gnice   %idle
12:49:08 PM  all    1.25    0.00    2.48    0.03    0.00    0.67    0.00    0.00    0.00   95.57
12:49:08 PM    0    0.00    0.00    0.00    0.00    0.00    1.03    0.00    0.00    0.00   98.97
12:49:08 PM    1    0.99    0.00    0.99    0.00    0.00    0.00    0.00    0.00    0.00   98.02
12:49:08 PM    2    1.00    0.00    0.00    1.00    0.00    0.00    0.00    0.00    0.00   98.00
12:49:08 PM    3    1.00    0.00    1.00    0.00    0.00    0.00    0.00    0.00    0.00   98.00
12:49:08 PM    4    0.00    0.00    0.00    0.00    0.00    0.00    0.00    0.00    0.00  100.00
12:49:08 PM    5    1.00    0.00    0.00    0.00    0.00    1.00    0.00    0.00    0.00   98.00
12:49:08 PM    6    1.01    0.00    0.00    0.00    0.00    0.00    0.00    0.00    0.00   98.99
12:49:08 PM    7    1.00    0.00    0.00    0.00    0.00    0.00    0.00    0.00    0.00   99.00
12:49:08 PM    8    1.00    0.00    0.00    0.00    0.00    0.00    0.00    0.00    0.00   99.00
12:49:08 PM    9    0.99    0.00    0.99    0.00    0.00    0.00    0.00    0.00    0.00   98.02
12:49:08 PM   10    0.00    0.00    0.00    0.00    0.00    0.00    0.00    0.00    0.00  100.00
12:49:08 PM   11    0.00    0.00    0.00    0.00    0.00    0.00    0.00    0.00    0.00  100.00
12:49:08 PM   12    1.00    0.00    1.00    0.00    0.00    0.00    0.00    0.00    0.00   98.00
12:49:08 PM   13    1.01    0.00    0.00    0.00    0.00    0.00    0.00    0.00    0.00   98.99
12:49:08 PM   14    0.00    0.00    1.00    0.00    0.00    0.00    0.00    0.00    0.00   99.00
12:49:08 PM   15    0.00    0.00    0.00    0.00    0.00    0.00    0.00    0.00    0.00  100.00
12:49:08 PM   16    0.00    0.00    1.00    0.00    0.00    0.00    0.00    0.00    0.00   99.00
12:49:08 PM   17    2.00    0.00    6.00    0.00    0.00    0.00    0.00    0.00    0.00   92.00
12:49:08 PM   18    0.00    0.00    0.00    0.00    0.00    0.00    0.00    0.00    0.00  100.00
12:49:08 PM   19    0.00    0.00    0.00    0.00    0.00    0.00    0.00    0.00    0.00  100.00
12:49:08 PM   20    0.00    0.00    0.00    0.00    0.00    0.00    0.00    0.00    0.00  100.00
12:49:08 PM   21    0.00    0.00    0.00    0.00    0.00    0.00    0.00    0.00    0.00  100.00
12:49:08 PM   22    0.00    0.00    0.00    0.00    0.00    0.00    0.00    0.00    0.00  100.00
12:49:08 PM   23    0.99    0.00    0.99    0.00    0.00    0.00    0.00    0.00    0.00   98.02
12:49:08 PM   24   16.00    0.00   67.00    0.00    0.00   17.00    0.00    0.00    0.00    0.00
12:49:08 PM   25   10.78    0.00    7.84    0.00    0.00    4.90    0.00    0.00    0.00   76.47
12:49:08 PM   26    0.00    0.00    1.00    0.00    0.00    0.00    0.00    0.00    0.00   99.00
12:49:08 PM   27    0.00    0.00    0.00    0.00    0.00    0.00    0.00    0.00    0.00  100.00
12:49:08 PM   28    0.00    0.00    0.00    0.00    0.00    0.00    0.00    0.00    0.00  100.00
12:49:08 PM   29    1.00    0.00    0.00    0.00    0.00    0.00    0.00    0.00    0.00   99.00
12:49:08 PM   30    1.98    0.00    0.00    0.00    0.00    0.00    0.00    0.00    0.00   98.02
12:49:08 PM   31    1.00    0.00    0.00    0.00    0.00    0.00    0.00    0.00    0.00   99.00
12:49:08 PM   32    0.00    0.00    0.00    0.00    0.00    0.00    0.00    0.00    0.00  100.00
12:49:08 PM   33    0.00    0.00    0.00    0.00    0.00    0.00    0.00    0.00    0.00  100.00
12:49:08 PM   34    0.99    0.00    0.00    0.00    0.00    0.00    0.00    0.00    0.00   99.01
12:49:08 PM   35    0.00    0.00    0.00    0.00    0.00    0.00    0.00    0.00    0.00  100.00

12:49:08 PM  CPU    %usr   %nice    %sys %iowait    %irq   %soft  %steal  %guest  %gnice   %idle
12:49:09 PM  all    1.17    0.00    2.62    0.06    0.00    0.67    0.00    0.00    0.00   95.49
12:49:09 PM    0    1.02    0.00    0.00    0.00    0.00    0.00    0.00    0.00    0.00   98.98
12:49:09 PM    1    0.00    0.00    0.00    0.00    0.00    0.00    0.00    0.00    0.00  100.00
12:49:09 PM    2    0.00    0.00    0.00    0.00    0.00    0.00    0.00    0.00    0.00  100.00
12:49:09 PM    3    0.00    0.00    0.00    0.00    0.00    1.01    0.00    0.00    0.00   98.99
12:49:09 PM    4    0.00    0.00    2.00    0.00    0.00    0.00    0.00    0.00    0.00   98.00
12:49:09 PM    5    1.98    0.00    0.00    0.00    0.00    0.00    0.00    0.00    0.00   98.02
12:49:09 PM    6    0.00    0.00    1.01    0.00    0.00    0.00    0.00    0.00    0.00   98.99
12:49:09 PM    7    0.00    0.00    0.00    0.00    0.00    0.00    0.00    0.00    0.00  100.00
12:49:09 PM    8    1.00    0.00    1.00    0.00    0.00    0.00    0.00    0.00    0.00   98.00
12:49:09 PM    9    1.01    0.00    0.00    0.00    0.00    0.00    0.00    0.00    0.00   98.99
12:49:09 PM   10    0.00    0.00    1.00    0.00    0.00    0.00    0.00    0.00    0.00   99.00
12:49:09 PM   11    0.00    0.00    0.00    0.00    0.00    0.00    0.00    0.00    0.00  100.00
12:49:09 PM   12    1.01    0.00    0.00    0.00    0.00    0.00    0.00    0.00    0.00   98.99
12:49:09 PM   13    0.00    0.00    0.00    0.00    0.00    0.00    0.00    0.00    0.00  100.00
12:49:09 PM   14    0.00    0.00    0.00    0.00    0.00    0.00    0.00    0.00    0.00  100.00
12:49:09 PM   15    0.00    0.00    0.00    0.00    0.00    0.00    0.00    0.00    0.00  100.00
12:49:09 PM   16    1.01    0.00    0.00    0.00    0.00    0.00    0.00    0.00    0.00   98.99
12:49:09 PM   17    0.00    0.00    6.06    0.00    0.00    0.00    0.00    0.00    0.00   93.94
12:49:09 PM   18    0.00    0.00    1.00    0.00    0.00    0.00    0.00    0.00    0.00   99.00
12:49:09 PM   19    0.00    0.00    0.00    0.00    0.00    0.00    0.00    0.00    0.00  100.00
12:49:09 PM   20    0.00    0.00    0.00    0.00    0.00    0.00    0.00    0.00    0.00  100.00
12:49:09 PM   21    0.99    0.00    0.00    0.00    0.00    0.00    0.00    0.00    0.00   99.01
12:49:09 PM   22    0.00    0.00    1.00    0.00    0.00    0.00    0.00    0.00    0.00   99.00
12:49:09 PM   23    0.00    0.00    0.00    0.00    0.00    0.00    0.00    0.00    0.00  100.00
12:49:09 PM   24   19.00    0.00   65.00    0.00    0.00   16.00    0.00    0.00    0.00    0.00
12:49:09 PM   25    8.57    0.00   10.48    0.00    0.00    6.67    0.00    0.00    0.00   74.29
12:49:09 PM   26    0.99    0.00    0.00    0.99    0.00    0.00    0.00    0.00    0.00   98.02
12:49:09 PM   27    1.96    0.00    0.98    0.00    0.00    0.00    0.00    0.00    0.00   97.06
12:49:09 PM   28    0.00    0.00    0.00    0.00    0.00    0.00    0.00    0.00    0.00  100.00
12:49:09 PM   29    0.99    0.00    0.99    0.00    0.00    0.00    0.00    0.00    0.00   98.02
12:49:09 PM   30    0.00    0.00    1.00    0.00    0.00    0.00    0.00    0.00    0.00   99.00
12:49:09 PM   31    1.00    0.00    0.00    1.00    0.00    0.00    0.00    0.00    0.00   98.00
12:49:09 PM   32    0.00    0.00    0.00    0.00    0.00    0.00    0.00    0.00    0.00  100.00
12:49:09 PM   33    0.99    0.00    0.99    0.00    0.00    0.00    0.00    0.00    0.00   98.02
12:49:09 PM   34    0.00    0.00    1.00    0.00    0.00    0.00    0.00    0.00    0.00   99.00
12:49:09 PM   35    0.00    0.00    0.00    0.00    0.00    0.00    0.00    0.00    0.00  100.00

12:49:09 PM  CPU    %usr   %nice    %sys %iowait    %irq   %soft  %steal  %guest  %gnice   %idle
12:49:10 PM  all    1.81    0.00    2.31    0.00    0.00    0.61    0.00    0.00    0.00   95.27
12:49:10 PM    0    1.02    0.00    1.02    0.00    0.00    0.00    0.00    0.00    0.00   97.96
12:49:10 PM    1    2.00    0.00    1.00    0.00    0.00    0.00    0.00    0.00    0.00   97.00
12:49:10 PM    2    1.01    0.00    0.00    0.00    0.00    0.00    0.00    0.00    0.00   98.99
12:49:10 PM    3    1.01    0.00    0.00    0.00    0.00    0.00    0.00    0.00    0.00   98.99
12:49:10 PM    4    0.99    0.00    0.99    0.00    0.00    0.00    0.00    0.00    0.00   98.02
12:49:10 PM    5    1.02    0.00    0.00    0.00    0.00    0.00    0.00    0.00    0.00   98.98
12:49:10 PM    6    1.98    0.00    0.00    0.00    0.00    0.99    0.00    0.00    0.00   97.03
12:49:10 PM    7    0.00    0.00    1.00    0.00    0.00    0.00    0.00    0.00    0.00   99.00
12:49:10 PM    8    1.01    0.00    0.00    0.00    0.00    0.00    0.00    0.00    0.00   98.99
12:49:10 PM    9    2.00    0.00    0.00    0.00    0.00    0.00    0.00    0.00    0.00   98.00
12:49:10 PM   10    1.98    0.00    0.00    0.00    0.00    0.00    0.00    0.00    0.00   98.02
12:49:10 PM   11    0.00    0.00    1.00    0.00    0.00    0.00    0.00    0.00    0.00   99.00
12:49:10 PM   12    0.00    0.00    0.00    0.00    0.00    0.00    0.00    0.00    0.00  100.00
12:49:10 PM   13    0.99    0.00    0.99    0.00    0.00    0.00    0.00    0.00    0.00   98.02
12:49:10 PM   14    1.98    0.00    0.00    0.00    0.00    0.00    0.00    0.00    0.00   98.02
12:49:10 PM   15    1.00    0.00    1.00    0.00    0.00    0.00    0.00    0.00    0.00   98.00
12:49:10 PM   16    0.99    0.00    0.99    0.00    0.00    0.00    0.00    0.00    0.00   98.02
12:49:10 PM   17    2.00    0.00    1.00    0.00    0.00    1.00    0.00    0.00    0.00   96.00
12:49:10 PM   18    0.00    0.00    0.00    0.00    0.00    0.00    0.00    0.00    0.00  100.00
12:49:10 PM   19    0.99    0.00    0.99    0.00    0.00    0.00    0.00    0.00    0.00   98.02
12:49:10 PM   20    1.96    0.00    0.98    0.00    0.00    0.00    0.00    0.00    0.00   97.06
12:49:10 PM   21    0.00    0.00    0.00    0.00    0.00    0.00    0.00    0.00    0.00  100.00
12:49:10 PM   22    1.00    0.00    0.00    0.00    0.00    0.00    0.00    0.00    0.00   99.00
12:49:10 PM   23    3.03    0.00    1.01    0.00    0.00    0.00    0.00    0.00    0.00   95.96
12:49:10 PM   24   20.00    0.00   61.00    0.00    0.00   19.00    0.00    0.00    0.00    0.00
12:49:10 PM   25   10.20    0.00   10.20    0.00    0.00    1.02    0.00    0.00    0.00   78.57
12:49:10 PM   26    0.00    0.00    0.00    0.00    0.00    0.00    0.00    0.00    0.00  100.00
12:49:10 PM   27    1.01    0.00    0.00    0.00    0.00    0.00    0.00    0.00    0.00   98.99
12:49:10 PM   28    1.00    0.00    0.00    0.00    0.00    0.00    0.00    0.00    0.00   99.00
12:49:10 PM   29    0.00    0.00    0.00    0.00    0.00    0.00    0.00    0.00    0.00  100.00
12:49:10 PM   30    0.00    0.00    0.00    0.00    0.00    0.00    0.00    0.00    0.00  100.00
12:49:10 PM   31    0.00    0.00    0.00    0.00    0.00    0.00    0.00    0.00    0.00  100.00
12:49:10 PM   32    1.00    0.00    0.00    0.00    0.00    0.00    0.00    0.00    0.00   99.00
12:49:10 PM   33    0.99    0.00    0.00    0.00    0.00    0.00    0.00    0.00    0.00   99.01
12:49:10 PM   34    1.01    0.00    0.00    0.00    0.00    0.00    0.00    0.00    0.00   98.99
12:49:10 PM   35    1.98    0.00    0.00    0.00    0.00    0.00    0.00    0.00    0.00   98.02

12:49:10 PM  CPU    %usr   %nice    %sys %iowait    %irq   %soft  %steal  %guest  %gnice   %idle
12:49:11 PM  all    1.28    0.00    2.26    0.20    0.00    0.61    0.00    0.00    0.00   95.65
12:49:11 PM    0    0.00    0.00    1.02    1.02    0.00    1.02    0.00    0.00    0.00   96.94
12:49:11 PM    1    1.00    0.00    0.00    0.00    0.00    0.00    0.00    0.00    0.00   99.00
12:49:11 PM    2    0.00    0.00    1.00    0.00    0.00    0.00    0.00    0.00    0.00   99.00
12:49:11 PM    3    1.00    0.00    0.00    0.00    0.00    0.00    0.00    0.00    0.00   99.00
12:49:11 PM    4    1.01    0.00    0.00    0.00    0.00    0.00    0.00    0.00    0.00   98.99
12:49:11 PM    5    0.00    0.00    0.00    0.00    0.00    0.00    0.00    0.00    0.00  100.00
12:49:11 PM    6    0.00    0.00    0.00    0.00    0.00    0.00    0.00    0.00    0.00  100.00
12:49:11 PM    7    1.01    0.00    0.00    0.00    0.00    0.00    0.00    0.00    0.00   98.99
12:49:11 PM    8    0.00    0.00    0.00    0.00    0.00    0.00    0.00    0.00    0.00  100.00
12:49:11 PM    9    0.99    0.00    0.99    0.99    0.00    0.00    0.00    0.00    0.00   97.03
12:49:11 PM   10    0.00    0.00    0.00    0.00    0.00    0.00    0.00    0.00    0.00  100.00
12:49:11 PM   11    0.00    0.00    0.00    1.00    0.00    0.00    0.00    0.00    0.00   99.00
12:49:11 PM   12    1.94    0.00    1.94    0.00    0.00    0.00    0.00    0.00    0.00   96.12
12:49:11 PM   13    1.00    0.00    0.00    1.00    0.00    0.00    0.00    0.00    0.00   98.00
12:49:11 PM   14    0.00    0.00    0.00    0.00    0.00    0.00    0.00    0.00    0.00  100.00
12:49:11 PM   15    0.00    0.00    0.00    0.00    0.00    0.00    0.00    0.00    0.00  100.00
12:49:11 PM   16    1.00    0.00    1.00    0.00    0.00    0.00    0.00    0.00    0.00   98.00
12:49:11 PM   17    2.02    0.00    6.06    0.00    0.00    0.00    0.00    0.00    0.00   91.92
12:49:11 PM   18    1.00    0.00    0.00    0.00    0.00    0.00    0.00    0.00    0.00   99.00
12:49:11 PM   19    0.00    0.00    0.00    0.00    0.00    0.00    0.00    0.00    0.00  100.00
12:49:11 PM   20    0.00    0.00    0.00    0.00    0.00    0.00    0.00    0.00    0.00  100.00
12:49:11 PM   21    0.00    0.00    0.00    1.00    0.00    0.00    0.00    0.00    0.00   99.00
12:49:11 PM   22    0.00    0.00    0.00    0.00    0.00    0.00    0.00    0.00    0.00  100.00
12:49:11 PM   23    0.00    0.00    0.00    1.01    0.00    0.00    0.00    0.00    0.00   98.99
12:49:11 PM   24   22.00    0.00   60.00    0.00    0.00   18.00    0.00    0.00    0.00    0.00
12:49:11 PM   25    9.00    0.00    9.00    0.00    0.00    3.00    0.00    0.00    0.00   79.00
12:49:11 PM   26    0.00    0.00    0.00    0.00    0.00    0.00    0.00    0.00    0.00  100.00
12:49:11 PM   27    1.00    0.00    0.00    0.00    0.00    0.00    0.00    0.00    0.00   99.00
12:49:11 PM   28    0.00    0.00    0.00    1.01    0.00    0.00    0.00    0.00    0.00   98.99
12:49:11 PM   29    0.00    0.00    0.00    0.00    0.00    0.00    0.00    0.00    0.00  100.00
12:49:11 PM   30    1.00    0.00    0.00    0.00    0.00    0.00    0.00    0.00    0.00   99.00
12:49:11 PM   31    1.00    0.00    0.00    0.00    0.00    0.00    0.00    0.00    0.00   99.00
12:49:11 PM   32    0.00    0.00    0.00    0.00    0.00    0.00    0.00    0.00    0.00  100.00
12:49:11 PM   33    0.00    0.00    0.00    0.00    0.00    0.00    0.00    0.00    0.00  100.00
12:49:11 PM   34    0.00    0.00    0.00    0.00    0.00    0.00    0.00    0.00    0.00  100.00
12:49:11 PM   35    0.00    0.00    0.00    0.00    0.00    0.00    0.00    0.00    0.00  100.00

Average:     CPU    %usr   %nice    %sys %iowait    %irq   %soft  %steal  %guest  %gnice   %idle
Average:     all    1.69    0.00    2.44    0.06    0.00    0.66    0.00    0.00    0.00   95.15
Average:       0    0.82    0.00    0.31    0.10    0.00    0.41    0.00    0.00    0.00   98.36
Average:       1    4.01    0.00    0.70    0.00    0.00    0.00    0.00    0.00    0.00   95.29
Average:       2    0.91    0.00    0.30    0.10    0.00    0.00    0.00    0.00    0.00   98.69
Average:       3    1.10    0.00    0.50    0.10    0.00    0.20    0.00    0.00    0.00   98.09
Average:       4    1.40    0.00    0.40    0.10    0.00    0.10    0.00    0.00    0.00   98.00
Average:       5    1.20    0.00    0.40    0.00    0.00    0.10    0.00    0.00    0.00   98.29
Average:       6    1.50    0.00    2.01    0.10    0.00    0.10    0.00    0.00    0.00   96.29
Average:       7    0.91    0.00    0.40    0.00    0.00    0.10    0.00    0.00    0.00   98.59
Average:       8    1.01    0.00    0.30    0.00    0.00    0.00    0.00    0.00    0.00   98.69
Average:       9    1.00    0.00    0.50    0.10    0.00    0.00    0.00    0.00    0.00   98.40
Average:      10    0.90    0.00    0.50    0.20    0.00    0.00    0.00    0.00    0.00   98.40
Average:      11    0.60    0.00    0.50    0.20    0.00    0.00    0.00    0.00    0.00   98.69
Average:      12    1.60    0.00    0.90    0.10    0.00    0.00    0.00    0.00    0.00   97.39
Average:      13    1.00    0.00    0.40    0.10    0.00    0.10    0.00    0.00    0.00   98.40
Average:      14    1.01    0.00    0.20    0.00    0.00    0.00    0.00    0.00    0.00   98.79
Average:      15    0.60    0.00    0.20    0.00    0.00    0.00    0.00    0.00    0.00   99.20
Average:      16    0.80    0.00    0.50    0.10    0.00    0.00    0.00    0.00    0.00   98.60
Average:      17    1.21    0.00    2.01    0.00    0.00    0.10    0.00    0.00    0.00   96.68
Average:      18    0.70    0.00    0.40    0.00    0.00    0.00    0.00    0.00    0.00   98.90
Average:      19    0.50    0.00    0.30    0.10    0.00    0.00    0.00    0.00    0.00   99.10
Average:      20    0.80    0.00    0.40    0.00    0.00    0.00    0.00    0.00    0.00   98.80
Average:      21    0.60    0.00    0.30    0.10    0.00    0.10    0.00    0.00    0.00   98.90
Average:      22    0.61    0.00    0.51    0.10    0.00    0.00    0.00    0.00    0.00   98.79
Average:      23    0.80    0.00    0.60    0.10    0.00    0.00    0.00    0.00    0.00   98.49
Average:      24   17.30    0.00   63.70    0.00    0.00   17.40    0.00    0.00    0.00    1.60
Average:      25   10.54    0.00    8.08    0.00    0.00    4.93    0.00    0.00    0.00   76.45
Average:      26    0.60    0.00    0.30    0.20    0.00    0.00    0.00    0.00    0.00   98.90
Average:      27    1.00    0.00    0.30    0.00    0.00    0.00    0.00    0.00    0.00   98.70
Average:      28    0.70    0.00    0.10    0.10    0.00    0.10    0.00    0.00    0.00   99.00
Average:      29    0.90    0.00    0.20    0.00    0.00    0.00    0.00    0.00    0.00   98.90
Average:      30    0.90    0.00    0.30    0.00    0.00    0.00    0.00    0.00    0.00   98.80
Average:      31    0.70    0.00    0.30    0.10    0.00    0.00    0.00    0.00    0.00   98.90
Average:      32    0.60    0.00    0.00    0.00    0.00    0.00    0.00    0.00    0.00   99.40
Average:      33    0.80    0.00    0.20    0.00    0.00    0.00    0.00    0.00    0.00   99.00
Average:      34    0.60    0.00    0.10    0.10    0.00    0.00    0.00    0.00    0.00   99.20
Average:      35    0.50    0.00    0.20    0.00    0.00    0.00    0.00    0.00    0.00   99.30
