Linux 5.15.0-186-generic (rapids4) 	07/28/2026 	_x86_64_	(36 CPU)

01:43:26 PM  CPU    %usr   %nice    %sys %iowait    %irq   %soft  %steal  %guest  %gnice   %idle
01:43:27 PM  all    2.09    0.00    3.15    0.06    0.00    1.14    0.00    0.00    0.00   93.56
01:43:27 PM    0    2.00    0.00    1.00    0.00    0.00    1.00    0.00    0.00    0.00   96.00
01:43:27 PM    1    1.02    0.00    1.02    0.00    0.00    0.00    0.00    0.00    0.00   97.96
01:43:27 PM    2    1.02    0.00    0.00    0.00    0.00    0.00    0.00    0.00    0.00   98.98
01:43:27 PM    3    1.00    0.00    0.00    1.00    0.00    0.00    0.00    0.00    0.00   98.00
01:43:27 PM    4    2.00    0.00    0.00    1.00    0.00    0.00    0.00    0.00    0.00   97.00
01:43:27 PM    5    3.00    0.00    0.00    0.00    0.00    0.00    0.00    0.00    0.00   97.00
01:43:27 PM    6    5.05    0.00    1.01    0.00    0.00    0.00    0.00    0.00    0.00   93.94
01:43:27 PM    7    1.01    0.00    0.00    0.00    0.00    0.00    0.00    0.00    0.00   98.99
01:43:27 PM    8    1.01    0.00    0.00    0.00    0.00    0.00    0.00    0.00    0.00   98.99
01:43:27 PM    9    3.96    0.00    1.98    0.00    0.00    0.00    0.00    0.00    0.00   94.06
01:43:27 PM   10    0.00    0.00    0.00    0.00    0.00    0.00    0.00    0.00    0.00  100.00
01:43:27 PM   11    2.00    0.00    0.00    0.00    0.00    0.00    0.00    0.00    0.00   98.00
01:43:27 PM   12    2.00    0.00    0.00    0.00    0.00    0.00    0.00    0.00    0.00   98.00
01:43:27 PM   13    1.98    0.00    0.99    0.00    0.00    0.00    0.00    0.00    0.00   97.03
01:43:27 PM   14    1.00    0.00    1.00    0.00    0.00    0.00    0.00    0.00    0.00   98.00
01:43:27 PM   15    2.00    0.00    0.00    0.00    0.00    0.00    0.00    0.00    0.00   98.00
01:43:27 PM   16    1.00    0.00    1.00    0.00    0.00    0.00    0.00    0.00    0.00   98.00
01:43:27 PM   17    1.01    0.00    1.01    0.00    0.00    0.00    0.00    0.00    0.00   97.98
01:43:27 PM   18    1.02    0.00    0.00    0.00    0.00    0.00    0.00    0.00    0.00   98.98
01:43:27 PM   19    0.00    0.00    0.00    0.00    0.00    0.00    0.00    0.00    0.00  100.00
01:43:27 PM   20    1.01    0.00    0.00    0.00    0.00    0.00    0.00    0.00    0.00   98.99
01:43:27 PM   21    0.00    0.00    0.00    0.00    0.00    0.00    0.00    0.00    0.00  100.00
01:43:27 PM   22   14.00    0.00   48.00    0.00    0.00   22.00    0.00    0.00    0.00   16.00
01:43:27 PM   23   12.00    0.00   50.00    0.00    0.00   18.00    0.00    0.00    0.00   20.00
01:43:27 PM   24    1.98    0.00    0.99    0.00    0.00    0.00    0.00    0.00    0.00   97.03
01:43:27 PM   25    1.98    0.00    0.99    0.00    0.00    0.00    0.00    0.00    0.00   97.03
01:43:27 PM   26    1.00    0.00    1.00    0.00    0.00    0.00    0.00    0.00    0.00   98.00
01:43:27 PM   27    1.00    0.00    0.00    0.00    0.00    0.00    0.00    0.00    0.00   99.00
01:43:27 PM   28    1.01    0.00    0.00    0.00    0.00    0.00    0.00    0.00    0.00   98.99
01:43:27 PM   29    1.00    0.00    0.00    0.00    0.00    0.00    0.00    0.00    0.00   99.00
01:43:27 PM   30    1.00    0.00    0.00    0.00    0.00    0.00    0.00    0.00    0.00   99.00
01:43:27 PM   31    0.00    0.00    1.00    0.00    0.00    0.00    0.00    0.00    0.00   99.00
01:43:27 PM   32    1.01    0.00    0.00    0.00    0.00    0.00    0.00    0.00    0.00   98.99
01:43:27 PM   33    2.00    0.00    0.00    0.00    0.00    0.00    0.00    0.00    0.00   98.00
01:43:27 PM   34    1.00    0.00    2.00    0.00    0.00    0.00    0.00    0.00    0.00   97.00
01:43:27 PM   35    2.00    0.00    0.00    0.00    0.00    0.00    0.00    0.00    0.00   98.00

01:43:27 PM  CPU    %usr   %nice    %sys %iowait    %irq   %soft  %steal  %guest  %gnice   %idle
01:43:28 PM  all    1.23    0.00    3.94    0.08    0.00    1.34    0.00    0.00    0.00   93.40
01:43:28 PM    0    0.00    0.00    0.00    0.00    0.00    1.04    0.00    0.00    0.00   98.96
01:43:28 PM    1    0.99    0.00    0.99    0.00    0.00    0.99    0.00    0.00    0.00   97.03
01:43:28 PM    2    2.00    0.00    0.00    0.00    0.00    0.00    0.00    0.00    0.00   98.00
01:43:28 PM    3    1.01    0.00    0.00    0.00    0.00    0.00    0.00    0.00    0.00   98.99
01:43:28 PM    4    0.00    0.00    0.00    0.00    0.00    0.00    0.00    0.00    0.00  100.00
01:43:28 PM    5    2.02    0.00    0.00    0.00    0.00    0.00    0.00    0.00    0.00   97.98
01:43:28 PM    6    1.01    0.00    0.00    0.00    0.00    0.00    0.00    0.00    0.00   98.99
01:43:28 PM    7    0.00    0.00    0.00    0.00    0.00    0.00    0.00    0.00    0.00  100.00
01:43:28 PM    8    0.00    0.00    0.00    0.00    0.00    0.00    0.00    0.00    0.00  100.00
01:43:28 PM    9    0.00    0.00    0.00    0.00    0.00    0.00    0.00    0.00    0.00  100.00
01:43:28 PM   10    2.00    0.00    7.00    0.00    0.00    0.00    0.00    0.00    0.00   91.00
01:43:28 PM   11    0.00    0.00    0.00    0.00    0.00    0.00    0.00    0.00    0.00  100.00
01:43:28 PM   12    0.00    0.00    0.00    0.00    0.00    1.01    0.00    0.00    0.00   98.99
01:43:28 PM   13    0.00    0.00    0.00    0.00    0.00    0.00    0.00    0.00    0.00  100.00
01:43:28 PM   14    1.01    0.00    1.01    0.00    0.00    0.00    0.00    0.00    0.00   97.98
01:43:28 PM   15    1.00    0.00    0.00    1.00    0.00    0.00    0.00    0.00    0.00   98.00
01:43:28 PM   16    0.00    0.00    2.00    0.00    0.00    0.00    0.00    0.00    0.00   98.00
01:43:28 PM   17    0.99    0.00    0.99    0.00    0.00    0.00    0.00    0.00    0.00   98.02
01:43:28 PM   18    0.99    0.00    0.00    0.00    0.00    0.00    0.00    0.00    0.00   99.01
01:43:28 PM   19    1.00    0.00    0.00    0.00    0.00    0.00    0.00    0.00    0.00   99.00
01:43:28 PM   20    0.00    0.00    0.00    0.00    0.00    0.00    0.00    0.00    0.00  100.00
01:43:28 PM   21    0.00    0.00    0.00    0.00    0.00    0.00    0.00    0.00    0.00  100.00
01:43:28 PM   22   14.00    0.00   64.00    0.00    0.00   22.00    0.00    0.00    0.00    0.00
01:43:28 PM   23   10.89    0.00   63.37    0.00    0.00   22.77    0.00    0.00    0.00    2.97
01:43:28 PM   24    0.00    0.00    0.00    0.00    0.00    0.00    0.00    0.00    0.00  100.00
01:43:28 PM   25    0.00    0.00    0.00    0.00    0.00    0.00    0.00    0.00    0.00  100.00
01:43:28 PM   26    1.00    0.00    0.00    0.00    0.00    0.00    0.00    0.00    0.00   99.00
01:43:28 PM   27    0.00    0.00    0.00    0.00    0.00    0.00    0.00    0.00    0.00  100.00
01:43:28 PM   28    0.00    0.00    0.00    0.00    0.00    0.00    0.00    0.00    0.00  100.00
01:43:28 PM   29    0.00    0.00    1.00    0.00    0.00    0.00    0.00    0.00    0.00   99.00
01:43:28 PM   30    1.01    0.00    0.00    1.01    0.00    0.00    0.00    0.00    0.00   97.98
01:43:28 PM   31    0.00    0.00    0.00    0.00    0.00    0.00    0.00    0.00    0.00  100.00
01:43:28 PM   32    0.00    0.00    0.00    0.00    0.00    0.00    0.00    0.00    0.00  100.00
01:43:28 PM   33    0.00    0.00    0.00    0.00    0.00    0.00    0.00    0.00    0.00  100.00
01:43:28 PM   34    1.00    0.00    0.00    0.00    0.00    0.00    0.00    0.00    0.00   99.00
01:43:28 PM   35    2.00    0.00    0.00    1.00    0.00    0.00    0.00    0.00    0.00   97.00

01:43:28 PM  CPU    %usr   %nice    %sys %iowait    %irq   %soft  %steal  %guest  %gnice   %idle
01:43:29 PM  all    1.29    0.00    3.72    0.03    0.00    1.31    0.00    0.00    0.00   93.65
01:43:29 PM    0    1.01    0.00    2.02    0.00    0.00    0.00    0.00    0.00    0.00   96.97
01:43:29 PM    1    1.01    0.00    0.00    0.00    0.00    0.00    0.00    0.00    0.00   98.99
01:43:29 PM    2    0.00    0.00    1.01    0.00    0.00    0.00    0.00    0.00    0.00   98.99
01:43:29 PM    3    0.00    0.00    0.00    0.00    0.00    0.00    0.00    0.00    0.00  100.00
01:43:29 PM    4    1.00    0.00    1.00    0.00    0.00    0.00    0.00    0.00    0.00   98.00
01:43:29 PM    5    0.00    0.00    1.00    0.00    0.00    1.00    0.00    0.00    0.00   98.00
01:43:29 PM    6    3.00    0.00    0.00    0.00    0.00    0.00    0.00    0.00    0.00   97.00
01:43:29 PM    7    0.00    0.00    0.00    0.00    0.00    0.00    0.00    0.00    0.00  100.00
01:43:29 PM    8    1.00    0.00    0.00    0.00    0.00    0.00    0.00    0.00    0.00   99.00
01:43:29 PM    9    0.00    0.00    0.00    0.00    0.00    0.00    0.00    0.00    0.00  100.00
01:43:29 PM   10    0.00    0.00    0.00    0.00    0.00    0.00    0.00    0.00    0.00  100.00
01:43:29 PM   11    0.00    0.00    0.00    0.00    0.00    0.00    0.00    0.00    0.00  100.00
01:43:29 PM   12    1.00    0.00    0.00    0.00    0.00    0.00    0.00    0.00    0.00   99.00
01:43:29 PM   13    0.00    0.00    0.00    0.00    0.00    0.00    0.00    0.00    0.00  100.00
01:43:29 PM   14    0.00    0.00    0.00    0.00    0.00    0.00    0.00    0.00    0.00  100.00
01:43:29 PM   15    1.00    0.00    1.00    0.00    0.00    0.00    0.00    0.00    0.00   98.00
01:43:29 PM   16    1.02    0.00    0.00    0.00    0.00    0.00    0.00    0.00    0.00   98.98
01:43:29 PM   17    0.00    0.00    0.00    0.00    0.00    0.00    0.00    0.00    0.00  100.00
01:43:29 PM   18    1.02    0.00    0.00    0.00    0.00    0.00    0.00    0.00    0.00   98.98
01:43:29 PM   19    1.00    0.00    0.00    0.00    0.00    0.00    0.00    0.00    0.00   99.00
01:43:29 PM   20    1.01    0.00    0.00    0.00    0.00    0.00    0.00    0.00    0.00   98.99
01:43:29 PM   21    0.00    0.00    1.00    0.00    0.00    0.00    0.00    0.00    0.00   99.00
01:43:29 PM   22   17.82    0.00   59.41    0.00    0.00   22.77    0.00    0.00    0.00    0.00
01:43:29 PM   23   11.00    0.00   64.00    0.00    0.00   23.00    0.00    0.00    0.00    2.00
01:43:29 PM   24    1.00    0.00    1.00    0.00    0.00    0.00    0.00    0.00    0.00   98.00
01:43:29 PM   25    1.01    0.00    0.00    0.00    0.00    0.00    0.00    0.00    0.00   98.99
01:43:29 PM   26    0.00    0.00    0.00    1.01    0.00    0.00    0.00    0.00    0.00   98.99
01:43:29 PM   27    0.99    0.00    0.00    0.00    0.00    0.00    0.00    0.00    0.00   99.01
01:43:29 PM   28    0.00    0.00    0.00    0.00    0.00    0.00    0.00    0.00    0.00  100.00
01:43:29 PM   29    0.00    0.00    0.00    0.00    0.00    0.00    0.00    0.00    0.00  100.00
01:43:29 PM   30    0.00    0.00    0.00    0.00    0.00    0.00    0.00    0.00    0.00  100.00
01:43:29 PM   31    1.02    0.00    0.00    0.00    0.00    0.00    0.00    0.00    0.00   98.98
01:43:29 PM   32    0.00    0.00    0.00    0.00    0.00    0.00    0.00    0.00    0.00  100.00
01:43:29 PM   33    0.00    0.00    0.00    0.00    0.00    0.00    0.00    0.00    0.00  100.00
01:43:29 PM   34    0.00    0.00    0.00    0.00    0.00    0.00    0.00    0.00    0.00  100.00
01:43:29 PM   35    0.00    0.00    1.00    0.00    0.00    0.00    0.00    0.00    0.00   99.00

01:43:29 PM  CPU    %usr   %nice    %sys %iowait    %irq   %soft  %steal  %guest  %gnice   %idle
01:43:30 PM  all    1.90    0.00    3.82    0.08    0.00    1.28    0.00    0.00    0.00   92.91
01:43:30 PM    0    0.00    0.00    0.00    0.00    0.00    1.04    0.00    0.00    0.00   98.96
01:43:30 PM    1    0.00    0.00    0.00    0.00    0.00    0.00    0.00    0.00    0.00  100.00
01:43:30 PM    2    0.00    0.00    0.00    0.00    0.00    0.00    0.00    0.00    0.00  100.00
01:43:30 PM    3    1.00    0.00    0.00    0.00    0.00    0.00    0.00    0.00    0.00   99.00
01:43:30 PM    4    0.00    0.00    0.00    0.00    0.00    0.00    0.00    0.00    0.00  100.00
01:43:30 PM    5    0.00    0.00    0.00    0.00    0.00    0.00    0.00    0.00    0.00  100.00
01:43:30 PM    6    6.00    0.00    0.00    0.00    0.00    0.00    0.00    0.00    0.00   94.00
01:43:30 PM    7    1.01    0.00    0.00    0.00    0.00    0.00    0.00    0.00    0.00   98.99
01:43:30 PM    8    0.00    0.00    2.02    0.00    0.00    0.00    0.00    0.00    0.00   97.98
01:43:30 PM    9    1.02    0.00    0.00    0.00    0.00    0.00    0.00    0.00    0.00   98.98
01:43:30 PM   10    4.00    0.00    5.00    0.00    0.00    0.00    0.00    0.00    0.00   91.00
01:43:30 PM   11    2.00    0.00    0.00    0.00    0.00    0.00    0.00    0.00    0.00   98.00
01:43:30 PM   12    1.01    0.00    0.00    0.00    0.00    0.00    0.00    0.00    0.00   98.99
01:43:30 PM   13    1.00    0.00    0.00    0.00    0.00    0.00    0.00    0.00    0.00   99.00
01:43:30 PM   14    2.00    0.00    0.00    0.00    0.00    0.00    0.00    0.00    0.00   98.00
01:43:30 PM   15    1.01    0.00    0.00    0.00    0.00    0.00    0.00    0.00    0.00   98.99
01:43:30 PM   16    2.00    0.00    1.00    0.00    0.00    0.00    0.00    0.00    0.00   97.00
01:43:30 PM   17    1.01    0.00    1.01    0.00    0.00    0.00    0.00    0.00    0.00   97.98
01:43:30 PM   18    1.00    0.00    1.00    0.00    0.00    0.00    0.00    0.00    0.00   98.00
01:43:30 PM   19    0.00    0.00    0.00    0.00    0.00    0.00    0.00    0.00    0.00  100.00
01:43:30 PM   20    1.98    0.00    0.99    0.00    0.00    0.00    0.00    0.00    0.00   97.03
01:43:30 PM   21    1.96    0.00    0.98    0.00    0.00    0.00    0.00    0.00    0.00   97.06
01:43:30 PM   22   18.00    0.00   58.00    0.00    0.00   24.00    0.00    0.00    0.00    0.00
01:43:30 PM   23   15.15    0.00   60.61    0.00    0.00   21.21    0.00    0.00    0.00    3.03
01:43:30 PM   24    0.00    0.00    1.01    0.00    0.00    0.00    0.00    0.00    0.00   98.99
01:43:30 PM   25    0.99    0.00    0.99    0.00    0.00    0.00    0.00    0.00    0.00   98.02
01:43:30 PM   26    0.00    0.00    0.00    1.01    0.00    0.00    0.00    0.00    0.00   98.99
01:43:30 PM   27    1.01    0.00    0.00    0.00    0.00    0.00    0.00    0.00    0.00   98.99
01:43:30 PM   28    0.99    0.00    0.99    0.00    0.00    0.00    0.00    0.00    0.00   98.02
01:43:30 PM   29    0.00    0.00    1.00    0.00    0.00    0.00    0.00    0.00    0.00   99.00
01:43:30 PM   30    1.00    0.00    0.00    0.00    0.00    0.00    0.00    0.00    0.00   99.00
01:43:30 PM   31    0.99    0.00    0.99    0.00    0.00    0.00    0.00    0.00    0.00   98.02
01:43:30 PM   32    0.00    0.00    1.00    1.00    0.00    0.00    0.00    0.00    0.00   98.00
01:43:30 PM   33    1.00    0.00    0.00    0.00    0.00    0.00    0.00    0.00    0.00   99.00
01:43:30 PM   34    0.00    0.00    1.00    0.00    0.00    0.00    0.00    0.00    0.00   99.00
01:43:30 PM   35    1.00    0.00    0.00    1.00    0.00    0.00    0.00    0.00    0.00   98.00

01:43:30 PM  CPU    %usr   %nice    %sys %iowait    %irq   %soft  %steal  %guest  %gnice   %idle
01:43:31 PM  all    1.56    0.00    3.60    0.00    0.00    1.28    0.00    0.00    0.00   93.55
01:43:31 PM    0    1.03    0.00    0.00    0.00    0.00    0.00    0.00    0.00    0.00   98.97
01:43:31 PM    1    1.00    0.00    0.00    0.00    0.00    0.00    0.00    0.00    0.00   99.00
01:43:31 PM    2    1.01    0.00    0.00    0.00    0.00    0.00    0.00    0.00    0.00   98.99
01:43:31 PM    3    0.99    0.00    0.99    0.00    0.00    0.00    0.00    0.00    0.00   98.02
01:43:31 PM    4    0.99    0.00    0.00    0.00    0.00    0.00    0.00    0.00    0.00   99.01
01:43:31 PM    5    2.00    0.00    0.00    0.00    0.00    0.00    0.00    0.00    0.00   98.00
01:43:31 PM    6    1.00    0.00    0.00    0.00    0.00    0.00    0.00    0.00    0.00   99.00
01:43:31 PM    7    0.99    0.00    0.99    0.00    0.00    0.00    0.00    0.00    0.00   98.02
01:43:31 PM    8    0.00    0.00    1.00    0.00    0.00    0.00    0.00    0.00    0.00   99.00
01:43:31 PM    9    0.00    0.00    0.00    0.00    0.00    0.00    0.00    0.00    0.00  100.00
01:43:31 PM   10    2.02    0.00    5.05    0.00    0.00    0.00    0.00    0.00    0.00   92.93
01:43:31 PM   11    0.00    0.00    0.00    0.00    0.00    0.00    0.00    0.00    0.00  100.00
01:43:31 PM   12    0.00    0.00    0.00    0.00    0.00    0.00    0.00    0.00    0.00  100.00
01:43:31 PM   13    0.00    0.00    1.00    0.00    0.00    0.00    0.00    0.00    0.00   99.00
01:43:31 PM   14    0.00    0.00    0.00    0.00    0.00    0.00    0.00    0.00    0.00  100.00
01:43:31 PM   15    0.00    0.00    0.00    0.00    0.00    0.00    0.00    0.00    0.00  100.00
01:43:31 PM   16    2.02    0.00    0.00    0.00    0.00    0.00    0.00    0.00    0.00   97.98
01:43:31 PM   17    1.00    0.00    0.00    0.00    0.00    0.00    0.00    0.00    0.00   99.00
01:43:31 PM   18    0.00    0.00    0.00    0.00    0.00    0.00    0.00    0.00    0.00  100.00
01:43:31 PM   19    0.00    0.00    0.00    0.00    0.00    0.00    0.00    0.00    0.00  100.00
01:43:31 PM   20    1.00    0.00    1.00    0.00    0.00    0.00    0.00    0.00    0.00   98.00
01:43:31 PM   21    1.00    0.00    0.00    0.00    0.00    0.00    0.00    0.00    0.00   99.00
01:43:31 PM   22   23.23    0.00   56.57    0.00    0.00   20.20    0.00    0.00    0.00    0.00
01:43:31 PM   23   11.88    0.00   59.41    0.00    0.00   25.74    0.00    0.00    0.00    2.97
01:43:31 PM   24    0.00    0.00    1.01    0.00    0.00    0.00    0.00    0.00    0.00   98.99
01:43:31 PM   25    0.00    0.00    0.00    0.00    0.00    0.00    0.00    0.00    0.00  100.00
01:43:31 PM   26    0.00    0.00    0.00    0.00    0.00    0.00    0.00    0.00    0.00  100.00
01:43:31 PM   27    0.00    0.00    0.00    0.00    0.00    0.00    0.00    0.00    0.00  100.00
01:43:31 PM   28    1.01    0.00    0.00    0.00    0.00    0.00    0.00    0.00    0.00   98.99
01:43:31 PM   29    0.00    0.00    0.00    0.00    0.00    0.00    0.00    0.00    0.00  100.00
01:43:31 PM   30    0.00    0.00    0.99    0.00    0.00    0.00    0.00    0.00    0.00   99.01
01:43:31 PM   31    0.00    0.00    0.00    0.00    0.00    0.00    0.00    0.00    0.00  100.00
01:43:31 PM   32    1.00    0.00    0.00    0.00    0.00    0.00    0.00    0.00    0.00   99.00
01:43:31 PM   33    1.00    0.00    1.00    0.00    0.00    0.00    0.00    0.00    0.00   98.00
01:43:31 PM   34    1.00    0.00    0.00    0.00    0.00    0.00    0.00    0.00    0.00   99.00
01:43:31 PM   35    1.01    0.00    0.00    0.00    0.00    0.00    0.00    0.00    0.00   98.99

01:43:31 PM  CPU    %usr   %nice    %sys %iowait    %irq   %soft  %steal  %guest  %gnice   %idle
01:43:32 PM  all    2.26    0.00    3.87    0.08    0.00    1.28    0.00    0.00    0.00   92.51
01:43:32 PM    0    3.03    0.00    0.00    1.01    0.00    0.00    0.00    0.00    0.00   95.96
01:43:32 PM    1    2.04    0.00    0.00    0.00    0.00    0.00    0.00    0.00    0.00   97.96
01:43:32 PM    2    1.01    0.00    0.00    0.00    0.00    0.00    0.00    0.00    0.00   98.99
01:43:32 PM    3    1.01    0.00    0.00    0.00    0.00    0.00    0.00    0.00    0.00   98.99
01:43:32 PM    4    2.00    0.00    1.00    0.00    0.00    0.00    0.00    0.00    0.00   97.00
01:43:32 PM    5    5.00    0.00    0.00    0.00    0.00    0.00    0.00    0.00    0.00   95.00
01:43:32 PM    6    1.00    0.00    0.00    0.00    0.00    0.00    0.00    0.00    0.00   99.00
01:43:32 PM    7    1.00    0.00    1.00    0.00    0.00    0.00    0.00    0.00    0.00   98.00
01:43:32 PM    8    2.00    0.00    0.00    0.00    0.00    0.00    0.00    0.00    0.00   98.00
01:43:32 PM    9    1.02    0.00    0.00    0.00    0.00    0.00    0.00    0.00    0.00   98.98
01:43:32 PM   10    1.00    0.00    1.00    0.00    0.00    0.00    0.00    0.00    0.00   98.00
01:43:32 PM   11    2.00    0.00    0.00    0.00    0.00    0.00    0.00    0.00    0.00   98.00
01:43:32 PM   12    1.00    0.00    2.00    0.00    0.00    0.00    0.00    0.00    0.00   97.00
01:43:32 PM   13    2.00    0.00    0.00    0.00    0.00    0.00    0.00    0.00    0.00   98.00
01:43:32 PM   14    2.00    0.00    0.00    0.00    0.00    0.00    0.00    0.00    0.00   98.00
01:43:32 PM   15    1.00    0.00    1.00    1.00    0.00    0.00    0.00    0.00    0.00   97.00
01:43:32 PM   16    2.97    0.00    0.00    0.00    0.00    0.00    0.00    0.00    0.00   97.03
01:43:32 PM   17    2.02    0.00    0.00    0.00    0.00    0.00    0.00    0.00    0.00   97.98
01:43:32 PM   18    1.98    0.00    0.00    0.00    0.00    0.00    0.00    0.00    0.00   98.02
01:43:32 PM   19    1.98    0.00    0.99    0.00    0.00    0.00    0.00    0.00    0.00   97.03
01:43:32 PM   20    2.97    0.00    0.00    0.00    0.00    0.00    0.00    0.00    0.00   97.03
01:43:32 PM   21    0.00    0.00    0.00    0.00    0.00    0.00    0.00    0.00    0.00  100.00
01:43:32 PM   22   12.87    0.00   61.39    0.00    0.00   25.74    0.00    0.00    0.00    0.00
01:43:32 PM   23   12.24    0.00   66.33    0.00    0.00   19.39    0.00    0.00    0.00    2.04
01:43:32 PM   24    2.00    0.00    1.00    0.00    0.00    0.00    0.00    0.00    0.00   97.00
01:43:32 PM   25    2.00    0.00    1.00    0.00    0.00    0.00    0.00    0.00    0.00   97.00
01:43:32 PM   26    2.97    0.00    0.99    0.00    0.00    0.00    0.00    0.00    0.00   96.04
01:43:32 PM   27    1.02    0.00    0.00    0.00    0.00    0.00    0.00    0.00    0.00   98.98
01:43:32 PM   28    2.94    0.00    0.98    0.00    0.00    0.98    0.00    0.00    0.00   95.10
01:43:32 PM   29    1.98    0.00    0.00    0.99    0.00    0.00    0.00    0.00    0.00   97.03
01:43:32 PM   30    1.01    0.00    0.00    0.00    0.00    0.00    0.00    0.00    0.00   98.99
01:43:32 PM   31    0.00    0.00    0.00    0.00    0.00    0.00    0.00    0.00    0.00  100.00
01:43:32 PM   32    1.00    0.00    0.00    0.00    0.00    0.00    0.00    0.00    0.00   99.00
01:43:32 PM   33    1.00    0.00    1.00    0.00    0.00    0.00    0.00    0.00    0.00   98.00
01:43:32 PM   34    0.00    0.00    0.00    0.00    0.00    0.00    0.00    0.00    0.00  100.00
01:43:32 PM   35    0.00    0.00    0.00    0.00    0.00    0.00    0.00    0.00    0.00  100.00

01:43:32 PM  CPU    %usr   %nice    %sys %iowait    %irq   %soft  %steal  %guest  %gnice   %idle
01:43:33 PM  all    1.93    0.00    4.01    0.08    0.00    1.26    0.00    0.00    0.00   92.72
01:43:33 PM    0    1.00    0.00    0.00    0.00    0.00    4.00    0.00    0.00    0.00   95.00
01:43:33 PM    1    0.00    0.00    0.00    0.00    0.00    1.02    0.00    0.00    0.00   98.98
01:43:33 PM    2    1.00    0.00    1.00    0.00    0.00    0.00    0.00    0.00    0.00   98.00
01:43:33 PM    3    1.00    0.00    1.00    0.00    0.00    0.00    0.00    0.00    0.00   98.00
01:43:33 PM    4    0.00    0.00    0.00    0.00    0.00    0.00    0.00    0.00    0.00  100.00
01:43:33 PM    5    1.02    0.00    0.00    0.00    0.00    0.00    0.00    0.00    0.00   98.98
01:43:33 PM    6    0.00    0.00    0.00    0.00    0.00    0.00    0.00    0.00    0.00  100.00
01:43:33 PM    7    0.00    0.00    0.00    0.00    0.00    0.00    0.00    0.00    0.00  100.00
01:43:33 PM    8    1.00    0.00    1.00    0.00    0.00    0.00    0.00    0.00    0.00   98.00
01:43:33 PM    9    1.00    0.00    1.00    0.00    0.00    0.00    0.00    0.00    0.00   98.00
01:43:33 PM   10    4.00    0.00    4.00    0.00    0.00    0.00    0.00    0.00    0.00   92.00
01:43:33 PM   11    0.00    0.00    1.01    0.00    0.00    0.00    0.00    0.00    0.00   98.99
01:43:33 PM   12    0.99    0.00    0.99    0.99    0.00    0.00    0.00    0.00    0.00   97.03
01:43:33 PM   13    0.00    0.00    0.00    0.00    0.00    0.00    0.00    0.00    0.00  100.00
01:43:33 PM   14    1.01    0.00    0.00    0.00    0.00    0.00    0.00    0.00    0.00   98.99
01:43:33 PM   15    2.00    0.00    0.00    0.00    0.00    0.00    0.00    0.00    0.00   98.00
01:43:33 PM   16    1.00    0.00    0.00    0.00    0.00    1.00    0.00    0.00    0.00   98.00
01:43:33 PM   17    1.01    0.00    0.00    0.00    0.00    0.00    0.00    0.00    0.00   98.99
01:43:33 PM   18    1.01    0.00    0.00    1.01    0.00    0.00    0.00    0.00    0.00   97.98
01:43:33 PM   19    1.01    0.00    1.01    0.00    0.00    0.00    0.00    0.00    0.00   97.98
01:43:33 PM   20    1.01    0.00    0.00    0.00    0.00    0.00    0.00    0.00    0.00   98.99
01:43:33 PM   21    1.01    0.00    0.00    0.00    0.00    0.00    0.00    0.00    0.00   98.99
01:43:33 PM   22   18.18    0.00   65.66    0.00    0.00   16.16    0.00    0.00    0.00    0.00
01:43:33 PM   23   13.00    0.00   62.00    0.00    0.00   22.00    0.00    0.00    0.00    3.00
01:43:33 PM   24    0.00    0.00    0.00    0.00    0.00    0.00    0.00    0.00    0.00  100.00
01:43:33 PM   25    0.00    0.00    1.01    0.00    0.00    0.00    0.00    0.00    0.00   98.99
01:43:33 PM   26    0.00    0.00    0.00    0.00    0.00    0.00    0.00    0.00    0.00  100.00
01:43:33 PM   27    2.02    0.00    0.00    0.00    0.00    0.00    0.00    0.00    0.00   97.98
01:43:33 PM   28    0.99    0.00    0.99    0.00    0.00    0.99    0.00    0.00    0.00   97.03
01:43:33 PM   29    3.00    0.00    0.00    1.00    0.00    0.00    0.00    0.00    0.00   96.00
01:43:33 PM   30    2.04    0.00    1.02    0.00    0.00    0.00    0.00    0.00    0.00   96.94
01:43:33 PM   31    3.03    0.00    0.00    0.00    0.00    0.00    0.00    0.00    0.00   96.97
01:43:33 PM   32    2.02    0.00    1.01    0.00    0.00    0.00    0.00    0.00    0.00   96.97
01:43:33 PM   33    2.02    0.00    0.00    0.00    0.00    0.00    0.00    0.00    0.00   97.98
01:43:33 PM   34    1.02    0.00    1.02    0.00    0.00    0.00    0.00    0.00    0.00   97.96
01:43:33 PM   35    2.04    0.00    0.00    0.00    0.00    0.00    0.00    0.00    0.00   97.96

01:43:33 PM  CPU    %usr   %nice    %sys %iowait    %irq   %soft  %steal  %guest  %gnice   %idle
01:43:34 PM  all    1.53    0.00    4.04    0.11    0.00    1.25    0.00    0.00    0.00   93.06
01:43:34 PM    0    2.04    0.00    0.00    0.00    0.00    0.00    0.00    0.00    0.00   97.96
01:43:34 PM    1    1.00    0.00    1.00    0.00    0.00    0.00    0.00    0.00    0.00   98.00
01:43:34 PM    2    1.98    0.00    0.00    0.99    0.00    0.00    0.00    0.00    0.00   97.03
01:43:34 PM    3    0.00    0.00    1.00    0.00    0.00    0.00    0.00    0.00    0.00   99.00
01:43:34 PM    4    0.00    0.00    0.00    0.00    0.00    0.00    0.00    0.00    0.00  100.00
01:43:34 PM    5    0.00    0.00    1.00    0.00    0.00    0.00    0.00    0.00    0.00   99.00
01:43:34 PM    6    2.97    0.00    0.00    0.00    0.00    0.00    0.00    0.00    0.00   97.03
01:43:34 PM    7    1.01    0.00    0.00    0.00    0.00    0.00    0.00    0.00    0.00   98.99
01:43:34 PM    8    0.00    0.00    0.99    0.00    0.00    0.99    0.00    0.00    0.00   98.02
01:43:34 PM    9    1.00    0.00    0.00    0.00    0.00    0.00    0.00    0.00    0.00   99.00
01:43:34 PM   10    1.98    0.00    7.92    0.00    0.00    0.00    0.00    0.00    0.00   90.10
01:43:34 PM   11    0.00    0.00    0.00    0.00    0.00    0.00    0.00    0.00    0.00  100.00
01:43:34 PM   12    0.00    0.00    0.00    0.00    0.00    0.00    0.00    0.00    0.00  100.00
01:43:34 PM   13    0.00    0.00    0.00    0.00    0.00    0.00    0.00    0.00    0.00  100.00
01:43:34 PM   14    0.00    0.00    0.00    0.00    0.00    0.00    0.00    0.00    0.00  100.00
01:43:34 PM   15    0.00    0.00    0.00    0.00    0.00    0.00    0.00    0.00    0.00  100.00
01:43:34 PM   16    0.00    0.00    1.01    0.00    0.00    0.00    0.00    0.00    0.00   98.99
01:43:34 PM   17    0.00    0.00    0.00    0.00    0.00    0.00    0.00    0.00    0.00  100.00
01:43:34 PM   18    1.01    0.00    0.00    0.00    0.00    0.00    0.00    0.00    0.00   98.99
01:43:34 PM   19    1.00    0.00    0.00    0.00    0.00    0.00    0.00    0.00    0.00   99.00
01:43:34 PM   20    0.99    0.00    0.99    0.00    0.00    0.00    0.00    0.00    0.00   98.02
01:43:34 PM   21    0.00    0.00    2.00    0.00    0.00    0.00    0.00    0.00    0.00   98.00
01:43:34 PM   22   18.00    0.00   59.00    0.00    0.00   23.00    0.00    0.00    0.00    0.00
01:43:34 PM   23   12.12    0.00   64.65    0.00    0.00   21.21    0.00    0.00    0.00    2.02
01:43:34 PM   24    0.99    0.00    1.98    0.99    0.00    0.00    0.00    0.00    0.00   96.04
01:43:34 PM   25    2.00    0.00    0.00    0.00    0.00    0.00    0.00    0.00    0.00   98.00
01:43:34 PM   26    1.00    0.00    0.00    0.00    0.00    0.00    0.00    0.00    0.00   99.00
01:43:34 PM   27    0.00    0.00    1.01    0.00    0.00    0.00    0.00    0.00    0.00   98.99
01:43:34 PM   28    0.00    0.00    0.00    0.00    0.00    0.00    0.00    0.00    0.00  100.00
01:43:34 PM   29    1.00    0.00    0.00    0.00    0.00    0.00    0.00    0.00    0.00   99.00
01:43:34 PM   30    0.00    0.00    0.00    0.00    0.00    0.00    0.00    0.00    0.00  100.00
01:43:34 PM   31    1.00    0.00    1.00    0.00    0.00    0.00    0.00    0.00    0.00   98.00
01:43:34 PM   32    0.00    0.00    1.01    0.00    0.00    0.00    0.00    0.00    0.00   98.99
01:43:34 PM   33    2.00    0.00    0.00    1.00    0.00    0.00    0.00    0.00    0.00   97.00
01:43:34 PM   34    1.00    0.00    0.00    1.00    0.00    0.00    0.00    0.00    0.00   98.00
01:43:34 PM   35    1.00    0.00    1.00    0.00    0.00    0.00    0.00    0.00    0.00   98.00

01:43:34 PM  CPU    %usr   %nice    %sys %iowait    %irq   %soft  %steal  %guest  %gnice   %idle
01:43:35 PM  all    1.54    0.00    3.67    0.00    0.00    1.26    0.00    0.00    0.00   93.53
01:43:35 PM    0    0.00    0.00    0.00    0.00    0.00    1.03    0.00    0.00    0.00   98.97
01:43:35 PM    1    1.01    0.00    0.00    0.00    0.00    0.00    0.00    0.00    0.00   98.99
01:43:35 PM    2    1.01    0.00    0.00    0.00    0.00    0.00    0.00    0.00    0.00   98.99
01:43:35 PM    3    0.00    0.00    0.00    0.00    0.00    0.00    0.00    0.00    0.00  100.00
01:43:35 PM    4    1.01    0.00    0.00    0.00    0.00    0.00    0.00    0.00    0.00   98.99
01:43:35 PM    5    0.00    0.00    0.00    0.00    0.00    0.00    0.00    0.00    0.00  100.00
01:43:35 PM    6    1.02    0.00    0.00    0.00    0.00    0.00    0.00    0.00    0.00   98.98
01:43:35 PM    7    0.99    0.00    0.00    0.00    0.00    0.00    0.00    0.00    0.00   99.01
01:43:35 PM    8    0.00    0.00    0.00    0.00    0.00    0.00    0.00    0.00    0.00  100.00
01:43:35 PM    9    0.00    0.00    0.00    0.00    0.00    0.00    0.00    0.00    0.00  100.00
01:43:35 PM   10    0.00    0.00    0.00    0.00    0.00    0.00    0.00    0.00    0.00  100.00
01:43:35 PM   11    0.99    0.00    0.99    0.00    0.00    0.99    0.00    0.00    0.00   97.03
01:43:35 PM   12    1.00    0.00    1.00    0.00    0.00    0.00    0.00    0.00    0.00   98.00
01:43:35 PM   13    0.00    0.00    0.00    0.00    0.00    0.00    0.00    0.00    0.00  100.00
01:43:35 PM   14    0.00    0.00    0.99    0.00    0.00    0.00    0.00    0.00    0.00   99.01
01:43:35 PM   15    0.00    0.00    0.00    0.00    0.00    0.00    0.00    0.00    0.00  100.00
01:43:35 PM   16    0.00    0.00    1.00    0.00    0.00    0.00    0.00    0.00    0.00   99.00
01:43:35 PM   17    0.00    0.00    0.00    0.00    0.00    0.00    0.00    0.00    0.00  100.00
01:43:35 PM   18    2.00    0.00    1.00    0.00    0.00    0.00    0.00    0.00    0.00   97.00
01:43:35 PM   19    0.00    0.00    0.00    0.00    0.00    0.00    0.00    0.00    0.00  100.00
01:43:35 PM   20    0.00    0.00    1.00    0.00    0.00    0.00    0.00    0.00    0.00   99.00
01:43:35 PM   21    0.00    0.00    0.00    0.00    0.00    0.00    0.00    0.00    0.00  100.00
01:43:35 PM   22   16.00    0.00   60.00    0.00    0.00   24.00    0.00    0.00    0.00    0.00
01:43:35 PM   23   17.35    0.00   60.20    0.00    0.00   19.39    0.00    0.00    0.00    3.06
01:43:35 PM   24    1.01    0.00    0.00    0.00    0.00    0.00    0.00    0.00    0.00   98.99
01:43:35 PM   25    1.00    0.00    0.00    0.00    0.00    0.00    0.00    0.00    0.00   99.00
01:43:35 PM   26    0.00    0.00    0.00    0.00    0.00    0.00    0.00    0.00    0.00  100.00
01:43:35 PM   27    0.00    0.00    0.00    0.00    0.00    0.00    0.00    0.00    0.00  100.00
01:43:35 PM   28    4.00    0.00    3.00    0.00    0.00    0.00    0.00    0.00    0.00   93.00
01:43:35 PM   29    1.01    0.00    0.00    0.00    0.00    0.00    0.00    0.00    0.00   98.99
01:43:35 PM   30    1.00    0.00    0.00    0.00    0.00    0.00    0.00    0.00    0.00   99.00
01:43:35 PM   31    0.00    0.00    0.00    0.00    0.00    0.00    0.00    0.00    0.00  100.00
01:43:35 PM   32    1.01    0.00    0.00    0.00    0.00    0.00    0.00    0.00    0.00   98.99
01:43:35 PM   33    1.00    0.00    1.00    0.00    0.00    0.00    0.00    0.00    0.00   98.00
01:43:35 PM   34    1.00    0.00    1.00    0.00    0.00    0.00    0.00    0.00    0.00   98.00
01:43:35 PM   35    2.00    0.00    1.00    0.00    0.00    0.00    0.00    0.00    0.00   97.00

01:43:35 PM  CPU    %usr   %nice    %sys %iowait    %irq   %soft  %steal  %guest  %gnice   %idle
01:43:36 PM  all    2.09    0.00    3.94    0.03    0.00    1.09    0.00    0.00    0.00   92.85
01:43:36 PM    0    1.01    0.00    0.00    0.00    0.00    1.01    0.00    0.00    0.00   97.98
01:43:36 PM    1    1.01    0.00    1.01    0.00    0.00    0.00    0.00    0.00    0.00   97.98
01:43:36 PM    2    1.01    0.00    0.00    0.00    0.00    0.00    0.00    0.00    0.00   98.99
01:43:36 PM    3    1.01    0.00    0.00    0.00    0.00    0.00    0.00    0.00    0.00   98.99
01:43:36 PM    4    1.00    0.00    0.00    0.00    0.00    0.00    0.00    0.00    0.00   99.00
01:43:36 PM    5    1.98    0.00    0.00    0.00    0.00    0.00    0.00    0.00    0.00   98.02
01:43:36 PM    6    5.94    0.00    0.99    0.00    0.00    0.00    0.00    0.00    0.00   93.07
01:43:36 PM    7    1.01    0.00    0.00    0.00    0.00    0.00    0.00    0.00    0.00   98.99
01:43:36 PM    8    1.98    0.00    0.00    0.00    0.00    0.00    0.00    0.00    0.00   98.02
01:43:36 PM    9    3.00    0.00    6.00    0.00    0.00    0.00    0.00    0.00    0.00   91.00
01:43:36 PM   10    0.00    0.00    0.00    0.00    0.00    0.00    0.00    0.00    0.00  100.00
01:43:36 PM   11    0.99    0.00    0.00    0.00    0.00    0.99    0.00    0.00    0.00   98.02
01:43:36 PM   12    1.01    0.00    0.00    0.00    0.00    0.00    0.00    0.00    0.00   98.99
01:43:36 PM   13    1.02    0.00    0.00    0.00    0.00    0.00    0.00    0.00    0.00   98.98
01:43:36 PM   14    1.01    0.00    0.00    0.00    0.00    0.00    0.00    0.00    0.00   98.99
01:43:36 PM   15    0.00    0.00    0.00    0.00    0.00    0.00    0.00    0.00    0.00  100.00
01:43:36 PM   16    2.00    0.00    0.00    0.00    0.00    0.00    0.00    0.00    0.00   98.00
01:43:36 PM   17    1.01    0.00    0.00    0.00    0.00    0.00    0.00    0.00    0.00   98.99
01:43:36 PM   18    1.01    0.00    0.00    0.00    0.00    0.00    0.00    0.00    0.00   98.99
01:43:36 PM   19    1.98    0.00    0.00    0.00    0.00    0.00    0.00    0.00    0.00   98.02
01:43:36 PM   20    0.00    0.00    0.00    0.00    0.00    0.00    0.00    0.00    0.00  100.00
01:43:36 PM   21    1.02    0.00    0.00    0.00    0.00    0.00    0.00    0.00    0.00   98.98
01:43:36 PM   22   15.00    0.00   69.00    0.00    0.00   16.00    0.00    0.00    0.00    0.00
01:43:36 PM   23   13.13    0.00   62.63    0.00    0.00   21.21    0.00    0.00    0.00    3.03
01:43:36 PM   24    2.02    0.00    0.00    0.00    0.00    0.00    0.00    0.00    0.00   97.98
01:43:36 PM   25    1.01    0.00    0.00    0.00    0.00    0.00    0.00    0.00    0.00   98.99
01:43:36 PM   26    2.00    0.00    0.00    0.00    0.00    0.00    0.00    0.00    0.00   98.00
01:43:36 PM   27    1.01    0.00    0.00    0.00    0.00    0.00    0.00    0.00    0.00   98.99
01:43:36 PM   28    2.00    0.00    0.00    0.00    0.00    0.00    0.00    0.00    0.00   98.00
01:43:36 PM   29    1.00    0.00    2.00    0.00    0.00    0.00    0.00    0.00    0.00   97.00
01:43:36 PM   30    2.00    0.00    0.00    0.00    0.00    0.00    0.00    0.00    0.00   98.00
01:43:36 PM   31    1.01    0.00    0.00    0.00    0.00    0.00    0.00    0.00    0.00   98.99
01:43:36 PM   32    1.01    0.00    0.00    0.00    0.00    0.00    0.00    0.00    0.00   98.99
01:43:36 PM   33    2.00    0.00    0.00    0.00    0.00    0.00    0.00    0.00    0.00   98.00
01:43:36 PM   34    1.00    0.00    0.00    1.00    0.00    0.00    0.00    0.00    0.00   98.00
01:43:36 PM   35    1.01    0.00    0.00    0.00    0.00    0.00    0.00    0.00    0.00   98.99

Average:     CPU    %usr   %nice    %sys %iowait    %irq   %soft  %steal  %guest  %gnice   %idle
Average:     all    1.74    0.00    3.78    0.06    0.00    1.25    0.00    0.00    0.00   93.17
Average:       0    1.12    0.00    0.31    0.10    0.00    0.92    0.00    0.00    0.00   97.55
Average:       1    0.91    0.00    0.40    0.00    0.00    0.20    0.00    0.00    0.00   98.48
Average:       2    1.01    0.00    0.20    0.10    0.00    0.00    0.00    0.00    0.00   98.69
Average:       3    0.70    0.00    0.30    0.10    0.00    0.00    0.00    0.00    0.00   98.89
Average:       4    0.80    0.00    0.20    0.10    0.00    0.00    0.00    0.00    0.00   98.89
Average:       5    1.51    0.00    0.20    0.00    0.00    0.10    0.00    0.00    0.00   98.19
Average:       6    2.71    0.00    0.20    0.00    0.00    0.00    0.00    0.00    0.00   97.09
Average:       7    0.70    0.00    0.20    0.00    0.00    0.00    0.00    0.00    0.00   99.10
Average:       8    0.70    0.00    0.50    0.00    0.00    0.10    0.00    0.00    0.00   98.70
Average:       9    1.11    0.00    0.90    0.00    0.00    0.00    0.00    0.00    0.00   97.99
Average:      10    1.51    0.00    3.02    0.00    0.00    0.00    0.00    0.00    0.00   95.48
Average:      11    0.80    0.00    0.20    0.00    0.00    0.20    0.00    0.00    0.00   98.80
Average:      12    0.80    0.00    0.40    0.10    0.00    0.10    0.00    0.00    0.00   98.60
Average:      13    0.60    0.00    0.20    0.00    0.00    0.00    0.00    0.00    0.00   99.19
Average:      14    0.80    0.00    0.30    0.00    0.00    0.00    0.00    0.00    0.00   98.89
Average:      15    0.80    0.00    0.20    0.20    0.00    0.00    0.00    0.00    0.00   98.79
Average:      16    1.20    0.00    0.60    0.00    0.00    0.10    0.00    0.00    0.00   98.09
Average:      17    0.81    0.00    0.30    0.00    0.00    0.00    0.00    0.00    0.00   98.89
Average:      18    1.11    0.00    0.20    0.10    0.00    0.00    0.00    0.00    0.00   98.59
Average:      19    0.80    0.00    0.20    0.00    0.00    0.00    0.00    0.00    0.00   99.00
Average:      20    1.00    0.00    0.40    0.00    0.00    0.00    0.00    0.00    0.00   98.60
Average:      21    0.50    0.00    0.40    0.00    0.00    0.00    0.00    0.00    0.00   99.09
Average:      22   16.70    0.00   60.10    0.00    0.00   21.60    0.00    0.00    0.00    1.60
Average:      23   12.86    0.00   61.31    0.00    0.00   21.41    0.00    0.00    0.00    4.42
Average:      24    0.90    0.00    0.70    0.10    0.00    0.00    0.00    0.00    0.00   98.29
Average:      25    1.00    0.00    0.40    0.00    0.00    0.00    0.00    0.00    0.00   98.60
Average:      26    0.80    0.00    0.20    0.20    0.00    0.00    0.00    0.00    0.00   98.79
Average:      27    0.71    0.00    0.10    0.00    0.00    0.00    0.00    0.00    0.00   99.19
Average:      28    1.30    0.00    0.60    0.00    0.00    0.20    0.00    0.00    0.00   97.90
Average:      29    0.90    0.00    0.40    0.20    0.00    0.00    0.00    0.00    0.00   98.50
Average:      30    0.90    0.00    0.20    0.10    0.00    0.00    0.00    0.00    0.00   98.79
Average:      31    0.70    0.00    0.30    0.00    0.00    0.00    0.00    0.00    0.00   98.99
Average:      32    0.70    0.00    0.30    0.10    0.00    0.00    0.00    0.00    0.00   98.89
Average:      33    1.20    0.00    0.30    0.10    0.00    0.00    0.00    0.00    0.00   98.39
Average:      34    0.70    0.00    0.50    0.20    0.00    0.00    0.00    0.00    0.00   98.59
Average:      35    1.21    0.00    0.30    0.20    0.00    0.00    0.00    0.00    0.00   98.29
