Linux 5.15.0-186-generic (rapids4) 	07/28/2026 	_x86_64_	(36 CPU)

12:56:36 PM  CPU    %usr   %nice    %sys %iowait    %irq   %soft  %steal  %guest  %gnice   %idle
12:56:37 PM  all    2.23    0.00    2.70    0.06    0.00    1.45    0.00    0.00    0.00   93.56
12:56:37 PM    0    1.96    0.00    0.00    1.96    0.00    3.92    0.00    0.00    0.00   92.16
12:56:37 PM    1    1.98    0.00    0.99    0.00    0.00    0.00    0.00    0.00    0.00   97.03
12:56:37 PM    2    2.02    0.00    1.01    0.00    0.00    0.00    0.00    0.00    0.00   96.97
12:56:37 PM    3    0.00    0.00    0.00    0.00    0.00    0.00    0.00    0.00    0.00  100.00
12:56:37 PM    4    3.00    0.00    0.00    0.00    0.00    0.00    0.00    0.00    0.00   97.00
12:56:37 PM    5    3.96    0.00    0.99    0.00    0.00    0.00    0.00    0.00    0.00   95.05
12:56:37 PM    6    7.92    0.00    0.99    0.00    0.00    0.00    0.00    0.00    0.00   91.09
12:56:37 PM    7    5.00    0.00    5.00    0.00    0.00    0.00    0.00    0.00    0.00   90.00
12:56:37 PM    8    0.00    0.00    0.00    0.00    0.00    0.00    0.00    0.00    0.00  100.00
12:56:37 PM    9    1.00    0.00    0.00    0.00    0.00    0.00    0.00    0.00    0.00   99.00
12:56:37 PM   10    1.00    0.00    0.00    0.00    0.00    0.00    0.00    0.00    0.00   99.00
12:56:37 PM   11    1.96    0.00    1.96    0.00    0.00    0.00    0.00    0.00    0.00   96.08
12:56:37 PM   12    1.01    0.00    0.00    0.00    0.00    0.00    0.00    0.00    0.00   98.99
12:56:37 PM   13    2.00    0.00    1.00    0.00    0.00    0.00    0.00    0.00    0.00   97.00
12:56:37 PM   14    2.00    0.00    1.00    0.00    0.00    0.00    0.00    0.00    0.00   97.00
12:56:37 PM   15    0.00    0.00    0.00    0.00    0.00    0.00    0.00    0.00    0.00  100.00
12:56:37 PM   16    0.00    0.00    0.00    0.00    0.00    0.00    0.00    0.00    0.00  100.00
12:56:37 PM   17    1.00    0.00    0.00    0.00    0.00    0.00    0.00    0.00    0.00   99.00
12:56:37 PM   18    0.00    0.00    0.00    0.00    0.00    0.00    0.00    0.00    0.00  100.00
12:56:37 PM   19    1.01    0.00    0.00    0.00    0.00    0.00    0.00    0.00    0.00   98.99
12:56:37 PM   20    0.00    0.00    1.01    0.00    0.00    0.00    0.00    0.00    0.00   98.99
12:56:37 PM   21    0.00    0.00    0.00    0.00    0.00    0.00    0.00    0.00    0.00  100.00
12:56:37 PM   22    1.00    0.00    1.00    0.00    0.00    0.00    0.00    0.00    0.00   98.00
12:56:37 PM   23    2.00    0.00    0.00    0.00    0.00    0.00    0.00    0.00    0.00   98.00
12:56:37 PM   24   16.00    0.00   41.00    0.00    0.00   26.00    0.00    0.00    0.00   17.00
12:56:37 PM   25   16.33    0.00   36.73    0.00    0.00   22.45    0.00    0.00    0.00   24.49
12:56:37 PM   26    1.98    0.00    0.00    0.00    0.00    0.00    0.00    0.00    0.00   98.02
12:56:37 PM   27    0.00    0.00    1.01    0.00    0.00    0.00    0.00    0.00    0.00   98.99
12:56:37 PM   28    1.00    0.00    1.00    0.00    0.00    0.00    0.00    0.00    0.00   98.00
12:56:37 PM   29    0.00    0.00    1.01    0.00    0.00    0.00    0.00    0.00    0.00   98.99
12:56:37 PM   30    1.01    0.00    0.00    0.00    0.00    0.00    0.00    0.00    0.00   98.99
12:56:37 PM   31    1.01    0.00    0.00    0.00    0.00    0.00    0.00    0.00    0.00   98.99
12:56:37 PM   32    0.00    0.00    1.01    0.00    0.00    0.00    0.00    0.00    0.00   98.99
12:56:37 PM   33    1.98    0.00    0.99    0.00    0.00    0.00    0.00    0.00    0.00   97.03
12:56:37 PM   34    1.01    0.00    0.00    0.00    0.00    0.00    0.00    0.00    0.00   98.99
12:56:37 PM   35    0.00    0.00    0.00    0.00    0.00    0.00    0.00    0.00    0.00  100.00

12:56:37 PM  CPU    %usr   %nice    %sys %iowait    %irq   %soft  %steal  %guest  %gnice   %idle
12:56:38 PM  all    2.10    0.00    2.77    0.08    0.00    1.65    0.00    0.00    0.00   93.39
12:56:38 PM    0    0.00    0.00    0.00    0.00    0.00    4.95    0.00    0.00    0.00   95.05
12:56:38 PM    1    0.00    0.00    1.01    0.00    0.00    0.00    0.00    0.00    0.00   98.99
12:56:38 PM    2    1.03    0.00    0.00    0.00    0.00    0.00    0.00    0.00    0.00   98.97
12:56:38 PM    3    0.00    0.00    1.01    1.01    0.00    0.00    0.00    0.00    0.00   97.98
12:56:38 PM    4    0.00    0.00    0.00    0.00    0.00    0.00    0.00    0.00    0.00  100.00
12:56:38 PM    5    0.00    0.00    0.00    0.00    0.00    0.00    0.00    0.00    0.00  100.00
12:56:38 PM    6    0.00    0.00    0.00    1.01    0.00    0.00    0.00    0.00    0.00   98.99
12:56:38 PM    7    0.00    0.00    0.00    0.00    0.00    0.00    0.00    0.00    0.00  100.00
12:56:38 PM    8    0.00    0.00    0.00    0.00    0.00    0.00    0.00    0.00    0.00  100.00
12:56:38 PM    9    1.01    0.00    0.00    0.00    0.00    0.00    0.00    0.00    0.00   98.99
12:56:38 PM   10    4.00    0.00    0.00    0.00    0.00    0.00    0.00    0.00    0.00   96.00
12:56:38 PM   11    1.01    0.00    0.00    0.00    0.00    0.00    0.00    0.00    0.00   98.99
12:56:38 PM   12    1.01    0.00    0.00    0.00    0.00    0.00    0.00    0.00    0.00   98.99
12:56:38 PM   13    2.00    0.00    0.00    0.00    0.00    0.00    0.00    0.00    0.00   98.00
12:56:38 PM   14    2.02    0.00    0.00    0.00    0.00    0.00    0.00    0.00    0.00   97.98
12:56:38 PM   15    0.00    0.00    0.00    0.00    0.00    0.00    0.00    0.00    0.00  100.00
12:56:38 PM   16    0.00    0.00    1.01    0.00    0.00    0.00    0.00    0.00    0.00   98.99
12:56:38 PM   17    0.00    0.00    1.01    0.00    0.00    0.00    0.00    0.00    0.00   98.99
12:56:38 PM   18    2.02    0.00    1.01    0.00    0.00    0.00    0.00    0.00    0.00   96.97
12:56:38 PM   19    0.00    0.00    1.00    0.00    0.00    0.00    0.00    0.00    0.00   99.00
12:56:38 PM   20    0.00    0.00    0.00    0.00    0.00    0.00    0.00    0.00    0.00  100.00
12:56:38 PM   21    0.99    0.00    1.98    0.00    0.00    0.00    0.00    0.00    0.00   97.03
12:56:38 PM   22    1.00    0.00    0.00    0.00    0.00    0.00    0.00    0.00    0.00   99.00
12:56:38 PM   23    0.00    0.00    1.01    0.00    0.00    0.00    0.00    0.00    0.00   98.99
12:56:38 PM   24   28.57    0.00   43.88    0.00    0.00   26.53    0.00    0.00    0.00    1.02
12:56:38 PM   25   19.39    0.00   42.86    0.00    0.00   28.57    0.00    0.00    0.00    9.18
12:56:38 PM   26    2.00    0.00    1.00    0.00    0.00    0.00    0.00    0.00    0.00   97.00
12:56:38 PM   27    1.00    0.00    0.00    0.00    0.00    0.00    0.00    0.00    0.00   99.00
12:56:38 PM   28    1.01    0.00    0.00    0.00    0.00    0.00    0.00    0.00    0.00   98.99
12:56:38 PM   29    2.00    0.00    0.00    0.00    0.00    0.00    0.00    0.00    0.00   98.00
12:56:38 PM   30    1.01    0.00    0.00    0.00    0.00    0.00    0.00    0.00    0.00   98.99
12:56:38 PM   31    1.00    0.00    1.00    1.00    0.00    0.00    0.00    0.00    0.00   97.00
12:56:38 PM   32    2.00    0.00    1.00    0.00    0.00    0.00    0.00    0.00    0.00   97.00
12:56:38 PM   33    0.00    0.00    0.00    0.00    0.00    0.00    0.00    0.00    0.00  100.00
12:56:38 PM   34    1.00    0.00    1.00    0.00    0.00    0.00    0.00    0.00    0.00   98.00
12:56:38 PM   35    1.01    0.00    1.01    0.00    0.00    0.00    0.00    0.00    0.00   97.98

12:56:38 PM  CPU    %usr   %nice    %sys %iowait    %irq   %soft  %steal  %guest  %gnice   %idle
12:56:39 PM  all    2.37    0.00    3.23    0.06    0.00    1.51    0.00    0.00    0.00   92.84
12:56:39 PM    0    1.94    0.00    0.97    0.97    0.00    3.88    0.00    0.00    0.00   92.23
12:56:39 PM    1    1.00    0.00    1.00    0.00    0.00    0.00    0.00    0.00    0.00   98.00
12:56:39 PM    2    2.02    0.00    1.01    0.00    0.00    0.00    0.00    0.00    0.00   96.97
12:56:39 PM    3    2.02    0.00    0.00    0.00    0.00    0.00    0.00    0.00    0.00   97.98
12:56:39 PM    4    1.98    0.00    0.99    0.00    0.00    0.99    0.00    0.00    0.00   96.04
12:56:39 PM    5    0.00    0.00    0.00    0.00    0.00    0.00    0.00    0.00    0.00  100.00
12:56:39 PM    6    2.00    0.00    7.00    0.00    0.00    0.00    0.00    0.00    0.00   91.00
12:56:39 PM    7    1.98    0.00    1.98    0.00    0.00    0.00    0.00    0.00    0.00   96.04
12:56:39 PM    8    0.00    0.00    1.00    0.00    0.00    0.00    0.00    0.00    0.00   99.00
12:56:39 PM    9    1.00    0.00    0.00    0.00    0.00    0.00    0.00    0.00    0.00   99.00
12:56:39 PM   10    8.00    0.00    1.00    0.00    0.00    0.00    0.00    0.00    0.00   91.00
12:56:39 PM   11    1.00    0.00    1.00    0.00    0.00    0.00    0.00    0.00    0.00   98.00
12:56:39 PM   12    1.01    0.00    0.00    0.00    0.00    0.00    0.00    0.00    0.00   98.99
12:56:39 PM   13    2.02    0.00    0.00    0.00    0.00    0.00    0.00    0.00    0.00   97.98
12:56:39 PM   14    0.00    0.00    1.01    0.00    0.00    0.00    0.00    0.00    0.00   98.99
12:56:39 PM   15    1.00    0.00    1.00    0.00    0.00    0.00    0.00    0.00    0.00   98.00
12:56:39 PM   16    2.00    0.00    0.00    0.00    0.00    0.00    0.00    0.00    0.00   98.00
12:56:39 PM   17    1.01    0.00    0.00    0.00    0.00    0.00    0.00    0.00    0.00   98.99
12:56:39 PM   18    0.00    0.00    0.00    0.00    0.00    0.00    0.00    0.00    0.00  100.00
12:56:39 PM   19    1.01    0.00    0.00    0.00    0.00    0.00    0.00    0.00    0.00   98.99
12:56:39 PM   20    1.00    0.00    0.00    0.00    0.00    0.00    0.00    0.00    0.00   99.00
12:56:39 PM   21    0.99    0.00    0.00    0.00    0.00    0.99    0.00    0.00    0.00   98.02
12:56:39 PM   22    0.00    0.00    1.00    0.00    0.00    0.00    0.00    0.00    0.00   99.00
12:56:39 PM   23    0.00    0.00    0.00    1.01    0.00    0.00    0.00    0.00    0.00   98.99
12:56:39 PM   24   27.00    0.00   48.00    0.00    0.00   24.00    0.00    0.00    0.00    1.00
12:56:39 PM   25   19.61    0.00   44.12    0.00    0.00   23.53    0.00    0.00    0.00   12.75
12:56:39 PM   26    0.00    0.00    1.01    0.00    0.00    0.00    0.00    0.00    0.00   98.99
12:56:39 PM   27    0.00    0.00    0.00    0.00    0.00    0.00    0.00    0.00    0.00  100.00
12:56:39 PM   28    0.00    0.00    0.00    0.00    0.00    0.00    0.00    0.00    0.00  100.00
12:56:39 PM   29    0.00    0.00    1.00    0.00    0.00    0.00    0.00    0.00    0.00   99.00
12:56:39 PM   30    2.00    0.00    1.00    0.00    0.00    0.00    0.00    0.00    0.00   97.00
12:56:39 PM   31    0.00    0.00    0.00    0.00    0.00    0.00    0.00    0.00    0.00  100.00
12:56:39 PM   32    0.00    0.00    1.01    0.00    0.00    0.00    0.00    0.00    0.00   98.99
12:56:39 PM   33    1.98    0.00    0.00    0.00    0.00    0.00    0.00    0.00    0.00   98.02
12:56:39 PM   34    0.00    0.00    0.00    0.00    0.00    0.00    0.00    0.00    0.00  100.00
12:56:39 PM   35    1.00    0.00    0.00    0.00    0.00    0.00    0.00    0.00    0.00   99.00

12:56:39 PM  CPU    %usr   %nice    %sys %iowait    %irq   %soft  %steal  %guest  %gnice   %idle
12:56:40 PM  all    2.31    0.00    3.48    0.14    0.00    1.53    0.00    0.00    0.00   92.54
12:56:40 PM    0    0.00    0.00    0.00    0.00    0.00    2.06    0.00    0.00    0.00   97.94
12:56:40 PM    1    2.00    0.00    1.00    0.00    0.00    0.00    0.00    0.00    0.00   97.00
12:56:40 PM    2    2.02    0.00    1.01    0.00    0.00    0.00    0.00    0.00    0.00   96.97
12:56:40 PM    3    1.98    0.00    0.99    0.99    0.00    0.00    0.00    0.00    0.00   96.04
12:56:40 PM    4    3.03    0.00    1.01    0.00    0.00    0.00    0.00    0.00    0.00   95.96
12:56:40 PM    5    1.02    0.00    2.04    1.02    0.00    0.00    0.00    0.00    0.00   95.92
12:56:40 PM    6    2.02    0.00    5.05    0.00    0.00    0.00    0.00    0.00    0.00   92.93
12:56:40 PM    7    1.02    0.00    0.00    0.00    0.00    0.00    0.00    0.00    0.00   98.98
12:56:40 PM    8    2.00    0.00    0.00    0.00    0.00    0.00    0.00    0.00    0.00   98.00
12:56:40 PM    9    2.02    0.00    0.00    0.00    0.00    0.00    0.00    0.00    0.00   97.98
12:56:40 PM   10    4.90    0.00    0.98    0.98    0.00    0.00    0.00    0.00    0.00   93.14
12:56:40 PM   11    0.99    0.00    0.99    0.00    0.00    0.00    0.00    0.00    0.00   98.02
12:56:40 PM   12    1.00    0.00    1.00    0.00    0.00    0.00    0.00    0.00    0.00   98.00
12:56:40 PM   13    1.00    0.00    1.00    0.00    0.00    0.00    0.00    0.00    0.00   98.00
12:56:40 PM   14    1.98    0.00    0.99    0.00    0.00    0.00    0.00    0.00    0.00   97.03
12:56:40 PM   15    1.02    0.00    0.00    0.00    0.00    0.00    0.00    0.00    0.00   98.98
12:56:40 PM   16    1.01    0.00    0.00    0.00    0.00    0.00    0.00    0.00    0.00   98.99
12:56:40 PM   17    0.00    0.00    1.01    0.00    0.00    0.00    0.00    0.00    0.00   98.99
12:56:40 PM   18    2.00    0.00    1.00    0.00    0.00    0.00    0.00    0.00    0.00   97.00
12:56:40 PM   19    1.00    0.00    0.00    0.00    0.00    0.00    0.00    0.00    0.00   99.00
12:56:40 PM   20    1.00    0.00    0.00    0.00    0.00    0.00    0.00    0.00    0.00   99.00
12:56:40 PM   21    0.00    0.00    0.00    0.00    0.00    0.00    0.00    0.00    0.00  100.00
12:56:40 PM   22    0.00    0.00    0.00    0.00    0.00    0.00    0.00    0.00    0.00  100.00
12:56:40 PM   23    1.98    0.00    0.99    0.00    0.00    0.00    0.00    0.00    0.00   97.03
12:56:40 PM   24   21.00    0.00   48.00    0.00    0.00   30.00    0.00    0.00    0.00    1.00
12:56:40 PM   25   14.71    0.00   50.00    0.00    0.00   21.57    0.00    0.00    0.00   13.73
12:56:40 PM   26    1.00    0.00    0.00    0.00    0.00    1.00    0.00    0.00    0.00   98.00
12:56:40 PM   27    1.00    0.00    1.00    0.00    0.00    0.00    0.00    0.00    0.00   98.00
12:56:40 PM   28    1.00    0.00    2.00    0.00    0.00    0.00    0.00    0.00    0.00   97.00
12:56:40 PM   29    1.00    0.00    1.00    0.00    0.00    0.00    0.00    0.00    0.00   98.00
12:56:40 PM   30    1.96    0.00    1.96    0.00    0.00    0.00    0.00    0.00    0.00   96.08
12:56:40 PM   31    1.98    0.00    0.00    0.00    0.00    0.00    0.00    0.00    0.00   98.02
12:56:40 PM   32    2.00    0.00    0.00    0.00    0.00    0.00    0.00    0.00    0.00   98.00
12:56:40 PM   33    0.00    0.00    0.00    1.01    0.00    0.00    0.00    0.00    0.00   98.99
12:56:40 PM   34    0.99    0.00    0.99    0.99    0.00    0.00    0.00    0.00    0.00   97.03
12:56:40 PM   35    1.00    0.00    0.00    0.00    0.00    0.00    0.00    0.00    0.00   99.00

12:56:40 PM  CPU    %usr   %nice    %sys %iowait    %irq   %soft  %steal  %guest  %gnice   %idle
12:56:41 PM  all    1.78    0.00    2.76    0.00    0.00    1.84    0.00    0.00    0.00   93.62
12:56:41 PM    0    0.00    0.00    0.97    0.00    0.00    5.83    0.00    0.00    0.00   93.20
12:56:41 PM    1    0.98    0.00    1.96    0.00    0.00    0.98    0.00    0.00    0.00   96.08
12:56:41 PM    2    4.00    0.00    0.00    0.00    0.00    0.00    0.00    0.00    0.00   96.00
12:56:41 PM    3    0.00    0.00    1.00    0.00    0.00    0.00    0.00    0.00    0.00   99.00
12:56:41 PM    4    1.01    0.00    0.00    0.00    0.00    0.00    0.00    0.00    0.00   98.99
12:56:41 PM    5    0.00    0.00    1.01    0.00    0.00    0.00    0.00    0.00    0.00   98.99
12:56:41 PM    6    1.01    0.00    1.01    0.00    0.00    0.00    0.00    0.00    0.00   97.98
12:56:41 PM    7    1.00    0.00    1.00    0.00    0.00    0.00    0.00    0.00    0.00   98.00
12:56:41 PM    8    0.00    0.00    0.00    0.00    0.00    0.00    0.00    0.00    0.00  100.00
12:56:41 PM    9    0.99    0.00    1.98    0.00    0.00    0.00    0.00    0.00    0.00   97.03
12:56:41 PM   10    1.01    0.00    0.00    0.00    0.00    0.00    0.00    0.00    0.00   98.99
12:56:41 PM   11    0.00    0.00    0.00    0.00    0.00    0.00    0.00    0.00    0.00  100.00
12:56:41 PM   12    0.00    0.00    1.00    0.00    0.00    0.00    0.00    0.00    0.00   99.00
12:56:41 PM   13    1.00    0.00    0.00    0.00    0.00    0.00    0.00    0.00    0.00   99.00
12:56:41 PM   14    1.00    0.00    0.00    0.00    0.00    0.00    0.00    0.00    0.00   99.00
12:56:41 PM   15    1.00    0.00    2.00    0.00    0.00    0.00    0.00    0.00    0.00   97.00
12:56:41 PM   16    1.01    0.00    0.00    0.00    0.00    0.00    0.00    0.00    0.00   98.99
12:56:41 PM   17    1.00    0.00    1.00    0.00    0.00    0.00    0.00    0.00    0.00   98.00
12:56:41 PM   18    0.00    0.00    0.00    0.00    0.00    0.00    0.00    0.00    0.00  100.00
12:56:41 PM   19    1.00    0.00    0.00    0.00    0.00    0.00    0.00    0.00    0.00   99.00
12:56:41 PM   20    0.00    0.00    0.00    0.00    0.00    0.00    0.00    0.00    0.00  100.00
12:56:41 PM   21    0.00    0.00    0.00    0.00    0.00    0.00    0.00    0.00    0.00  100.00
12:56:41 PM   22    1.01    0.00    1.01    0.00    0.00    0.00    0.00    0.00    0.00   97.98
12:56:41 PM   23    0.00    0.00    1.00    0.00    0.00    0.00    0.00    0.00    0.00   99.00
12:56:41 PM   24   22.77    0.00   45.54    0.00    0.00   30.69    0.00    0.00    0.00    0.99
12:56:41 PM   25   22.22    0.00   36.36    0.00    0.00   28.28    0.00    0.00    0.00   13.13
12:56:41 PM   26    0.00    0.00    0.00    0.00    0.00    0.00    0.00    0.00    0.00  100.00
12:56:41 PM   27    0.00    0.00    0.00    0.00    0.00    0.00    0.00    0.00    0.00  100.00
12:56:41 PM   28    0.00    0.00    0.00    0.00    0.00    0.00    0.00    0.00    0.00  100.00
12:56:41 PM   29    0.00    0.00    0.00    0.00    0.00    0.00    0.00    0.00    0.00  100.00
12:56:41 PM   30    0.00    0.00    1.00    0.00    0.00    0.00    0.00    0.00    0.00   99.00
12:56:41 PM   31    0.00    0.00    0.00    0.00    0.00    0.00    0.00    0.00    0.00  100.00
12:56:41 PM   32    0.00    0.00    1.00    0.00    0.00    0.00    0.00    0.00    0.00   99.00
12:56:41 PM   33    0.00    0.00    0.00    0.00    0.00    0.00    0.00    0.00    0.00  100.00
12:56:41 PM   34    0.00    0.00    0.00    0.00    0.00    0.00    0.00    0.00    0.00  100.00
12:56:41 PM   35    2.00    0.00    0.00    0.00    0.00    0.00    0.00    0.00    0.00   98.00

12:56:41 PM  CPU    %usr   %nice    %sys %iowait    %irq   %soft  %steal  %guest  %gnice   %idle
12:56:42 PM  all    2.15    0.00    2.96    0.00    0.00    1.70    0.00    0.00    0.00   93.19
12:56:42 PM    0    0.98    0.00    0.00    0.00    0.00    4.90    0.00    0.00    0.00   94.12
12:56:42 PM    1    1.02    0.00    0.00    0.00    0.00    0.00    0.00    0.00    0.00   98.98
12:56:42 PM    2    5.88    0.00    0.00    0.00    0.00    0.00    0.00    0.00    0.00   94.12
12:56:42 PM    3    0.00    0.00    0.00    0.00    0.00    0.00    0.00    0.00    0.00  100.00
12:56:42 PM    4    2.00    0.00    1.00    0.00    0.00    0.00    0.00    0.00    0.00   97.00
12:56:42 PM    5    0.00    0.00    1.01    0.00    0.00    0.00    0.00    0.00    0.00   98.99
12:56:42 PM    6    0.00    0.00    1.01    0.00    0.00    0.00    0.00    0.00    0.00   98.99
12:56:42 PM    7    0.00    0.00    8.08    0.00    0.00    1.01    0.00    0.00    0.00   90.91
12:56:42 PM    8    0.00    0.00    0.00    0.00    0.00    0.00    0.00    0.00    0.00  100.00
12:56:42 PM    9    1.02    0.00    0.00    0.00    0.00    0.00    0.00    0.00    0.00   98.98
12:56:42 PM   10    1.00    0.00    1.00    0.00    0.00    0.00    0.00    0.00    0.00   98.00
12:56:42 PM   11    1.00    0.00    1.00    0.00    0.00    0.00    0.00    0.00    0.00   98.00
12:56:42 PM   12    1.00    0.00    1.00    0.00    0.00    0.00    0.00    0.00    0.00   98.00
12:56:42 PM   13    2.02    0.00    0.00    0.00    0.00    0.00    0.00    0.00    0.00   97.98
12:56:42 PM   14    8.00    0.00    0.00    0.00    0.00    0.00    0.00    0.00    0.00   92.00
12:56:42 PM   15    0.00    0.00    0.00    0.00    0.00    0.00    0.00    0.00    0.00  100.00
12:56:42 PM   16    0.00    0.00    2.00    0.00    0.00    0.00    0.00    0.00    0.00   98.00
12:56:42 PM   17    1.01    0.00    1.01    0.00    0.00    0.00    0.00    0.00    0.00   97.98
12:56:42 PM   18    0.00    0.00    0.00    0.00    0.00    0.00    0.00    0.00    0.00  100.00
12:56:42 PM   19    0.99    0.00    0.99    0.00    0.00    0.00    0.00    0.00    0.00   98.02
12:56:42 PM   20    0.00    0.00    0.00    0.00    0.00    0.00    0.00    0.00    0.00  100.00
12:56:42 PM   21    0.00    0.00    1.00    0.00    0.00    0.00    0.00    0.00    0.00   99.00
12:56:42 PM   22    1.00    0.00    0.00    0.00    0.00    0.00    0.00    0.00    0.00   99.00
12:56:42 PM   23    0.00    0.00    0.00    0.00    0.00    0.00    0.00    0.00    0.00  100.00
12:56:42 PM   24   21.00    0.00   49.00    0.00    0.00   29.00    0.00    0.00    0.00    1.00
12:56:42 PM   25   23.23    0.00   37.37    0.00    0.00   26.26    0.00    0.00    0.00   13.13
12:56:42 PM   26    1.00    0.00    0.00    0.00    0.00    0.00    0.00    0.00    0.00   99.00
12:56:42 PM   27    0.00    0.00    0.00    0.00    0.00    0.00    0.00    0.00    0.00  100.00
12:56:42 PM   28    1.00    0.00    0.00    0.00    0.00    0.00    0.00    0.00    0.00   99.00
12:56:42 PM   29    1.01    0.00    0.00    0.00    0.00    0.00    0.00    0.00    0.00   98.99
12:56:42 PM   30    1.01    0.00    0.00    0.00    0.00    0.00    0.00    0.00    0.00   98.99
12:56:42 PM   31    1.00    0.00    1.00    0.00    0.00    0.00    0.00    0.00    0.00   98.00
12:56:42 PM   32    1.00    0.00    0.00    0.00    0.00    0.00    0.00    0.00    0.00   99.00
12:56:42 PM   33    0.00    0.00    0.00    0.00    0.00    0.00    0.00    0.00    0.00  100.00
12:56:42 PM   34    0.00    0.00    0.00    0.00    0.00    0.00    0.00    0.00    0.00  100.00
12:56:42 PM   35    0.00    0.00    0.00    0.00    0.00    0.00    0.00    0.00    0.00  100.00

12:56:42 PM  CPU    %usr   %nice    %sys %iowait    %irq   %soft  %steal  %guest  %gnice   %idle
12:56:43 PM  all    2.51    0.00    2.87    0.03    0.00    1.78    0.00    0.00    0.00   92.82
12:56:43 PM    0    1.94    0.00    0.00    0.00    0.00    5.83    0.00    0.00    0.00   92.23
12:56:43 PM    1    2.94    0.00    0.98    0.00    0.00    0.00    0.00    0.00    0.00   96.08
12:56:43 PM    2    3.96    0.00    1.98    0.00    0.00    0.00    0.00    0.00    0.00   94.06
12:56:43 PM    3    3.96    0.00    0.00    0.00    0.00    0.00    0.00    0.00    0.00   96.04
12:56:43 PM    4    2.02    0.00    0.00    1.01    0.00    0.00    0.00    0.00    0.00   96.97
12:56:43 PM    5    3.03    0.00    0.00    0.00    0.00    0.00    0.00    0.00    0.00   96.97
12:56:43 PM    6    2.02    0.00    1.01    0.00    0.00    0.00    0.00    0.00    0.00   96.97
12:56:43 PM    7    2.00    0.00    1.00    0.00    0.00    0.00    0.00    0.00    0.00   97.00
12:56:43 PM    8    3.03    0.00    1.01    0.00    0.00    0.00    0.00    0.00    0.00   95.96
12:56:43 PM    9    2.00    0.00    1.00    0.00    0.00    0.00    0.00    0.00    0.00   97.00
12:56:43 PM   10    4.04    0.00    1.01    0.00    0.00    0.00    0.00    0.00    0.00   94.95
12:56:43 PM   11    2.00    0.00    0.00    0.00    0.00    1.00    0.00    0.00    0.00   97.00
12:56:43 PM   12    1.00    0.00    1.00    0.00    0.00    0.00    0.00    0.00    0.00   98.00
12:56:43 PM   13    2.00    0.00    1.00    0.00    0.00    0.00    0.00    0.00    0.00   97.00
12:56:43 PM   14    1.01    0.00    0.00    0.00    0.00    0.00    0.00    0.00    0.00   98.99
12:56:43 PM   15    2.02    0.00    0.00    0.00    0.00    0.00    0.00    0.00    0.00   97.98
12:56:43 PM   16    3.00    0.00    0.00    0.00    0.00    0.00    0.00    0.00    0.00   97.00
12:56:43 PM   17    1.02    0.00    0.00    0.00    0.00    0.00    0.00    0.00    0.00   98.98
12:56:43 PM   18    1.00    0.00    0.00    0.00    0.00    0.00    0.00    0.00    0.00   99.00
12:56:43 PM   19    0.00    0.00    0.00    0.00    0.00    0.00    0.00    0.00    0.00  100.00
12:56:43 PM   20    0.99    0.00    0.99    0.00    0.00    0.00    0.00    0.00    0.00   98.02
12:56:43 PM   21    2.00    0.00    0.00    0.00    0.00    0.00    0.00    0.00    0.00   98.00
12:56:43 PM   22    0.00    0.00    0.00    0.00    0.00    0.00    0.00    0.00    0.00  100.00
12:56:43 PM   23    0.00    0.00    0.00    0.00    0.00    0.00    0.00    0.00    0.00  100.00
12:56:43 PM   24   21.78    0.00   45.54    0.00    0.00   31.68    0.00    0.00    0.00    0.99
12:56:43 PM   25   17.82    0.00   43.56    0.00    0.00   24.75    0.00    0.00    0.00   13.86
12:56:43 PM   26    0.00    0.00    0.00    0.00    0.00    0.00    0.00    0.00    0.00  100.00
12:56:43 PM   27    0.00    0.00    0.00    0.00    0.00    0.00    0.00    0.00    0.00  100.00
12:56:43 PM   28    0.00    0.00    1.00    0.00    0.00    0.00    0.00    0.00    0.00   99.00
12:56:43 PM   29    0.00    0.00    0.00    0.00    0.00    0.00    0.00    0.00    0.00  100.00
12:56:43 PM   30    0.00    0.00    0.00    0.00    0.00    0.00    0.00    0.00    0.00  100.00
12:56:43 PM   31    0.99    0.00    0.99    0.00    0.00    0.00    0.00    0.00    0.00   98.02
12:56:43 PM   32    0.00    0.00    0.00    0.00    0.00    0.00    0.00    0.00    0.00  100.00
12:56:43 PM   33    1.00    0.00    0.00    0.00    0.00    0.00    0.00    0.00    0.00   99.00
12:56:43 PM   34    0.00    0.00    0.00    0.00    0.00    0.00    0.00    0.00    0.00  100.00
12:56:43 PM   35    1.00    0.00    0.00    0.00    0.00    0.00    0.00    0.00    0.00   99.00

12:56:43 PM  CPU    %usr   %nice    %sys %iowait    %irq   %soft  %steal  %guest  %gnice   %idle
12:56:44 PM  all    1.96    0.00    3.02    0.08    0.00    1.65    0.00    0.00    0.00   93.28
12:56:44 PM    0    0.99    0.00    0.99    0.00    0.00    3.96    0.00    0.00    0.00   94.06
12:56:44 PM    1    0.00    0.00    1.01    0.00    0.00    1.01    0.00    0.00    0.00   97.98
12:56:44 PM    2   10.10    0.00    0.00    0.00    0.00    0.00    0.00    0.00    0.00   89.90
12:56:44 PM    3    1.00    0.00    1.00    0.00    0.00    0.00    0.00    0.00    0.00   98.00
12:56:44 PM    4    1.01    0.00    1.01    0.00    0.00    0.00    0.00    0.00    0.00   97.98
12:56:44 PM    5    2.04    0.00    0.00    0.00    0.00    0.00    0.00    0.00    0.00   97.96
12:56:44 PM    6    1.01    0.00    7.07    0.00    0.00    0.00    0.00    0.00    0.00   91.92
12:56:44 PM    7    1.02    0.00    0.00    0.00    0.00    0.00    0.00    0.00    0.00   98.98
12:56:44 PM    8    1.00    0.00    1.00    1.00    0.00    0.00    0.00    0.00    0.00   97.00
12:56:44 PM    9    1.02    0.00    0.00    0.00    0.00    0.00    0.00    0.00    0.00   98.98
12:56:44 PM   10    1.02    0.00    0.00    0.00    0.00    0.00    0.00    0.00    0.00   98.98
12:56:44 PM   11    2.02    0.00    0.00    0.00    0.00    0.00    0.00    0.00    0.00   97.98
12:56:44 PM   12    1.00    0.00    1.00    1.00    0.00    0.00    0.00    0.00    0.00   97.00
12:56:44 PM   13    0.00    0.00    0.00    0.00    0.00    0.00    0.00    0.00    0.00  100.00
12:56:44 PM   14    2.97    0.00    0.99    0.00    0.00    0.00    0.00    0.00    0.00   96.04
12:56:44 PM   15    1.02    0.00    0.00    0.00    0.00    0.00    0.00    0.00    0.00   98.98
12:56:44 PM   16    0.00    0.00    0.00    0.00    0.00    0.00    0.00    0.00    0.00  100.00
12:56:44 PM   17    1.96    0.00    0.98    0.00    0.00    0.98    0.00    0.00    0.00   96.08
12:56:44 PM   18    0.00    0.00    0.00    1.00    0.00    0.00    0.00    0.00    0.00   99.00
12:56:44 PM   19    0.00    0.00    1.01    0.00    0.00    0.00    0.00    0.00    0.00   98.99
12:56:44 PM   20    0.00    0.00    0.00    0.00    0.00    0.00    0.00    0.00    0.00  100.00
12:56:44 PM   21    0.00    0.00    0.00    0.00    0.00    0.00    0.00    0.00    0.00  100.00
12:56:44 PM   22    0.99    0.00    0.99    0.00    0.00    0.00    0.00    0.00    0.00   98.02
12:56:44 PM   23    0.00    0.00    0.00    0.00    0.00    0.00    0.00    0.00    0.00  100.00
12:56:44 PM   24   19.80    0.00   48.51    0.00    0.00   30.69    0.00    0.00    0.00    0.99
12:56:44 PM   25   18.09    0.00   44.68    0.00    0.00   23.40    0.00    0.00    0.00   13.83
12:56:44 PM   26    0.00    0.00    0.00    0.00    0.00    0.00    0.00    0.00    0.00  100.00
12:56:44 PM   27    0.00    0.00    0.00    0.00    0.00    0.00    0.00    0.00    0.00  100.00
12:56:44 PM   28    1.00    0.00    0.00    0.00    0.00    0.00    0.00    0.00    0.00   99.00
12:56:44 PM   29    1.00    0.00    0.00    0.00    0.00    0.00    0.00    0.00    0.00   99.00
12:56:44 PM   30    0.00    0.00    0.00    0.00    0.00    0.00    0.00    0.00    0.00  100.00
12:56:44 PM   31    0.00    0.00    0.00    0.00    0.00    0.00    0.00    0.00    0.00  100.00
12:56:44 PM   32    1.00    0.00    0.00    0.00    0.00    0.00    0.00    0.00    0.00   99.00
12:56:44 PM   33    0.00    0.00    0.00    0.00    0.00    0.00    0.00    0.00    0.00  100.00
12:56:44 PM   34    0.00    0.00    0.00    0.00    0.00    0.00    0.00    0.00    0.00  100.00
12:56:44 PM   35    0.00    0.00    0.00    0.00    0.00    0.00    0.00    0.00    0.00  100.00

12:56:44 PM  CPU    %usr   %nice    %sys %iowait    %irq   %soft  %steal  %guest  %gnice   %idle
12:56:45 PM  all    2.04    0.00    3.16    0.03    0.00    1.54    0.00    0.00    0.00   93.23
12:56:45 PM    0    0.00    0.00    1.00    0.00    0.00    3.00    0.00    0.00    0.00   96.00
12:56:45 PM    1    1.02    0.00    0.00    0.00    0.00    0.00    0.00    0.00    0.00   98.98
12:56:45 PM    2    3.03    0.00    1.01    0.00    0.00    0.00    0.00    0.00    0.00   95.96
12:56:45 PM    3    0.00    0.00    0.00    0.00    0.00    0.00    0.00    0.00    0.00  100.00
12:56:45 PM    4    1.01    0.00    0.00    0.00    0.00    0.00    0.00    0.00    0.00   98.99
12:56:45 PM    5    0.00    0.00    0.00    0.00    0.00    0.00    0.00    0.00    0.00  100.00
12:56:45 PM    6    2.97    0.00    0.99    0.00    0.00    0.00    0.00    0.00    0.00   96.04
12:56:45 PM    7    0.00    0.00    0.00    0.00    0.00    0.00    0.00    0.00    0.00  100.00
12:56:45 PM    8    2.04    0.00    5.10    0.00    0.00    0.00    0.00    0.00    0.00   92.86
12:56:45 PM    9    1.01    0.00    0.00    0.00    0.00    0.00    0.00    0.00    0.00   98.99
12:56:45 PM   10    1.00    0.00    1.00    0.00    0.00    0.00    0.00    0.00    0.00   98.00
12:56:45 PM   11    0.00    0.00    1.01    0.00    0.00    0.00    0.00    0.00    0.00   98.99
12:56:45 PM   12    1.01    0.00    0.00    0.00    0.00    0.00    0.00    0.00    0.00   98.99
12:56:45 PM   13    0.99    0.00    1.98    0.00    0.00    0.00    0.00    0.00    0.00   97.03
12:56:45 PM   14    1.01    0.00    1.01    0.00    0.00    0.00    0.00    0.00    0.00   97.98
12:56:45 PM   15    2.00    0.00    1.00    0.00    0.00    0.00    0.00    0.00    0.00   97.00
12:56:45 PM   16    1.00    0.00    1.00    0.00    0.00    0.00    0.00    0.00    0.00   98.00
12:56:45 PM   17    1.00    0.00    1.00    0.00    0.00    0.00    0.00    0.00    0.00   98.00
12:56:45 PM   18    0.00    0.00    0.00    0.00    0.00    0.00    0.00    0.00    0.00  100.00
12:56:45 PM   19    0.00    0.00    0.00    0.00    0.00    1.01    0.00    0.00    0.00   98.99
12:56:45 PM   20    1.00    0.00    0.00    0.00    0.00    0.00    0.00    0.00    0.00   99.00
12:56:45 PM   21    0.00    0.00    1.02    0.00    0.00    0.00    0.00    0.00    0.00   98.98
12:56:45 PM   22    2.06    0.00    2.06    0.00    0.00    0.00    0.00    0.00    0.00   95.88
12:56:45 PM   23    1.00    0.00    0.00    0.00    0.00    0.00    0.00    0.00    0.00   99.00
12:56:45 PM   24   25.25    0.00   49.49    0.00    0.00   24.24    0.00    0.00    0.00    1.01
12:56:45 PM   25   19.61    0.00   41.18    0.00    0.00   26.47    0.00    0.00    0.00   12.75
12:56:45 PM   26    0.00    0.00    0.00    0.00    0.00    0.00    0.00    0.00    0.00  100.00
12:56:45 PM   27    1.00    0.00    0.00    0.00    0.00    0.00    0.00    0.00    0.00   99.00
12:56:45 PM   28    0.00    0.00    0.00    0.00    0.00    0.00    0.00    0.00    0.00  100.00
12:56:45 PM   29    0.00    0.00    0.00    0.00    0.00    0.00    0.00    0.00    0.00  100.00
12:56:45 PM   30    0.99    0.00    0.99    0.00    0.00    0.00    0.00    0.00    0.00   98.02
12:56:45 PM   31    0.99    0.00    0.99    0.00    0.00    0.00    0.00    0.00    0.00   98.02
12:56:45 PM   32    0.00    0.00    0.00    0.00    0.00    0.00    0.00    0.00    0.00  100.00
12:56:45 PM   33    0.00    0.00    1.00    0.00    0.00    0.00    0.00    0.00    0.00   99.00
12:56:45 PM   34    1.01    0.00    0.00    1.01    0.00    0.00    0.00    0.00    0.00   97.98
12:56:45 PM   35    1.01    0.00    0.00    0.00    0.00    0.00    0.00    0.00    0.00   98.99

12:56:45 PM  CPU    %usr   %nice    %sys %iowait    %irq   %soft  %steal  %guest  %gnice   %idle
12:56:46 PM  all    2.53    0.00    3.26    0.06    0.00    1.78    0.00    0.00    0.00   92.37
12:56:46 PM    0    1.96    0.00    0.98    0.00    0.00    4.90    0.00    0.00    0.00   92.16
12:56:46 PM    1    3.00    0.00    1.00    0.00    0.00    1.00    0.00    0.00    0.00   95.00
12:56:46 PM    2    4.90    0.00    0.00    0.00    0.00    0.00    0.00    0.00    0.00   95.10
12:56:46 PM    3    4.08    0.00    1.02    0.00    0.00    0.00    0.00    0.00    0.00   94.90
12:56:46 PM    4    6.06    0.00    0.00    1.01    0.00    0.00    0.00    0.00    0.00   92.93
12:56:46 PM    5    1.00    0.00    0.00    0.00    0.00    0.00    0.00    0.00    0.00   99.00
12:56:46 PM    6    2.02    0.00    0.00    0.00    0.00    0.00    0.00    0.00    0.00   97.98
12:56:46 PM    7    2.00    0.00    1.00    0.00    0.00    0.00    0.00    0.00    0.00   97.00
12:56:46 PM    8    0.00    0.00    1.01    0.00    0.00    0.00    0.00    0.00    0.00   98.99
12:56:46 PM    9    1.00    0.00    1.00    0.00    0.00    0.00    0.00    0.00    0.00   98.00
12:56:46 PM   10    1.02    0.00    1.02    0.00    0.00    0.00    0.00    0.00    0.00   97.96
12:56:46 PM   11    1.98    0.00    1.98    0.00    0.00    0.00    0.00    0.00    0.00   96.04
12:56:46 PM   12    1.02    0.00    0.00    0.00    0.00    0.00    0.00    0.00    0.00   98.98
12:56:46 PM   13    2.02    0.00    0.00    0.00    0.00    0.00    0.00    0.00    0.00   97.98
12:56:46 PM   14    1.98    0.00    0.99    0.00    0.00    0.99    0.00    0.00    0.00   96.04
12:56:46 PM   15    1.02    0.00    0.00    0.00    0.00    0.00    0.00    0.00    0.00   98.98
12:56:46 PM   16    2.00    0.00    1.00    0.00    0.00    0.00    0.00    0.00    0.00   97.00
12:56:46 PM   17    2.02    0.00    0.00    0.00    0.00    0.00    0.00    0.00    0.00   97.98
12:56:46 PM   18    0.00    0.00    1.01    0.00    0.00    0.00    0.00    0.00    0.00   98.99
12:56:46 PM   19    0.99    0.00    1.98    0.00    0.00    0.00    0.00    0.00    0.00   97.03
12:56:46 PM   20    0.00    0.00    1.01    1.01    0.00    0.00    0.00    0.00    0.00   97.98
12:56:46 PM   21    1.00    0.00    1.00    0.00    0.00    0.00    0.00    0.00    0.00   98.00
12:56:46 PM   22    1.96    0.00    1.96    0.00    0.00    0.00    0.00    0.00    0.00   96.08
12:56:46 PM   23    1.01    0.00    1.01    0.00    0.00    0.00    0.00    0.00    0.00   97.98
12:56:46 PM   24   20.00    0.00   48.00    0.00    0.00   31.00    0.00    0.00    0.00    1.00
12:56:46 PM   25   14.85    0.00   46.53    0.00    0.00   25.74    0.00    0.00    0.00   12.87
12:56:46 PM   26    2.00    0.00    0.00    0.00    0.00    0.00    0.00    0.00    0.00   98.00
12:56:46 PM   27    0.00    0.00    0.00    0.00    0.00    0.00    0.00    0.00    0.00  100.00
12:56:46 PM   28    2.00    0.00    1.00    0.00    0.00    0.00    0.00    0.00    0.00   97.00
12:56:46 PM   29    1.00    0.00    1.00    0.00    0.00    0.00    0.00    0.00    0.00   98.00
12:56:46 PM   30    1.01    0.00    0.00    0.00    0.00    0.00    0.00    0.00    0.00   98.99
12:56:46 PM   31    1.00    0.00    0.00    0.00    0.00    0.00    0.00    0.00    0.00   99.00
12:56:46 PM   32    1.00    0.00    0.00    0.00    0.00    0.00    0.00    0.00    0.00   99.00
12:56:46 PM   33    1.00    0.00    0.00    0.00    0.00    0.00    0.00    0.00    0.00   99.00
12:56:46 PM   34    1.00    0.00    0.00    0.00    0.00    0.00    0.00    0.00    0.00   99.00
12:56:46 PM   35    1.96    0.00    0.98    0.00    0.00    0.00    0.00    0.00    0.00   97.06

Average:     CPU    %usr   %nice    %sys %iowait    %irq   %soft  %steal  %guest  %gnice   %idle
Average:     all    2.20    0.00    3.02    0.05    0.00    1.64    0.00    0.00    0.00   93.08
Average:       0    0.99    0.00    0.49    0.30    0.00    4.34    0.00    0.00    0.00   93.89
Average:       1    1.40    0.00    0.90    0.00    0.00    0.30    0.00    0.00    0.00   97.40
Average:       2    3.91    0.00    0.60    0.00    0.00    0.00    0.00    0.00    0.00   95.49
Average:       3    1.31    0.00    0.50    0.20    0.00    0.00    0.00    0.00    0.00   97.99
Average:       4    2.11    0.00    0.40    0.20    0.00    0.10    0.00    0.00    0.00   97.18
Average:       5    1.11    0.00    0.51    0.10    0.00    0.00    0.00    0.00    0.00   98.28
Average:       6    2.11    0.00    2.41    0.10    0.00    0.00    0.00    0.00    0.00   95.38
Average:       7    1.41    0.00    1.81    0.00    0.00    0.10    0.00    0.00    0.00   96.67
Average:       8    0.81    0.00    0.91    0.10    0.00    0.00    0.00    0.00    0.00   98.18
Average:       9    1.21    0.00    0.40    0.00    0.00    0.00    0.00    0.00    0.00   98.39
Average:      10    2.71    0.00    0.60    0.10    0.00    0.00    0.00    0.00    0.00   96.59
Average:      11    1.20    0.00    0.80    0.00    0.00    0.10    0.00    0.00    0.00   97.90
Average:      12    0.91    0.00    0.50    0.10    0.00    0.00    0.00    0.00    0.00   98.49
Average:      13    1.51    0.00    0.50    0.00    0.00    0.00    0.00    0.00    0.00   97.99
Average:      14    2.20    0.00    0.60    0.00    0.00    0.10    0.00    0.00    0.00   97.10
Average:      15    0.91    0.00    0.40    0.00    0.00    0.00    0.00    0.00    0.00   98.69
Average:      16    1.01    0.00    0.50    0.00    0.00    0.00    0.00    0.00    0.00   98.49
Average:      17    1.01    0.00    0.60    0.00    0.00    0.10    0.00    0.00    0.00   98.29
Average:      18    0.51    0.00    0.30    0.10    0.00    0.00    0.00    0.00    0.00   99.09
Average:      19    0.60    0.00    0.50    0.00    0.00    0.10    0.00    0.00    0.00   98.80
Average:      20    0.40    0.00    0.30    0.10    0.00    0.00    0.00    0.00    0.00   99.20
Average:      21    0.50    0.00    0.50    0.00    0.00    0.10    0.00    0.00    0.00   98.89
Average:      22    0.90    0.00    0.80    0.00    0.00    0.00    0.00    0.00    0.00   98.29
Average:      23    0.60    0.00    0.40    0.10    0.00    0.00    0.00    0.00    0.00   98.89
Average:      24   22.30    0.00   46.70    0.00    0.00   28.40    0.00    0.00    0.00    2.60
Average:      25   18.57    0.00   42.37    0.00    0.00   25.10    0.00    0.00    0.00   13.96
Average:      26    0.80    0.00    0.20    0.00    0.00    0.10    0.00    0.00    0.00   98.90
Average:      27    0.30    0.00    0.20    0.00    0.00    0.00    0.00    0.00    0.00   99.50
Average:      28    0.70    0.00    0.50    0.00    0.00    0.00    0.00    0.00    0.00   98.79
Average:      29    0.60    0.00    0.40    0.00    0.00    0.00    0.00    0.00    0.00   99.00
Average:      30    0.90    0.00    0.50    0.00    0.00    0.00    0.00    0.00    0.00   98.60
Average:      31    0.80    0.00    0.40    0.10    0.00    0.00    0.00    0.00    0.00   98.70
Average:      32    0.70    0.00    0.40    0.00    0.00    0.00    0.00    0.00    0.00   98.89
Average:      33    0.60    0.00    0.20    0.10    0.00    0.00    0.00    0.00    0.00   99.10
Average:      34    0.50    0.00    0.20    0.20    0.00    0.00    0.00    0.00    0.00   99.09
Average:      35    0.90    0.00    0.20    0.00    0.00    0.00    0.00    0.00    0.00   98.90
