Linux 5.15.0-186-generic (rapids4) 	07/28/2026 	_x86_64_	(36 CPU)

01:13:10 PM  CPU    %usr   %nice    %sys %iowait    %irq   %soft  %steal  %guest  %gnice   %idle
01:13:11 PM  all    2.23    0.00    2.65    0.14    0.00    1.17    0.00    0.00    0.00   93.81
01:13:11 PM    0    1.02    0.00    1.02    0.00    0.00    0.00    0.00    0.00    0.00   97.96
01:13:11 PM    1    1.01    0.00    1.01    1.01    0.00    0.00    0.00    0.00    0.00   96.97
01:13:11 PM    2    1.00    0.00    0.00    0.00    0.00    0.00    0.00    0.00    0.00   99.00
01:13:11 PM    3    1.96    0.00    0.98    0.00    0.00    0.00    0.00    0.00    0.00   97.06
01:13:11 PM    4    1.01    0.00    0.00    1.01    0.00    0.00    0.00    0.00    0.00   97.98
01:13:11 PM    5    1.00    0.00    0.00    0.00    0.00    0.00    0.00    0.00    0.00   99.00
01:13:11 PM    6    1.00    0.00    1.00    1.00    0.00    0.00    0.00    0.00    0.00   97.00
01:13:11 PM    7    1.00    0.00    0.00    0.00    0.00    0.00    0.00    0.00    0.00   99.00
01:13:11 PM    8    0.00    0.00    0.00    0.00    0.00    0.00    0.00    0.00    0.00  100.00
01:13:11 PM    9    4.00    0.00    5.00    0.00    0.00    0.00    0.00    0.00    0.00   91.00
01:13:11 PM   10    0.00    0.00    1.01    0.00    0.00    0.00    0.00    0.00    0.00   98.99
01:13:11 PM   11    0.00    0.00    0.00    0.00    0.00    0.00    0.00    0.00    0.00  100.00
01:13:11 PM   12    0.99    0.00    0.00    0.00    0.00    0.00    0.00    0.00    0.00   99.01
01:13:11 PM   13    0.00    0.00    0.00    0.00    0.00    0.00    0.00    0.00    0.00  100.00
01:13:11 PM   14    1.00    0.00    0.00    0.00    0.00    0.00    0.00    0.00    0.00   99.00
01:13:11 PM   15    1.02    0.00    0.00    0.00    0.00    0.00    0.00    0.00    0.00   98.98
01:13:11 PM   16    0.00    0.00    0.00    0.00    0.00    0.00    0.00    0.00    0.00  100.00
01:13:11 PM   17    1.01    0.00    0.00    0.00    0.00    0.00    0.00    0.00    0.00   98.99
01:13:11 PM   18    0.00    0.00    0.00    1.01    0.00    0.00    0.00    0.00    0.00   98.99
01:13:11 PM   19    1.00    0.00    1.00    0.00    0.00    0.00    0.00    0.00    0.00   98.00
01:13:11 PM   20    2.00    0.00    0.00    0.00    0.00    0.00    0.00    0.00    0.00   98.00
01:13:11 PM   21    0.99    0.00    0.99    0.00    0.00    0.00    0.00    0.00    0.00   98.02
01:13:11 PM   22    0.00    0.00    1.00    0.00    0.00    0.00    0.00    0.00    0.00   99.00
01:13:11 PM   23    2.00    0.00    2.00    0.00    0.00    0.00    0.00    0.00    0.00   96.00
01:13:11 PM   24   22.00    0.00   40.00    0.00    0.00   22.00    0.00    0.00    0.00   16.00
01:13:11 PM   25   25.51    0.00   35.71    0.00    0.00   20.41    0.00    0.00    0.00   18.37
01:13:11 PM   26    1.00    0.00    1.00    0.00    0.00    0.00    0.00    0.00    0.00   98.00
01:13:11 PM   27    0.00    0.00    1.01    0.00    0.00    0.00    0.00    0.00    0.00   98.99
01:13:11 PM   28    0.00    0.00    0.00    1.01    0.00    0.00    0.00    0.00    0.00   98.99
01:13:11 PM   29    0.00    0.00    0.00    0.00    0.00    0.00    0.00    0.00    0.00  100.00
01:13:11 PM   30    1.98    0.00    1.98    0.00    0.00    0.00    0.00    0.00    0.00   96.04
01:13:11 PM   31    2.00    0.00    0.00    0.00    0.00    0.00    0.00    0.00    0.00   98.00
01:13:11 PM   32    1.98    0.00    0.99    0.00    0.00    0.00    0.00    0.00    0.00   97.03
01:13:11 PM   33    2.00    0.00    0.00    0.00    0.00    0.00    0.00    0.00    0.00   98.00
01:13:11 PM   34    1.01    0.00    0.00    0.00    0.00    0.00    0.00    0.00    0.00   98.99
01:13:11 PM   35    0.00    0.00    0.00    0.00    0.00    0.00    0.00    0.00    0.00  100.00

01:13:11 PM  CPU    %usr   %nice    %sys %iowait    %irq   %soft  %steal  %guest  %gnice   %idle
01:13:12 PM  all    2.24    0.00    2.57    0.00    0.00    1.56    0.00    0.00    0.00   93.63
01:13:12 PM    0    1.03    0.00    0.00    0.00    0.00    1.03    0.00    0.00    0.00   97.94
01:13:12 PM    1    1.00    0.00    0.00    0.00    0.00    0.00    0.00    0.00    0.00   99.00
01:13:12 PM    2    1.00    0.00    0.00    0.00    0.00    0.00    0.00    0.00    0.00   99.00
01:13:12 PM    3    0.00    0.00    0.00    0.00    0.00    0.00    0.00    0.00    0.00  100.00
01:13:12 PM    4    1.96    0.00    0.98    0.00    0.00    0.00    0.00    0.00    0.00   97.06
01:13:12 PM    5    0.00    0.00    1.01    0.00    0.00    0.00    0.00    0.00    0.00   98.99
01:13:12 PM    6    0.00    0.00    0.00    0.00    0.00    0.00    0.00    0.00    0.00  100.00
01:13:12 PM    7    1.01    0.00    0.00    0.00    0.00    0.00    0.00    0.00    0.00   98.99
01:13:12 PM    8    1.00    0.00    0.00    0.00    0.00    0.00    0.00    0.00    0.00   99.00
01:13:12 PM    9    1.00    0.00    0.00    0.00    0.00    0.00    0.00    0.00    0.00   99.00
01:13:12 PM   10    0.00    0.00    0.00    0.00    0.00    0.00    0.00    0.00    0.00  100.00
01:13:12 PM   11    0.00    0.00    0.00    0.00    0.00    0.00    0.00    0.00    0.00  100.00
01:13:12 PM   12    0.00    0.00    0.00    0.00    0.00    0.00    0.00    0.00    0.00  100.00
01:13:12 PM   13    0.00    0.00    0.00    0.00    0.00    0.00    0.00    0.00    0.00  100.00
01:13:12 PM   14    0.00    0.00    0.00    0.00    0.00    0.00    0.00    0.00    0.00  100.00
01:13:12 PM   15    0.00    0.00    0.00    0.00    0.00    0.00    0.00    0.00    0.00  100.00
01:13:12 PM   16    0.00    0.00    1.00    0.00    0.00    0.00    0.00    0.00    0.00   99.00
01:13:12 PM   17    0.00    0.00    0.00    0.00    0.00    0.00    0.00    0.00    0.00  100.00
01:13:12 PM   18    1.00    0.00    1.00    0.00    0.00    0.00    0.00    0.00    0.00   98.00
01:13:12 PM   19    1.01    0.00    0.00    0.00    0.00    0.00    0.00    0.00    0.00   98.99
01:13:12 PM   20    1.00    0.00    0.00    0.00    0.00    0.00    0.00    0.00    0.00   99.00
01:13:12 PM   21    0.00    0.00    1.00    0.00    0.00    0.00    0.00    0.00    0.00   99.00
01:13:12 PM   22    1.01    0.00    0.00    0.00    0.00    0.00    0.00    0.00    0.00   98.99
01:13:12 PM   23    1.01    0.00    0.00    0.00    0.00    0.00    0.00    0.00    0.00   98.99
01:13:12 PM   24   28.00    0.00   42.00    0.00    0.00   30.00    0.00    0.00    0.00    0.00
01:13:12 PM   25   33.66    0.00   41.58    0.00    0.00   24.75    0.00    0.00    0.00    0.00
01:13:12 PM   26    0.00    0.00    0.00    0.00    0.00    0.00    0.00    0.00    0.00  100.00
01:13:12 PM   27    0.00    0.00    0.00    0.00    0.00    0.00    0.00    0.00    0.00  100.00
01:13:12 PM   28    0.00    0.00    0.00    0.00    0.00    0.00    0.00    0.00    0.00  100.00
01:13:12 PM   29    1.96    0.00    0.98    0.00    0.00    0.00    0.00    0.00    0.00   97.06
01:13:12 PM   30    0.00    0.00    0.00    0.00    0.00    0.00    0.00    0.00    0.00  100.00
01:13:12 PM   31    0.00    0.00    0.00    0.00    0.00    0.00    0.00    0.00    0.00  100.00
01:13:12 PM   32    1.01    0.00    0.00    0.00    0.00    0.00    0.00    0.00    0.00   98.99
01:13:12 PM   33    0.00    0.00    0.00    0.00    0.00    0.00    0.00    0.00    0.00  100.00
01:13:12 PM   34    1.01    0.00    0.00    0.00    0.00    0.00    0.00    0.00    0.00   98.99
01:13:12 PM   35    0.99    0.00    1.98    0.00    0.00    0.00    0.00    0.00    0.00   97.03

01:13:12 PM  CPU    %usr   %nice    %sys %iowait    %irq   %soft  %steal  %guest  %gnice   %idle
01:13:13 PM  all    3.61    0.00    2.96    0.03    0.00    1.29    0.00    0.00    0.00   92.11
01:13:13 PM    0    2.06    0.00    0.00    0.00    0.00    1.03    0.00    0.00    0.00   96.91
01:13:13 PM    1    3.09    0.00    0.00    0.00    0.00    0.00    0.00    0.00    0.00   96.91
01:13:13 PM    2    2.02    0.00    1.01    0.00    0.00    0.00    0.00    0.00    0.00   96.97
01:13:13 PM    3    2.97    0.00    0.00    0.00    0.00    0.00    0.00    0.00    0.00   97.03
01:13:13 PM    4    2.02    0.00    0.00    0.00    0.00    0.00    0.00    0.00    0.00   97.98
01:13:13 PM    5    4.04    0.00    0.00    0.00    0.00    0.00    0.00    0.00    0.00   95.96
01:13:13 PM    6    3.00    0.00    0.00    0.00    0.00    1.00    0.00    0.00    0.00   96.00
01:13:13 PM    7    3.00    0.00    2.00    0.00    0.00    0.00    0.00    0.00    0.00   95.00
01:13:13 PM    8    1.03    0.00    0.00    0.00    0.00    0.00    0.00    0.00    0.00   98.97
01:13:13 PM    9    4.00    0.00    7.00    0.00    0.00    0.00    0.00    0.00    0.00   89.00
01:13:13 PM   10    2.00    0.00    1.00    0.00    0.00    0.00    0.00    0.00    0.00   97.00
01:13:13 PM   11    1.98    0.00    0.99    0.00    0.00    0.00    0.00    0.00    0.00   97.03
01:13:13 PM   12    2.02    0.00    0.00    0.00    0.00    0.00    0.00    0.00    0.00   97.98
01:13:13 PM   13    1.01    0.00    0.00    0.00    0.00    0.00    0.00    0.00    0.00   98.99
01:13:13 PM   14    3.00    0.00    0.00    0.00    0.00    0.00    0.00    0.00    0.00   97.00
01:13:13 PM   15    2.04    0.00    0.00    0.00    0.00    0.00    0.00    0.00    0.00   97.96
01:13:13 PM   16    1.01    0.00    1.01    0.00    0.00    0.00    0.00    0.00    0.00   97.98
01:13:13 PM   17    2.00    0.00    0.00    1.00    0.00    0.00    0.00    0.00    0.00   97.00
01:13:13 PM   18    2.04    0.00    0.00    0.00    0.00    0.00    0.00    0.00    0.00   97.96
01:13:13 PM   19    0.00    0.00    0.00    0.00    0.00    0.00    0.00    0.00    0.00  100.00
01:13:13 PM   20    0.00    0.00    0.00    0.00    0.00    0.00    0.00    0.00    0.00  100.00
01:13:13 PM   21    1.02    0.00    0.00    0.00    0.00    0.00    0.00    0.00    0.00   98.98
01:13:13 PM   22    1.01    0.00    0.00    0.00    0.00    0.00    0.00    0.00    0.00   98.99
01:13:13 PM   23    1.98    0.00    0.00    0.00    0.00    0.99    0.00    0.00    0.00   97.03
01:13:13 PM   24   33.66    0.00   41.58    0.00    0.00   24.75    0.00    0.00    0.00    0.00
01:13:13 PM   25   35.35    0.00   46.46    0.00    0.00   18.18    0.00    0.00    0.00    0.00
01:13:13 PM   26    1.98    0.00    0.99    0.00    0.00    0.00    0.00    0.00    0.00   97.03
01:13:13 PM   27    2.97    0.00    0.00    0.00    0.00    0.00    0.00    0.00    0.00   97.03
01:13:13 PM   28    0.99    0.00    0.99    0.00    0.00    0.00    0.00    0.00    0.00   98.02
01:13:13 PM   29    0.00    0.00    0.00    0.00    0.00    0.00    0.00    0.00    0.00  100.00
01:13:13 PM   30    1.00    0.00    1.00    0.00    0.00    0.00    0.00    0.00    0.00   98.00
01:13:13 PM   31    1.98    0.00    0.99    0.00    0.00    0.00    0.00    0.00    0.00   97.03
01:13:13 PM   32    1.01    0.00    0.00    0.00    0.00    0.00    0.00    0.00    0.00   98.99
01:13:13 PM   33    2.00    0.00    1.00    0.00    0.00    0.00    0.00    0.00    0.00   97.00
01:13:13 PM   34    0.00    0.00    0.00    0.00    0.00    0.00    0.00    0.00    0.00  100.00
01:13:13 PM   35    0.00    0.00    0.00    0.00    0.00    0.00    0.00    0.00    0.00  100.00

01:13:13 PM  CPU    %usr   %nice    %sys %iowait    %irq   %soft  %steal  %guest  %gnice   %idle
01:13:14 PM  all    2.21    0.00    2.71    0.06    0.00    1.48    0.00    0.00    0.00   93.55
01:13:14 PM    0    1.03    0.00    0.00    0.00    0.00    0.00    0.00    0.00    0.00   98.97
01:13:14 PM    1    1.00    0.00    0.00    0.00    0.00    0.00    0.00    0.00    0.00   99.00
01:13:14 PM    2    0.99    0.00    0.99    0.00    0.00    0.00    0.00    0.00    0.00   98.02
01:13:14 PM    3    1.00    0.00    1.00    0.00    0.00    0.00    0.00    0.00    0.00   98.00
01:13:14 PM    4    0.00    0.00    1.00    0.00    0.00    0.00    0.00    0.00    0.00   99.00
01:13:14 PM    5    1.01    0.00    0.00    0.00    0.00    0.00    0.00    0.00    0.00   98.99
01:13:14 PM    6    0.00    0.00    1.01    0.00    0.00    0.00    0.00    0.00    0.00   98.99
01:13:14 PM    7    0.00    0.00    0.00    0.00    0.00    0.00    0.00    0.00    0.00  100.00
01:13:14 PM    8    3.00    0.00    6.00    0.00    0.00    0.00    0.00    0.00    0.00   91.00
01:13:14 PM    9    0.00    0.00    0.00    0.00    0.00    0.00    0.00    0.00    0.00  100.00
01:13:14 PM   10    0.00    0.00    0.00    0.00    0.00    0.00    0.00    0.00    0.00  100.00
01:13:14 PM   11    0.00    0.00    0.00    0.00    0.00    0.00    0.00    0.00    0.00  100.00
01:13:14 PM   12    0.00    0.00    0.00    0.00    0.00    0.00    0.00    0.00    0.00  100.00
01:13:14 PM   13    1.00    0.00    0.00    0.00    0.00    0.00    0.00    0.00    0.00   99.00
01:13:14 PM   14    0.00    0.00    0.00    0.00    0.00    0.00    0.00    0.00    0.00  100.00
01:13:14 PM   15    0.99    0.00    0.00    0.99    0.00    0.00    0.00    0.00    0.00   98.02
01:13:14 PM   16    0.00    0.00    0.00    0.00    0.00    0.00    0.00    0.00    0.00  100.00
01:13:14 PM   17    0.00    0.00    0.00    0.00    0.00    0.00    0.00    0.00    0.00  100.00
01:13:14 PM   18    0.00    0.00    0.00    0.00    0.00    0.00    0.00    0.00    0.00  100.00
01:13:14 PM   19    0.00    0.00    0.00    0.00    0.00    0.00    0.00    0.00    0.00  100.00
01:13:14 PM   20    0.99    0.00    0.99    0.99    0.00    0.00    0.00    0.00    0.00   97.03
01:13:14 PM   21    1.00    0.00    0.00    0.00    0.00    0.00    0.00    0.00    0.00   99.00
01:13:14 PM   22    0.00    0.00    1.01    0.00    0.00    0.00    0.00    0.00    0.00   98.99
01:13:14 PM   23    2.00    0.00    0.00    0.00    0.00    0.00    0.00    0.00    0.00   98.00
01:13:14 PM   24   29.29    0.00   42.42    0.00    0.00   28.28    0.00    0.00    0.00    0.00
01:13:14 PM   25   32.67    0.00   41.58    0.00    0.00   24.75    0.00    0.00    0.00    0.99
01:13:14 PM   26    0.00    0.00    0.00    0.00    0.00    0.00    0.00    0.00    0.00  100.00
01:13:14 PM   27    0.00    0.00    0.00    0.00    0.00    0.00    0.00    0.00    0.00  100.00
01:13:14 PM   28    0.00    0.00    0.00    0.00    0.00    0.00    0.00    0.00    0.00  100.00
01:13:14 PM   29    1.00    0.00    0.00    0.00    0.00    0.00    0.00    0.00    0.00   99.00
01:13:14 PM   30    0.00    0.00    0.00    0.00    0.00    0.00    0.00    0.00    0.00  100.00
01:13:14 PM   31    0.00    0.00    0.00    0.00    0.00    0.00    0.00    0.00    0.00  100.00
01:13:14 PM   32    1.00    0.00    0.00    0.00    0.00    0.00    0.00    0.00    0.00   99.00
01:13:14 PM   33    1.00    0.00    0.00    0.00    0.00    0.00    0.00    0.00    0.00   99.00
01:13:14 PM   34    0.00    0.00    0.00    0.00    0.00    0.00    0.00    0.00    0.00  100.00
01:13:14 PM   35    0.00    0.00    1.00    0.00    0.00    0.00    0.00    0.00    0.00   99.00

01:13:14 PM  CPU    %usr   %nice    %sys %iowait    %irq   %soft  %steal  %guest  %gnice   %idle
01:13:15 PM  all    2.53    0.00    2.76    0.06    0.00    1.28    0.00    0.00    0.00   93.37
01:13:15 PM    0    1.03    0.00    0.00    0.00    0.00    0.00    0.00    0.00    0.00   98.97
01:13:15 PM    1    0.00    0.00    1.01    0.00    0.00    0.00    0.00    0.00    0.00   98.99
01:13:15 PM    2    0.00    0.00    0.00    0.00    0.00    0.00    0.00    0.00    0.00  100.00
01:13:15 PM    3    1.00    0.00    0.00    0.00    0.00    0.00    0.00    0.00    0.00   99.00
01:13:15 PM    4    1.00    0.00    0.00    0.00    0.00    0.00    0.00    0.00    0.00   99.00
01:13:15 PM    5    1.00    0.00    0.00    0.00    0.00    0.00    0.00    0.00    0.00   99.00
01:13:15 PM    6    0.00    0.00    0.00    0.00    0.00    0.00    0.00    0.00    0.00  100.00
01:13:15 PM    7    0.99    0.00    0.99    0.00    0.00    0.00    0.00    0.00    0.00   98.02
01:13:15 PM    8    1.01    0.00    0.00    0.00    0.00    0.00    0.00    0.00    0.00   98.99
01:13:15 PM    9    0.98    0.00    1.96    0.00    0.00    0.00    0.00    0.00    0.00   97.06
01:13:15 PM   10    0.00    0.00    0.00    0.00    0.00    0.00    0.00    0.00    0.00  100.00
01:13:15 PM   11    1.00    0.00    1.00    0.00    0.00    0.00    0.00    0.00    0.00   98.00
01:13:15 PM   12    1.01    0.00    0.00    0.00    0.00    0.00    0.00    0.00    0.00   98.99
01:13:15 PM   13    0.00    0.00    1.00    0.00    0.00    0.00    0.00    0.00    0.00   99.00
01:13:15 PM   14    1.00    0.00    0.00    0.00    0.00    0.00    0.00    0.00    0.00   99.00
01:13:15 PM   15    1.00    0.00    1.00    0.00    0.00    0.00    0.00    0.00    0.00   98.00
01:13:15 PM   16    0.00    0.00    0.00    0.00    0.00    0.00    0.00    0.00    0.00  100.00
01:13:15 PM   17    1.01    0.00    0.00    0.00    0.00    0.00    0.00    0.00    0.00   98.99
01:13:15 PM   18    1.00    0.00    0.00    0.00    0.00    0.00    0.00    0.00    0.00   99.00
01:13:15 PM   19    0.00    0.00    1.00    0.00    0.00    0.00    0.00    0.00    0.00   99.00
01:13:15 PM   20    0.00    0.00    0.00    1.00    0.00    0.00    0.00    0.00    0.00   99.00
01:13:15 PM   21    0.00    0.00    0.00    0.00    0.00    0.00    0.00    0.00    0.00  100.00
01:13:15 PM   22    1.01    0.00    0.00    0.00    0.00    0.00    0.00    0.00    0.00   98.99
01:13:15 PM   23    1.01    0.00    0.00    0.00    0.00    0.00    0.00    0.00    0.00   98.99
01:13:15 PM   24   32.00    0.00   45.00    0.00    0.00   23.00    0.00    0.00    0.00    0.00
01:13:15 PM   25   35.00    0.00   42.00    0.00    0.00   23.00    0.00    0.00    0.00    0.00
01:13:15 PM   26    0.00    0.00    0.00    0.00    0.00    0.00    0.00    0.00    0.00  100.00
01:13:15 PM   27    0.00    0.00    0.00    0.00    0.00    0.00    0.00    0.00    0.00  100.00
01:13:15 PM   28    0.99    0.00    0.99    0.00    0.00    0.00    0.00    0.00    0.00   98.02
01:13:15 PM   29    1.01    0.00    0.00    0.00    0.00    0.00    0.00    0.00    0.00   98.99
01:13:15 PM   30    1.00    0.00    0.00    0.00    0.00    0.00    0.00    0.00    0.00   99.00
01:13:15 PM   31    0.99    0.00    0.00    0.00    0.00    0.00    0.00    0.00    0.00   99.01
01:13:15 PM   32    2.94    0.00    0.98    0.00    0.00    0.00    0.00    0.00    0.00   96.08
01:13:15 PM   33    1.00    0.00    0.00    0.00    0.00    0.00    0.00    0.00    0.00   99.00
01:13:15 PM   34    0.00    0.00    1.98    0.99    0.00    0.00    0.00    0.00    0.00   97.03
01:13:15 PM   35    1.00    0.00    0.00    0.00    0.00    0.00    0.00    0.00    0.00   99.00

01:13:15 PM  CPU    %usr   %nice    %sys %iowait    %irq   %soft  %steal  %guest  %gnice   %idle
01:13:16 PM  all    2.71    0.00    2.85    0.06    0.00    1.62    0.00    0.00    0.00   92.76
01:13:16 PM    0    1.03    0.00    2.06    0.00    0.00    0.00    0.00    0.00    0.00   96.91
01:13:16 PM    1    2.00    0.00    0.00    1.00    0.00    0.00    0.00    0.00    0.00   97.00
01:13:16 PM    2    2.00    0.00    0.00    0.00    0.00    0.00    0.00    0.00    0.00   98.00
01:13:16 PM    3    1.00    0.00    1.00    0.00    0.00    0.00    0.00    0.00    0.00   98.00
01:13:16 PM    4    1.01    0.00    0.00    0.00    0.00    0.00    0.00    0.00    0.00   98.99
01:13:16 PM    5    0.99    0.00    0.99    0.99    0.00    0.99    0.00    0.00    0.00   96.04
01:13:16 PM    6    0.98    0.00    1.96    0.00    0.00    0.00    0.00    0.00    0.00   97.06
01:13:16 PM    7    1.01    0.00    1.01    0.00    0.00    0.00    0.00    0.00    0.00   97.98
01:13:16 PM    8    2.97    0.00    6.93    0.00    0.00    0.00    0.00    0.00    0.00   90.10
01:13:16 PM    9    1.00    0.00    1.00    0.00    0.00    0.00    0.00    0.00    0.00   98.00
01:13:16 PM   10    2.00    0.00    0.00    0.00    0.00    0.00    0.00    0.00    0.00   98.00
01:13:16 PM   11    0.00    0.00    0.00    0.00    0.00    0.00    0.00    0.00    0.00  100.00
01:13:16 PM   12    2.00    0.00    0.00    0.00    0.00    0.00    0.00    0.00    0.00   98.00
01:13:16 PM   13    2.00    0.00    1.00    0.00    0.00    0.00    0.00    0.00    0.00   97.00
01:13:16 PM   14    1.01    0.00    0.00    0.00    0.00    0.00    0.00    0.00    0.00   98.99
01:13:16 PM   15    2.04    0.00    2.04    0.00    0.00    0.00    0.00    0.00    0.00   95.92
01:13:16 PM   16    0.00    0.00    0.00    0.00    0.00    0.00    0.00    0.00    0.00  100.00
01:13:16 PM   17    0.00    0.00    0.00    0.00    0.00    0.00    0.00    0.00    0.00  100.00
01:13:16 PM   18    0.00    0.00    0.00    0.00    0.00    0.00    0.00    0.00    0.00  100.00
01:13:16 PM   19    0.00    0.00    0.00    0.00    0.00    0.00    0.00    0.00    0.00  100.00
01:13:16 PM   20    0.00    0.00    0.00    0.00    0.00    0.00    0.00    0.00    0.00  100.00
01:13:16 PM   21    1.01    0.00    0.00    0.00    0.00    0.00    0.00    0.00    0.00   98.99
01:13:16 PM   22    0.00    0.00    0.00    0.00    0.00    0.00    0.00    0.00    0.00  100.00
01:13:16 PM   23    2.04    0.00    1.02    0.00    0.00    0.00    0.00    0.00    0.00   96.94
01:13:16 PM   24   30.69    0.00   42.57    0.00    0.00   26.73    0.00    0.00    0.00    0.00
01:13:16 PM   25   34.00    0.00   36.00    0.00    0.00   30.00    0.00    0.00    0.00    0.00
01:13:16 PM   26    1.01    0.00    0.00    0.00    0.00    0.00    0.00    0.00    0.00   98.99
01:13:16 PM   27    1.01    0.00    0.00    0.00    0.00    0.00    0.00    0.00    0.00   98.99
01:13:16 PM   28    0.00    0.00    1.01    0.00    0.00    0.00    0.00    0.00    0.00   98.99
01:13:16 PM   29    1.01    0.00    0.00    0.00    0.00    0.00    0.00    0.00    0.00   98.99
01:13:16 PM   30    0.00    0.00    0.00    0.00    0.00    0.00    0.00    0.00    0.00  100.00
01:13:16 PM   31    0.00    0.00    0.00    0.00    0.00    0.00    0.00    0.00    0.00  100.00
01:13:16 PM   32    0.00    0.00    0.00    0.00    0.00    0.00    0.00    0.00    0.00  100.00
01:13:16 PM   33    0.99    0.00    0.99    0.00    0.00    0.00    0.00    0.00    0.00   98.02
01:13:16 PM   34    1.00    0.00    0.00    0.00    0.00    0.00    0.00    0.00    0.00   99.00
01:13:16 PM   35    0.99    0.00    1.98    0.00    0.00    0.00    0.00    0.00    0.00   97.03

01:13:16 PM  CPU    %usr   %nice    %sys %iowait    %irq   %soft  %steal  %guest  %gnice   %idle
01:13:17 PM  all    2.84    0.00    3.04    0.14    0.00    1.37    0.00    0.00    0.00   92.62
01:13:17 PM    0    1.02    0.00    0.00    1.02    0.00    1.02    0.00    0.00    0.00   96.94
01:13:17 PM    1    1.01    0.00    1.01    0.00    0.00    0.00    0.00    0.00    0.00   97.98
01:13:17 PM    2    1.00    0.00    0.00    0.00    0.00    0.00    0.00    0.00    0.00   99.00
01:13:17 PM    3    0.00    0.00    1.01    0.00    0.00    0.00    0.00    0.00    0.00   98.99
01:13:17 PM    4    1.00    0.00    1.00    0.00    0.00    0.00    0.00    0.00    0.00   98.00
01:13:17 PM    5    8.00    0.00    0.00    0.00    0.00    0.00    0.00    0.00    0.00   92.00
01:13:17 PM    6    2.00    0.00    1.00    0.00    0.00    0.00    0.00    0.00    0.00   97.00
01:13:17 PM    7    2.00    0.00    0.00    0.00    0.00    0.00    0.00    0.00    0.00   98.00
01:13:17 PM    8    3.06    0.00    6.12    0.00    0.00    0.00    0.00    0.00    0.00   90.82
01:13:17 PM    9    1.01    0.00    0.00    0.00    0.00    0.00    0.00    0.00    0.00   98.99
01:13:17 PM   10    0.00    0.00    1.01    2.02    0.00    0.00    0.00    0.00    0.00   96.97
01:13:17 PM   11    1.00    0.00    1.00    1.00    0.00    0.00    0.00    0.00    0.00   97.00
01:13:17 PM   12    1.98    0.00    0.99    0.00    0.00    0.00    0.00    0.00    0.00   97.03
01:13:17 PM   13    2.02    0.00    0.00    0.00    0.00    0.00    0.00    0.00    0.00   97.98
01:13:17 PM   14    1.98    0.00    0.99    0.00    0.00    0.00    0.00    0.00    0.00   97.03
01:13:17 PM   15    0.99    0.00    0.99    0.99    0.00    0.00    0.00    0.00    0.00   97.03
01:13:17 PM   16    1.02    0.00    0.00    0.00    0.00    0.00    0.00    0.00    0.00   98.98
01:13:17 PM   17    1.00    0.00    0.00    0.00    0.00    0.00    0.00    0.00    0.00   99.00
01:13:17 PM   18    0.00    0.00    0.00    0.00    0.00    0.00    0.00    0.00    0.00  100.00
01:13:17 PM   19    1.00    0.00    0.00    0.00    0.00    0.00    0.00    0.00    0.00   99.00
01:13:17 PM   20    0.98    0.00    0.98    0.00    0.00    0.00    0.00    0.00    0.00   98.04
01:13:17 PM   21    0.00    0.00    0.00    0.00    0.00    0.00    0.00    0.00    0.00  100.00
01:13:17 PM   22    2.00    0.00    0.00    0.00    0.00    0.00    0.00    0.00    0.00   98.00
01:13:17 PM   23    0.99    0.00    0.99    0.00    0.00    0.00    0.00    0.00    0.00   98.02
01:13:17 PM   24   30.00    0.00   44.00    0.00    0.00   26.00    0.00    0.00    0.00    0.00
01:13:17 PM   25   32.32    0.00   45.45    0.00    0.00   22.22    0.00    0.00    0.00    0.00
01:13:17 PM   26    0.00    0.00    0.00    0.00    0.00    0.00    0.00    0.00    0.00  100.00
01:13:17 PM   27    0.00    0.00    1.00    0.00    0.00    0.00    0.00    0.00    0.00   99.00
01:13:17 PM   28    1.00    0.00    0.00    0.00    0.00    0.00    0.00    0.00    0.00   99.00
01:13:17 PM   29    0.00    0.00    0.00    0.00    0.00    0.00    0.00    0.00    0.00  100.00
01:13:17 PM   30    1.00    0.00    1.00    0.00    0.00    0.00    0.00    0.00    0.00   98.00
01:13:17 PM   31    0.00    0.00    0.00    0.00    0.00    0.00    0.00    0.00    0.00  100.00
01:13:17 PM   32    1.96    0.00    0.98    0.00    0.00    0.00    0.00    0.00    0.00   97.06
01:13:17 PM   33    0.00    0.00    0.00    0.00    0.00    0.00    0.00    0.00    0.00  100.00
01:13:17 PM   34    1.00    0.00    0.00    0.00    0.00    0.00    0.00    0.00    0.00   99.00
01:13:17 PM   35    0.00    0.00    0.00    0.00    0.00    0.00    0.00    0.00    0.00  100.00

01:13:17 PM  CPU    %usr   %nice    %sys %iowait    %irq   %soft  %steal  %guest  %gnice   %idle
01:13:18 PM  all    2.96    0.00    2.76    0.00    0.00    1.45    0.00    0.00    0.00   92.83
01:13:18 PM    0    1.98    0.00    0.99    0.00    0.00    2.97    0.00    0.00    0.00   94.06
01:13:18 PM    1    3.03    0.00    0.00    0.00    0.00    0.00    0.00    0.00    0.00   96.97
01:13:18 PM    2    2.04    0.00    0.00    0.00    0.00    0.00    0.00    0.00    0.00   97.96
01:13:18 PM    3    1.98    0.00    0.99    0.00    0.00    0.00    0.00    0.00    0.00   97.03
01:13:18 PM    4    1.01    0.00    0.00    0.00    0.00    0.00    0.00    0.00    0.00   98.99
01:13:18 PM    5    2.00    0.00    1.00    0.00    0.00    0.00    0.00    0.00    0.00   97.00
01:13:18 PM    6    0.00    0.00    0.00    0.00    0.00    0.00    0.00    0.00    0.00  100.00
01:13:18 PM    7    2.00    0.00    0.00    0.00    0.00    0.00    0.00    0.00    0.00   98.00
01:13:18 PM    8    1.00    0.00    0.00    0.00    0.00    0.00    0.00    0.00    0.00   99.00
01:13:18 PM    9    1.02    0.00    0.00    0.00    0.00    0.00    0.00    0.00    0.00   98.98
01:13:18 PM   10    0.00    0.00    0.00    0.00    0.00    0.00    0.00    0.00    0.00  100.00
01:13:18 PM   11    1.00    0.00    0.00    0.00    0.00    0.00    0.00    0.00    0.00   99.00
01:13:18 PM   12    1.01    0.00    0.00    0.00    0.00    0.00    0.00    0.00    0.00   98.99
01:13:18 PM   13    1.98    0.00    0.99    0.00    0.00    0.00    0.00    0.00    0.00   97.03
01:13:18 PM   14    3.00    0.00    1.00    0.00    0.00    0.00    0.00    0.00    0.00   96.00
01:13:18 PM   15    2.02    0.00    0.00    0.00    0.00    0.00    0.00    0.00    0.00   97.98
01:13:18 PM   16    2.00    0.00    0.00    0.00    0.00    0.00    0.00    0.00    0.00   98.00
01:13:18 PM   17    2.94    0.00    0.98    0.00    0.00    0.98    0.00    0.00    0.00   95.10
01:13:18 PM   18    0.00    0.00    1.01    0.00    0.00    0.00    0.00    0.00    0.00   98.99
01:13:18 PM   19    1.00    0.00    0.00    0.00    0.00    0.00    0.00    0.00    0.00   99.00
01:13:18 PM   20    1.01    0.00    0.00    0.00    0.00    0.00    0.00    0.00    0.00   98.99
01:13:18 PM   21    0.99    0.00    0.00    0.00    0.00    0.00    0.00    0.00    0.00   99.01
01:13:18 PM   22    0.00    0.00    0.00    0.00    0.00    0.00    0.00    0.00    0.00  100.00
01:13:18 PM   23    0.00    0.00    0.00    0.00    0.00    0.00    0.00    0.00    0.00  100.00
01:13:18 PM   24   32.32    0.00   44.44    0.00    0.00   23.23    0.00    0.00    0.00    0.00
01:13:18 PM   25   29.00    0.00   46.00    0.00    0.00   25.00    0.00    0.00    0.00    0.00
01:13:18 PM   26    1.00    0.00    0.00    0.00    0.00    0.00    0.00    0.00    0.00   99.00
01:13:18 PM   27    1.00    0.00    1.00    0.00    0.00    0.00    0.00    0.00    0.00   98.00
01:13:18 PM   28    0.00    0.00    0.00    0.00    0.00    0.00    0.00    0.00    0.00  100.00
01:13:18 PM   29    1.98    0.00    0.99    0.00    0.00    0.00    0.00    0.00    0.00   97.03
01:13:18 PM   30    2.02    0.00    0.00    0.00    0.00    0.00    0.00    0.00    0.00   97.98
01:13:18 PM   31    3.00    0.00    0.00    0.00    0.00    0.00    0.00    0.00    0.00   97.00
01:13:18 PM   32    0.00    0.00    0.00    0.00    0.00    0.00    0.00    0.00    0.00  100.00
01:13:18 PM   33    1.00    0.00    0.00    0.00    0.00    0.00    0.00    0.00    0.00   99.00
01:13:18 PM   34    1.01    0.00    0.00    0.00    0.00    0.00    0.00    0.00    0.00   98.99
01:13:18 PM   35    1.00    0.00    0.00    0.00    0.00    0.00    0.00    0.00    0.00   99.00

01:13:18 PM  CPU    %usr   %nice    %sys %iowait    %irq   %soft  %steal  %guest  %gnice   %idle
01:13:19 PM  all    2.24    0.00    2.94    0.06    0.00    1.34    0.00    0.00    0.00   93.42
01:13:19 PM    0    2.04    0.00    1.02    0.00    0.00    0.00    0.00    0.00    0.00   96.94
01:13:19 PM    1    0.00    0.00    2.02    0.00    0.00    0.00    0.00    0.00    0.00   97.98
01:13:19 PM    2    0.99    0.00    0.99    0.00    0.00    0.00    0.00    0.00    0.00   98.02
01:13:19 PM    3    0.00    0.00    0.00    0.00    0.00    0.00    0.00    0.00    0.00  100.00
01:13:19 PM    4    0.00    0.00    0.00    0.00    0.00    0.00    0.00    0.00    0.00  100.00
01:13:19 PM    5    0.00    0.00    1.01    0.00    0.00    0.00    0.00    0.00    0.00   98.99
01:13:19 PM    6    1.00    0.00    0.00    0.00    0.00    0.00    0.00    0.00    0.00   99.00
01:13:19 PM    7    1.00    0.00    1.00    0.00    0.00    0.00    0.00    0.00    0.00   98.00
01:13:19 PM    8    1.01    0.00    7.07    0.00    0.00    0.00    0.00    0.00    0.00   91.92
01:13:19 PM    9    0.00    0.00    1.01    1.01    0.00    0.00    0.00    0.00    0.00   97.98
01:13:19 PM   10    1.00    0.00    0.00    0.00    0.00    0.00    0.00    0.00    0.00   99.00
01:13:19 PM   11    0.00    0.00    0.00    0.00    0.00    0.00    0.00    0.00    0.00  100.00
01:13:19 PM   12    0.00    0.00    0.00    0.00    0.00    0.00    0.00    0.00    0.00  100.00
01:13:19 PM   13    0.00    0.00    1.00    0.00    0.00    0.00    0.00    0.00    0.00   99.00
01:13:19 PM   14    1.00    0.00    0.00    0.00    0.00    0.00    0.00    0.00    0.00   99.00
01:13:19 PM   15    1.01    0.00    0.00    0.00    0.00    0.00    0.00    0.00    0.00   98.99
01:13:19 PM   16    1.01    0.00    0.00    1.01    0.00    0.00    0.00    0.00    0.00   97.98
01:13:19 PM   17    0.00    0.00    0.00    0.00    0.00    0.00    0.00    0.00    0.00  100.00
01:13:19 PM   18    0.00    0.00    0.00    0.00    0.00    0.00    0.00    0.00    0.00  100.00
01:13:19 PM   19    0.00    0.00    1.01    0.00    0.00    0.00    0.00    0.00    0.00   98.99
01:13:19 PM   20    0.00    0.00    0.00    0.00    0.00    0.00    0.00    0.00    0.00  100.00
01:13:19 PM   21    0.00    0.00    0.00    0.00    0.00    0.00    0.00    0.00    0.00  100.00
01:13:19 PM   22    0.00    0.00    0.00    0.00    0.00    0.00    0.00    0.00    0.00  100.00
01:13:19 PM   23    0.00    0.00    0.00    0.00    0.00    0.00    0.00    0.00    0.00  100.00
01:13:19 PM   24   35.64    0.00   41.58    0.00    0.00   22.77    0.00    0.00    0.00    0.00
01:13:19 PM   25   31.68    0.00   42.57    0.00    0.00   24.75    0.00    0.00    0.00    0.99
01:13:19 PM   26    0.00    0.00    0.00    0.00    0.00    0.00    0.00    0.00    0.00  100.00
01:13:19 PM   27    0.00    0.00    1.00    0.00    0.00    0.00    0.00    0.00    0.00   99.00
01:13:19 PM   28    1.00    0.00    0.00    0.00    0.00    0.00    0.00    0.00    0.00   99.00
01:13:19 PM   29    0.00    0.00    0.00    0.00    0.00    0.00    0.00    0.00    0.00  100.00
01:13:19 PM   30    0.99    0.00    0.99    0.00    0.00    0.00    0.00    0.00    0.00   98.02
01:13:19 PM   31    0.00    0.00    1.00    0.00    0.00    0.00    0.00    0.00    0.00   99.00
01:13:19 PM   32    0.00    0.00    1.00    0.00    0.00    0.00    0.00    0.00    0.00   99.00
01:13:19 PM   33    0.00    0.00    0.00    0.00    0.00    0.00    0.00    0.00    0.00  100.00
01:13:19 PM   34    0.00    0.00    0.00    0.00    0.00    0.00    0.00    0.00    0.00  100.00
01:13:19 PM   35    0.00    0.00    0.00    0.00    0.00    0.00    0.00    0.00    0.00  100.00

01:13:19 PM  CPU    %usr   %nice    %sys %iowait    %irq   %soft  %steal  %guest  %gnice   %idle
01:13:20 PM  all    2.48    0.00    2.51    0.08    0.00    1.50    0.00    0.00    0.00   93.43
01:13:20 PM    0    0.00    0.00    1.04    0.00    0.00    0.00    0.00    0.00    0.00   98.96
01:13:20 PM    1    2.02    0.00    0.00    0.00    0.00    0.00    0.00    0.00    0.00   97.98
01:13:20 PM    2    0.00    0.00    0.00    0.00    0.00    0.00    0.00    0.00    0.00  100.00
01:13:20 PM    3    0.00    0.00    0.00    1.01    0.00    0.00    0.00    0.00    0.00   98.99
01:13:20 PM    4    1.01    0.00    0.00    0.00    0.00    0.00    0.00    0.00    0.00   98.99
01:13:20 PM    5    1.00    0.00    1.00    0.00    0.00    0.00    0.00    0.00    0.00   98.00
01:13:20 PM    6    1.01    0.00    0.00    0.00    0.00    0.00    0.00    0.00    0.00   98.99
01:13:20 PM    7    1.00    0.00    1.00    0.00    0.00    0.00    0.00    0.00    0.00   98.00
01:13:20 PM    8    0.00    0.00    0.00    0.00    0.00    0.00    0.00    0.00    0.00  100.00
01:13:20 PM    9    2.00    0.00    0.00    1.00    0.00    0.00    0.00    0.00    0.00   97.00
01:13:20 PM   10    1.00    0.00    0.00    0.00    0.00    0.00    0.00    0.00    0.00   99.00
01:13:20 PM   11    0.99    0.00    0.00    0.00    0.00    0.99    0.00    0.00    0.00   98.02
01:13:20 PM   12    0.00    0.00    1.00    0.00    0.00    0.00    0.00    0.00    0.00   99.00
01:13:20 PM   13    2.00    0.00    0.00    0.00    0.00    0.00    0.00    0.00    0.00   98.00
01:13:20 PM   14    1.01    0.00    0.00    0.00    0.00    0.00    0.00    0.00    0.00   98.99
01:13:20 PM   15    0.00    0.00    1.01    0.00    0.00    0.00    0.00    0.00    0.00   98.99
01:13:20 PM   16    1.00    0.00    0.00    0.00    0.00    0.00    0.00    0.00    0.00   99.00
01:13:20 PM   17    1.01    0.00    0.00    0.00    0.00    0.00    0.00    0.00    0.00   98.99
01:13:20 PM   18    0.99    0.00    0.00    0.00    0.00    0.00    0.00    0.00    0.00   99.01
01:13:20 PM   19    1.96    0.00    0.00    0.00    0.00    0.00    0.00    0.00    0.00   98.04
01:13:20 PM   20    0.00    0.00    1.00    0.00    0.00    0.00    0.00    0.00    0.00   99.00
01:13:20 PM   21    1.96    0.00    0.98    0.98    0.00    0.00    0.00    0.00    0.00   96.08
01:13:20 PM   22    1.00    0.00    1.00    0.00    0.00    0.00    0.00    0.00    0.00   98.00
01:13:20 PM   23    0.00    0.00    0.00    0.00    0.00    0.00    0.00    0.00    0.00  100.00
01:13:20 PM   24   32.32    0.00   40.40    0.00    0.00   27.27    0.00    0.00    0.00    0.00
01:13:20 PM   25   34.00    0.00   40.00    0.00    0.00   26.00    0.00    0.00    0.00    0.00
01:13:20 PM   26    0.00    0.00    1.00    0.00    0.00    0.00    0.00    0.00    0.00   99.00
01:13:20 PM   27    0.00    0.00    0.00    0.00    0.00    0.00    0.00    0.00    0.00  100.00
01:13:20 PM   28    0.00    0.00    0.00    0.00    0.00    0.00    0.00    0.00    0.00  100.00
01:13:20 PM   29    0.00    0.00    0.00    0.00    0.00    0.00    0.00    0.00    0.00  100.00
01:13:20 PM   30    0.00    0.00    0.00    0.00    0.00    0.00    0.00    0.00    0.00  100.00
01:13:20 PM   31    0.00    0.00    0.00    0.00    0.00    0.00    0.00    0.00    0.00  100.00
01:13:20 PM   32    0.99    0.00    0.00    0.00    0.00    0.00    0.00    0.00    0.00   99.01
01:13:20 PM   33    0.98    0.00    0.98    0.00    0.00    0.00    0.00    0.00    0.00   98.04
01:13:20 PM   34    0.00    0.00    0.00    0.00    0.00    0.00    0.00    0.00    0.00  100.00
01:13:20 PM   35    0.00    0.00    0.00    0.00    0.00    0.00    0.00    0.00    0.00  100.00

Average:     CPU    %usr   %nice    %sys %iowait    %irq   %soft  %steal  %guest  %gnice   %idle
Average:     all    2.60    0.00    2.77    0.06    0.00    1.41    0.00    0.00    0.00   93.15
Average:       0    1.23    0.00    0.61    0.10    0.00    0.61    0.00    0.00    0.00   97.44
Average:       1    1.41    0.00    0.50    0.20    0.00    0.00    0.00    0.00    0.00   97.88
Average:       2    1.10    0.00    0.30    0.00    0.00    0.00    0.00    0.00    0.00   98.60
Average:       3    1.00    0.00    0.50    0.10    0.00    0.00    0.00    0.00    0.00   98.40
Average:       4    1.00    0.00    0.30    0.10    0.00    0.00    0.00    0.00    0.00   98.59
Average:       5    1.91    0.00    0.50    0.10    0.00    0.10    0.00    0.00    0.00   97.39
Average:       6    0.90    0.00    0.50    0.10    0.00    0.10    0.00    0.00    0.00   98.39
Average:       7    1.30    0.00    0.60    0.00    0.00    0.00    0.00    0.00    0.00   98.09
Average:       8    1.41    0.00    2.62    0.00    0.00    0.00    0.00    0.00    0.00   95.97
Average:       9    1.50    0.00    1.60    0.20    0.00    0.00    0.00    0.00    0.00   96.69
Average:      10    0.60    0.00    0.30    0.20    0.00    0.00    0.00    0.00    0.00   98.89
Average:      11    0.60    0.00    0.30    0.10    0.00    0.10    0.00    0.00    0.00   98.90
Average:      12    0.91    0.00    0.20    0.00    0.00    0.00    0.00    0.00    0.00   98.89
Average:      13    1.00    0.00    0.40    0.00    0.00    0.00    0.00    0.00    0.00   98.60
Average:      14    1.30    0.00    0.20    0.00    0.00    0.00    0.00    0.00    0.00   98.50
Average:      15    1.11    0.00    0.50    0.20    0.00    0.00    0.00    0.00    0.00   98.19
Average:      16    0.60    0.00    0.20    0.10    0.00    0.00    0.00    0.00    0.00   99.09
Average:      17    0.91    0.00    0.10    0.10    0.00    0.10    0.00    0.00    0.00   98.79
Average:      18    0.50    0.00    0.20    0.10    0.00    0.00    0.00    0.00    0.00   99.19
Average:      19    0.60    0.00    0.30    0.00    0.00    0.00    0.00    0.00    0.00   99.10
Average:      20    0.60    0.00    0.30    0.20    0.00    0.00    0.00    0.00    0.00   98.90
Average:      21    0.70    0.00    0.30    0.10    0.00    0.00    0.00    0.00    0.00   98.90
Average:      22    0.60    0.00    0.30    0.00    0.00    0.00    0.00    0.00    0.00   99.09
Average:      23    1.11    0.00    0.40    0.00    0.00    0.10    0.00    0.00    0.00   98.39
Average:      24   30.60    0.00   42.40    0.00    0.00   25.40    0.00    0.00    0.00    1.60
Average:      25   32.33    0.00   41.74    0.00    0.00   23.92    0.00    0.00    0.00    2.00
Average:      26    0.50    0.00    0.30    0.00    0.00    0.00    0.00    0.00    0.00   99.20
Average:      27    0.50    0.00    0.40    0.00    0.00    0.00    0.00    0.00    0.00   99.09
Average:      28    0.40    0.00    0.30    0.10    0.00    0.00    0.00    0.00    0.00   99.20
Average:      29    0.70    0.00    0.20    0.00    0.00    0.00    0.00    0.00    0.00   99.10
Average:      30    0.80    0.00    0.50    0.00    0.00    0.00    0.00    0.00    0.00   98.70
Average:      31    0.80    0.00    0.20    0.00    0.00    0.00    0.00    0.00    0.00   98.99
Average:      32    1.10    0.00    0.40    0.00    0.00    0.00    0.00    0.00    0.00   98.50
Average:      33    0.90    0.00    0.30    0.00    0.00    0.00    0.00    0.00    0.00   98.80
Average:      34    0.50    0.00    0.20    0.10    0.00    0.00    0.00    0.00    0.00   99.20
Average:      35    0.40    0.00    0.50    0.00    0.00    0.00    0.00    0.00    0.00   99.10
