Linux 5.15.0-186-generic (rapids4) 	07/28/2026 	_x86_64_	(36 CPU)

12:55:52 PM  CPU    %usr   %nice    %sys %iowait    %irq   %soft  %steal  %guest  %gnice   %idle
12:55:53 PM  all    2.16    0.00    1.29    0.03    0.00    0.08    0.00    0.00    0.00   96.43
12:55:53 PM    0    2.04    0.00    0.00    0.00    0.00    1.02    0.00    0.00    0.00   96.94
12:55:53 PM    1    1.01    0.00    1.01    0.00    0.00    1.01    0.00    0.00    0.00   96.97
12:55:53 PM    2    1.03    0.00    0.00    0.00    0.00    0.00    0.00    0.00    0.00   98.97
12:55:53 PM    3    2.00    0.00    1.00    0.00    0.00    0.00    0.00    0.00    0.00   97.00
12:55:53 PM    4    8.00    0.00    2.00    0.00    0.00    0.00    0.00    0.00    0.00   90.00
12:55:53 PM    5    2.02    0.00    1.01    0.00    0.00    0.00    0.00    0.00    0.00   96.97
12:55:53 PM    6    3.96    0.00    0.99    0.00    0.00    0.00    0.00    0.00    0.00   95.05
12:55:53 PM    7    2.00    0.00    2.00    0.00    0.00    0.00    0.00    0.00    0.00   96.00
12:55:53 PM    8    3.96    0.00    7.92    0.00    0.00    0.00    0.00    0.00    0.00   88.12
12:55:53 PM    9    1.01    0.00    2.02    0.00    0.00    1.01    0.00    0.00    0.00   95.96
12:55:53 PM   10    1.02    0.00    1.02    0.00    0.00    0.00    0.00    0.00    0.00   97.96
12:55:53 PM   11    2.06    0.00    0.00    0.00    0.00    0.00    0.00    0.00    0.00   97.94
12:55:53 PM   12    1.02    0.00    1.02    0.00    0.00    0.00    0.00    0.00    0.00   97.96
12:55:53 PM   13    4.04    0.00    1.01    0.00    0.00    0.00    0.00    0.00    0.00   94.95
12:55:53 PM   14   11.22    0.00    0.00    0.00    0.00    0.00    0.00    0.00    0.00   88.78
12:55:53 PM   15    7.00    0.00    1.00    1.00    0.00    0.00    0.00    0.00    0.00   91.00
12:55:53 PM   16    3.09    0.00    0.00    0.00    0.00    0.00    0.00    0.00    0.00   96.91
12:55:53 PM   17    3.00    0.00    0.00    0.00    0.00    0.00    0.00    0.00    0.00   97.00
12:55:53 PM   18    0.00    0.00    0.00    0.00    0.00    0.00    0.00    0.00    0.00  100.00
12:55:53 PM   19    0.00    0.00    1.00    0.00    0.00    0.00    0.00    0.00    0.00   99.00
12:55:53 PM   20    0.00    0.00    1.00    0.00    0.00    0.00    0.00    0.00    0.00   99.00
12:55:53 PM   21    0.99    0.00    0.99    0.00    0.00    0.00    0.00    0.00    0.00   98.02
12:55:53 PM   22    1.98    0.00    0.99    0.00    0.00    0.00    0.00    0.00    0.00   97.03
12:55:53 PM   23    0.00    0.00    1.01    0.00    0.00    0.00    0.00    0.00    0.00   98.99
12:55:53 PM   24    0.00    0.00    0.00    0.00    0.00    0.00    0.00    0.00    0.00  100.00
12:55:53 PM   25    2.04    0.00    1.02    0.00    0.00    0.00    0.00    0.00    0.00   96.94
12:55:53 PM   26    5.15    0.00    8.25    0.00    0.00    0.00    0.00    0.00    0.00   86.60
12:55:53 PM   27    4.12    0.00    9.28    0.00    0.00    0.00    0.00    0.00    0.00   86.60
12:55:53 PM   28    1.01    0.00    0.00    0.00    0.00    0.00    0.00    0.00    0.00   98.99
12:55:53 PM   29    0.00    0.00    0.00    0.00    0.00    0.00    0.00    0.00    0.00  100.00
12:55:53 PM   30    1.00    0.00    1.00    0.00    0.00    0.00    0.00    0.00    0.00   98.00
12:55:53 PM   31    0.00    0.00    0.00    0.00    0.00    0.00    0.00    0.00    0.00  100.00
12:55:53 PM   32    1.01    0.00    0.00    0.00    0.00    0.00    0.00    0.00    0.00   98.99
12:55:53 PM   33    0.00    0.00    0.00    0.00    0.00    0.00    0.00    0.00    0.00  100.00
12:55:53 PM   34    1.01    0.00    0.00    0.00    0.00    0.00    0.00    0.00    0.00   98.99
12:55:53 PM   35    0.00    0.00    0.00    0.00    0.00    0.00    0.00    0.00    0.00  100.00

12:55:53 PM  CPU    %usr   %nice    %sys %iowait    %irq   %soft  %steal  %guest  %gnice   %idle
12:55:54 PM  all    1.88    0.00    1.46    0.00    0.00    0.08    0.00    0.00    0.00   96.58
12:55:54 PM    0    6.80    0.00    1.94    0.00    0.00    2.91    0.00    0.00    0.00   88.35
12:55:54 PM    1    8.16    0.00    0.00    0.00    0.00    0.00    0.00    0.00    0.00   91.84
12:55:54 PM    2    2.02    0.00    1.01    0.00    0.00    0.00    0.00    0.00    0.00   96.97
12:55:54 PM    3    2.02    0.00    1.01    0.00    0.00    0.00    0.00    0.00    0.00   96.97
12:55:54 PM    4    2.00    0.00    0.00    0.00    0.00    0.00    0.00    0.00    0.00   98.00
12:55:54 PM    5    1.01    0.00    1.01    0.00    0.00    0.00    0.00    0.00    0.00   97.98
12:55:54 PM    6    2.02    0.00    0.00    0.00    0.00    0.00    0.00    0.00    0.00   97.98
12:55:54 PM    7    1.01    0.00    0.00    0.00    0.00    0.00    0.00    0.00    0.00   98.99
12:55:54 PM    8    1.98    0.00    1.98    0.00    0.00    0.00    0.00    0.00    0.00   96.04
12:55:54 PM    9    1.02    0.00    0.00    0.00    0.00    0.00    0.00    0.00    0.00   98.98
12:55:54 PM   10    2.00    0.00    1.00    0.00    0.00    0.00    0.00    0.00    0.00   97.00
12:55:54 PM   11    2.00    0.00    1.00    0.00    0.00    0.00    0.00    0.00    0.00   97.00
12:55:54 PM   12    2.00    0.00    1.00    0.00    0.00    0.00    0.00    0.00    0.00   97.00
12:55:54 PM   13    1.01    0.00    0.00    0.00    0.00    0.00    0.00    0.00    0.00   98.99
12:55:54 PM   14    2.00    0.00    0.00    0.00    0.00    0.00    0.00    0.00    0.00   98.00
12:55:54 PM   15    2.02    0.00    0.00    0.00    0.00    0.00    0.00    0.00    0.00   97.98
12:55:54 PM   16    6.00    0.00    1.00    0.00    0.00    0.00    0.00    0.00    0.00   93.00
12:55:54 PM   17    3.06    0.00    0.00    0.00    0.00    0.00    0.00    0.00    0.00   96.94
12:55:54 PM   18    0.00    0.00    0.00    0.00    0.00    0.00    0.00    0.00    0.00  100.00
12:55:54 PM   19    1.00    0.00    0.00    0.00    0.00    0.00    0.00    0.00    0.00   99.00
12:55:54 PM   20    0.00    0.00    0.00    0.00    0.00    0.00    0.00    0.00    0.00  100.00
12:55:54 PM   21    1.01    0.00    0.00    0.00    0.00    0.00    0.00    0.00    0.00   98.99
12:55:54 PM   22    0.00    0.00    0.00    0.00    0.00    0.00    0.00    0.00    0.00  100.00
12:55:54 PM   23    1.00    0.00    1.00    0.00    0.00    0.00    0.00    0.00    0.00   98.00
12:55:54 PM   24    0.00    0.00    0.00    0.00    0.00    0.00    0.00    0.00    0.00  100.00
12:55:54 PM   25    0.99    0.00    0.99    0.00    0.00    0.00    0.00    0.00    0.00   98.02
12:55:54 PM   26    7.45    0.00   14.89    0.00    0.00    0.00    0.00    0.00    0.00   77.66
12:55:54 PM   27    5.21    0.00   22.92    0.00    0.00    0.00    0.00    0.00    0.00   71.88
12:55:54 PM   28    0.00    0.00    0.00    0.00    0.00    0.00    0.00    0.00    0.00  100.00
12:55:54 PM   29    0.99    0.00    0.99    0.00    0.00    0.00    0.00    0.00    0.00   98.02
12:55:54 PM   30    1.00    0.00    0.00    0.00    0.00    0.00    0.00    0.00    0.00   99.00
12:55:54 PM   31    0.00    0.00    0.00    0.00    0.00    0.00    0.00    0.00    0.00  100.00
12:55:54 PM   32    0.00    0.00    0.00    0.00    0.00    0.00    0.00    0.00    0.00  100.00
12:55:54 PM   33    0.00    0.00    0.99    0.00    0.00    0.00    0.00    0.00    0.00   99.01
12:55:54 PM   34    0.99    0.00    0.99    0.00    0.00    0.00    0.00    0.00    0.00   98.02
12:55:54 PM   35    0.00    0.00    0.00    0.00    0.00    0.00    0.00    0.00    0.00  100.00

12:55:54 PM  CPU    %usr   %nice    %sys %iowait    %irq   %soft  %steal  %guest  %gnice   %idle
12:55:55 PM  all    2.09    0.00    2.17    0.00    0.00    0.14    0.00    0.00    0.00   95.60
12:55:55 PM    0    8.82    0.00    0.98    0.00    0.00    2.94    0.00    0.00    0.00   87.25
12:55:55 PM    1    3.03    0.00    1.01    0.00    0.00    0.00    0.00    0.00    0.00   95.96
12:55:55 PM    2    3.06    0.00    3.06    0.00    0.00    0.00    0.00    0.00    0.00   93.88
12:55:55 PM    3    1.02    0.00    0.00    0.00    0.00    0.00    0.00    0.00    0.00   98.98
12:55:55 PM    4    2.04    0.00    0.00    0.00    0.00    0.00    0.00    0.00    0.00   97.96
12:55:55 PM    5    0.99    0.00    0.99    0.00    0.00    0.99    0.00    0.00    0.00   97.03
12:55:55 PM    6    2.02    0.00    1.01    0.00    0.00    0.00    0.00    0.00    0.00   96.97
12:55:55 PM    7    2.97    0.00    0.99    0.00    0.00    0.00    0.00    0.00    0.00   96.04
12:55:55 PM    8    4.00    0.00    7.00    0.00    0.00    0.00    0.00    0.00    0.00   89.00
12:55:55 PM    9    2.06    0.00    0.00    0.00    0.00    0.00    0.00    0.00    0.00   97.94
12:55:55 PM   10    2.00    0.00    0.00    0.00    0.00    0.00    0.00    0.00    0.00   98.00
12:55:55 PM   11    2.00    0.00    1.00    0.00    0.00    0.00    0.00    0.00    0.00   97.00
12:55:55 PM   12    1.00    0.00    2.00    0.00    0.00    0.00    0.00    0.00    0.00   97.00
12:55:55 PM   13    2.97    0.00    0.99    0.00    0.00    0.00    0.00    0.00    0.00   96.04
12:55:55 PM   14    0.00    0.00    1.01    0.00    0.00    0.00    0.00    0.00    0.00   98.99
12:55:55 PM   15    2.00    0.00    0.00    0.00    0.00    0.00    0.00    0.00    0.00   98.00
12:55:55 PM   16    1.00    0.00    1.00    0.00    0.00    0.00    0.00    0.00    0.00   98.00
12:55:55 PM   17    2.02    0.00    0.00    0.00    0.00    0.00    0.00    0.00    0.00   97.98
12:55:55 PM   18    0.00    0.00    1.08    0.00    0.00    0.00    0.00    0.00    0.00   98.92
12:55:55 PM   19    0.00    0.00    0.00    0.00    0.00    0.00    0.00    0.00    0.00  100.00
12:55:55 PM   20    1.00    0.00    0.00    0.00    0.00    0.00    0.00    0.00    0.00   99.00
12:55:55 PM   21    0.00    0.00    0.00    0.00    0.00    0.00    0.00    0.00    0.00  100.00
12:55:55 PM   22    0.99    0.00    0.99    0.00    0.00    0.00    0.00    0.00    0.00   98.02
12:55:55 PM   23    1.01    0.00    0.00    0.00    0.00    0.00    0.00    0.00    0.00   98.99
12:55:55 PM   24    1.01    0.00    0.00    0.00    0.00    0.00    0.00    0.00    0.00   98.99
12:55:55 PM   25    1.00    0.00    0.00    0.00    0.00    0.00    0.00    0.00    0.00   99.00
12:55:55 PM   26    9.43    0.00   22.64    0.00    0.00    0.00    0.00    0.00    0.00   67.92
12:55:55 PM   27   10.09    0.00   26.61    0.00    0.00    0.00    0.00    0.00    0.00   63.30
12:55:55 PM   28    0.00    0.00    0.00    0.00    0.00    1.01    0.00    0.00    0.00   98.99
12:55:55 PM   29    0.00    0.00    0.00    0.00    0.00    0.00    0.00    0.00    0.00  100.00
12:55:55 PM   30    1.00    0.00    1.00    0.00    0.00    0.00    0.00    0.00    0.00   98.00
12:55:55 PM   31    1.02    0.00    1.02    0.00    0.00    0.00    0.00    0.00    0.00   97.96
12:55:55 PM   32    0.00    0.00    0.00    0.00    0.00    0.00    0.00    0.00    0.00  100.00
12:55:55 PM   33    1.00    0.00    0.00    0.00    0.00    0.00    0.00    0.00    0.00   99.00
12:55:55 PM   34    0.00    0.00    0.00    0.00    0.00    0.00    0.00    0.00    0.00  100.00
12:55:55 PM   35    2.97    0.00    0.00    0.00    0.00    0.00    0.00    0.00    0.00   97.03

12:55:55 PM  CPU    %usr   %nice    %sys %iowait    %irq   %soft  %steal  %guest  %gnice   %idle
12:55:56 PM  all    1.60    0.00    1.68    0.06    0.00    0.00    0.00    0.00    0.00   96.67
12:55:56 PM    0    4.04    0.00    1.01    0.00    0.00    0.00    0.00    0.00    0.00   94.95
12:55:56 PM    1    5.00    0.00    1.00    0.00    0.00    0.00    0.00    0.00    0.00   94.00
12:55:56 PM    2    0.99    0.00    0.99    0.99    0.00    0.00    0.00    0.00    0.00   97.03
12:55:56 PM    3    1.00    0.00    2.00    0.00    0.00    0.00    0.00    0.00    0.00   97.00
12:55:56 PM    4    1.01    0.00    0.00    0.00    0.00    0.00    0.00    0.00    0.00   98.99
12:55:56 PM    5    2.02    0.00    0.00    0.00    0.00    0.00    0.00    0.00    0.00   97.98
12:55:56 PM    6    1.02    0.00    7.14    0.00    0.00    0.00    0.00    0.00    0.00   91.84
12:55:56 PM    7    1.01    0.00    0.00    0.00    0.00    0.00    0.00    0.00    0.00   98.99
12:55:56 PM    8    0.00    0.00    0.00    0.00    0.00    0.00    0.00    0.00    0.00  100.00
12:55:56 PM    9    1.01    0.00    2.02    0.00    0.00    0.00    0.00    0.00    0.00   96.97
12:55:56 PM   10    1.01    0.00    1.01    0.00    0.00    0.00    0.00    0.00    0.00   97.98
12:55:56 PM   11    0.00    0.00    0.00    0.00    0.00    0.00    0.00    0.00    0.00  100.00
12:55:56 PM   12    2.97    0.00    0.00    0.00    0.00    0.00    0.00    0.00    0.00   97.03
12:55:56 PM   13    0.00    0.00    0.00    0.00    0.00    0.00    0.00    0.00    0.00  100.00
12:55:56 PM   14    2.00    0.00    1.00    0.00    0.00    0.00    0.00    0.00    0.00   97.00
12:55:56 PM   15    0.00    0.00    0.00    0.00    0.00    0.00    0.00    0.00    0.00  100.00
12:55:56 PM   16    1.00    0.00    1.00    0.00    0.00    0.00    0.00    0.00    0.00   98.00
12:55:56 PM   17    4.08    0.00    0.00    0.00    0.00    0.00    0.00    0.00    0.00   95.92
12:55:56 PM   18    0.00    0.00    0.00    0.00    0.00    0.00    0.00    0.00    0.00  100.00
12:55:56 PM   19    1.00    0.00    0.00    0.00    0.00    0.00    0.00    0.00    0.00   99.00
12:55:56 PM   20    2.00    0.00    0.00    0.00    0.00    0.00    0.00    0.00    0.00   98.00
12:55:56 PM   21    0.00    0.00    0.00    0.00    0.00    0.00    0.00    0.00    0.00  100.00
12:55:56 PM   22    0.00    0.00    0.00    0.00    0.00    0.00    0.00    0.00    0.00  100.00
12:55:56 PM   23    2.02    0.00    0.00    1.01    0.00    0.00    0.00    0.00    0.00   96.97
12:55:56 PM   24    0.00    0.00    1.01    0.00    0.00    0.00    0.00    0.00    0.00   98.99
12:55:56 PM   25    0.00    0.00    1.01    0.00    0.00    0.00    0.00    0.00    0.00   98.99
12:55:56 PM   26    9.18    0.00   14.29    0.00    0.00    0.00    0.00    0.00    0.00   76.53
12:55:56 PM   27    7.84    0.00   23.53    0.00    0.00    0.00    0.00    0.00    0.00   68.63
12:55:56 PM   28    0.00    0.00    1.00    0.00    0.00    0.00    0.00    0.00    0.00   99.00
12:55:56 PM   29    0.00    0.00    0.00    0.00    0.00    0.00    0.00    0.00    0.00  100.00
12:55:56 PM   30    1.00    0.00    0.00    0.00    0.00    0.00    0.00    0.00    0.00   99.00
12:55:56 PM   31    1.96    0.00    0.98    0.00    0.00    0.00    0.00    0.00    0.00   97.06
12:55:56 PM   32    1.96    0.00    0.98    0.00    0.00    0.00    0.00    0.00    0.00   97.06
12:55:56 PM   33    1.01    0.00    0.00    0.00    0.00    0.00    0.00    0.00    0.00   98.99
12:55:56 PM   34    1.01    0.00    0.00    0.00    0.00    0.00    0.00    0.00    0.00   98.99
12:55:56 PM   35    0.00    0.00    0.00    0.00    0.00    0.00    0.00    0.00    0.00  100.00

12:55:56 PM  CPU    %usr   %nice    %sys %iowait    %irq   %soft  %steal  %guest  %gnice   %idle
12:55:57 PM  all    1.12    0.00    1.32    0.00    0.00    0.08    0.00    0.00    0.00   97.48
12:55:57 PM    0    4.08    0.00    1.02    0.00    0.00    2.04    0.00    0.00    0.00   92.86
12:55:57 PM    1    1.02    0.00    0.00    0.00    0.00    0.00    0.00    0.00    0.00   98.98
12:55:57 PM    2    0.00    0.00    0.00    0.00    0.00    0.00    0.00    0.00    0.00  100.00
12:55:57 PM    3    2.02    0.00    0.00    0.00    0.00    0.00    0.00    0.00    0.00   97.98
12:55:57 PM    4    0.99    0.00    0.99    0.00    0.00    0.00    0.00    0.00    0.00   98.02
12:55:57 PM    5    0.00    0.00    0.00    0.00    0.00    0.00    0.00    0.00    0.00  100.00
12:55:57 PM    6    0.00    0.00    0.00    0.00    0.00    0.00    0.00    0.00    0.00  100.00
12:55:57 PM    7    0.00    0.00    1.00    0.00    0.00    0.00    0.00    0.00    0.00   99.00
12:55:57 PM    8    0.00    0.00    1.00    0.00    0.00    0.00    0.00    0.00    0.00   99.00
12:55:57 PM    9    1.00    0.00    1.00    0.00    0.00    1.00    0.00    0.00    0.00   97.00
12:55:57 PM   10    0.00    0.00    0.00    0.00    0.00    0.00    0.00    0.00    0.00  100.00
12:55:57 PM   11    1.02    0.00    0.00    0.00    0.00    0.00    0.00    0.00    0.00   98.98
12:55:57 PM   12    1.00    0.00    1.00    0.00    0.00    0.00    0.00    0.00    0.00   98.00
12:55:57 PM   13    1.00    0.00    0.00    0.00    0.00    0.00    0.00    0.00    0.00   99.00
12:55:57 PM   14    1.00    0.00    0.00    0.00    0.00    0.00    0.00    0.00    0.00   99.00
12:55:57 PM   15    0.99    0.00    0.99    0.00    0.00    0.00    0.00    0.00    0.00   98.02
12:55:57 PM   16    1.00    0.00    1.00    0.00    0.00    0.00    0.00    0.00    0.00   98.00
12:55:57 PM   17    4.00    0.00    1.00    0.00    0.00    0.00    0.00    0.00    0.00   95.00
12:55:57 PM   18    0.00    0.00    0.00    0.00    0.00    0.00    0.00    0.00    0.00  100.00
12:55:57 PM   19    0.00    0.00    0.00    0.00    0.00    0.00    0.00    0.00    0.00  100.00
12:55:57 PM   20    0.00    0.00    0.00    0.00    0.00    0.00    0.00    0.00    0.00  100.00
12:55:57 PM   21    0.00    0.00    0.00    0.00    0.00    0.00    0.00    0.00    0.00  100.00
12:55:57 PM   22    1.98    0.00    0.00    0.00    0.00    0.00    0.00    0.00    0.00   98.02
12:55:57 PM   23    0.99    0.00    1.98    0.00    0.00    0.00    0.00    0.00    0.00   97.03
12:55:57 PM   24    1.01    0.00    0.00    0.00    0.00    0.00    0.00    0.00    0.00   98.99
12:55:57 PM   25    0.00    0.00    0.00    0.00    0.00    0.00    0.00    0.00    0.00  100.00
12:55:57 PM   26    6.38    0.00   15.96    0.00    0.00    0.00    0.00    0.00    0.00   77.66
12:55:57 PM   27    8.08    0.00   21.21    0.00    0.00    0.00    0.00    0.00    0.00   70.71
12:55:57 PM   28    1.00    0.00    0.00    0.00    0.00    0.00    0.00    0.00    0.00   99.00
12:55:57 PM   29    0.00    0.00    0.00    0.00    0.00    0.00    0.00    0.00    0.00  100.00
12:55:57 PM   30    0.00    0.00    0.00    0.00    0.00    0.00    0.00    0.00    0.00  100.00
12:55:57 PM   31    0.00    0.00    0.00    0.00    0.00    0.00    0.00    0.00    0.00  100.00
12:55:57 PM   32    1.00    0.00    0.00    0.00    0.00    0.00    0.00    0.00    0.00   99.00
12:55:57 PM   33    0.00    0.00    0.00    0.00    0.00    0.00    0.00    0.00    0.00  100.00
12:55:57 PM   34    0.00    0.00    0.00    0.00    0.00    0.00    0.00    0.00    0.00  100.00
12:55:57 PM   35    1.00    0.00    0.00    0.00    0.00    0.00    0.00    0.00    0.00   99.00

12:55:57 PM  CPU    %usr   %nice    %sys %iowait    %irq   %soft  %steal  %guest  %gnice   %idle
12:55:58 PM  all    1.48    0.00    1.81    0.08    0.00    0.11    0.00    0.00    0.00   96.51
12:55:58 PM    0    6.00    0.00    0.00    0.00    0.00    3.00    0.00    0.00    0.00   91.00
12:55:58 PM    1    0.99    0.00    0.99    0.00    0.00    0.99    0.00    0.00    0.00   97.03
12:55:58 PM    2    1.00    0.00    0.00    0.00    0.00    0.00    0.00    0.00    0.00   99.00
12:55:58 PM    3    3.00    0.00    1.00    0.00    0.00    0.00    0.00    0.00    0.00   96.00
12:55:58 PM    4    0.00    0.00    0.00    0.00    0.00    0.00    0.00    0.00    0.00  100.00
12:55:58 PM    5    0.00    0.00    1.01    0.00    0.00    0.00    0.00    0.00    0.00   98.99
12:55:58 PM    6    2.00    0.00    7.00    0.00    0.00    0.00    0.00    0.00    0.00   91.00
12:55:58 PM    7    1.01    0.00    0.00    0.00    0.00    0.00    0.00    0.00    0.00   98.99
12:55:58 PM    8    1.98    0.00    0.00    0.99    0.00    0.00    0.00    0.00    0.00   97.03
12:55:58 PM    9    2.00    0.00    0.00    0.00    0.00    0.00    0.00    0.00    0.00   98.00
12:55:58 PM   10    0.99    0.00    0.99    0.00    0.00    0.00    0.00    0.00    0.00   98.02
12:55:58 PM   11    1.01    0.00    0.00    0.00    0.00    0.00    0.00    0.00    0.00   98.99
12:55:58 PM   12    1.00    0.00    1.00    0.00    0.00    0.00    0.00    0.00    0.00   98.00
12:55:58 PM   13    1.02    0.00    0.00    0.00    0.00    0.00    0.00    0.00    0.00   98.98
12:55:58 PM   14    1.01    0.00    1.01    0.00    0.00    0.00    0.00    0.00    0.00   97.98
12:55:58 PM   15    0.00    0.00    1.02    0.00    0.00    0.00    0.00    0.00    0.00   98.98
12:55:58 PM   16    1.01    0.00    1.01    1.01    0.00    0.00    0.00    0.00    0.00   96.97
12:55:58 PM   17    2.02    0.00    1.01    0.00    0.00    0.00    0.00    0.00    0.00   96.97
12:55:58 PM   18    1.06    0.00    0.00    0.00    0.00    0.00    0.00    0.00    0.00   98.94
12:55:58 PM   19    1.00    0.00    0.00    0.00    0.00    0.00    0.00    0.00    0.00   99.00
12:55:58 PM   20    0.99    0.00    0.99    0.99    0.00    0.00    0.00    0.00    0.00   97.03
12:55:58 PM   21    1.00    0.00    0.00    0.00    0.00    0.00    0.00    0.00    0.00   99.00
12:55:58 PM   22    1.01    0.00    1.01    0.00    0.00    0.00    0.00    0.00    0.00   97.98
12:55:58 PM   23    0.00    0.00    0.00    0.00    0.00    0.00    0.00    0.00    0.00  100.00
12:55:58 PM   24    0.00    0.00    1.01    0.00    0.00    0.00    0.00    0.00    0.00   98.99
12:55:58 PM   25    1.00    0.00    1.00    0.00    0.00    0.00    0.00    0.00    0.00   98.00
12:55:58 PM   26    9.80    0.00   17.65    0.00    0.00    0.00    0.00    0.00    0.00   72.55
12:55:58 PM   27    9.62    0.00   24.04    0.00    0.00    0.00    0.00    0.00    0.00   66.35
12:55:58 PM   28    0.00    0.00    0.00    0.00    0.00    0.00    0.00    0.00    0.00  100.00
12:55:58 PM   29    0.00    0.00    1.00    0.00    0.00    0.00    0.00    0.00    0.00   99.00
12:55:58 PM   30    0.00    0.00    0.00    0.00    0.00    0.00    0.00    0.00    0.00  100.00
12:55:58 PM   31    0.00    0.00    0.00    0.00    0.00    0.00    0.00    0.00    0.00  100.00
12:55:58 PM   32    0.00    0.00    0.00    0.00    0.00    0.00    0.00    0.00    0.00  100.00
12:55:58 PM   33    0.00    0.00    1.00    0.00    0.00    0.00    0.00    0.00    0.00   99.00
12:55:58 PM   34    1.00    0.00    0.00    0.00    0.00    0.00    0.00    0.00    0.00   99.00
12:55:58 PM   35    0.00    0.00    0.00    0.00    0.00    0.00    0.00    0.00    0.00  100.00

12:55:58 PM  CPU    %usr   %nice    %sys %iowait    %irq   %soft  %steal  %guest  %gnice   %idle
12:55:59 PM  all    1.21    0.00    1.60    0.08    0.00    0.08    0.00    0.00    0.00   97.02
12:55:59 PM    0   10.00    0.00    2.00    0.00    0.00    1.00    0.00    0.00    0.00   87.00
12:55:59 PM    1    3.03    0.00    0.00    0.00    0.00    1.01    0.00    0.00    0.00   95.96
12:55:59 PM    2    7.07    0.00    1.01    0.00    0.00    0.00    0.00    0.00    0.00   91.92
12:55:59 PM    3    0.00    0.00    0.00    0.00    0.00    1.00    0.00    0.00    0.00   99.00
12:55:59 PM    4    1.00    0.00    0.00    0.00    0.00    0.00    0.00    0.00    0.00   99.00
12:55:59 PM    5    2.00    0.00    0.00    0.00    0.00    0.00    0.00    0.00    0.00   98.00
12:55:59 PM    6    1.01    0.00    6.06    0.00    0.00    0.00    0.00    0.00    0.00   92.93
12:55:59 PM    7    0.00    0.00    1.00    0.00    0.00    0.00    0.00    0.00    0.00   99.00
12:55:59 PM    8    0.00    0.00    0.00    0.00    0.00    0.00    0.00    0.00    0.00  100.00
12:55:59 PM    9    0.00    0.00    0.00    0.00    0.00    0.00    0.00    0.00    0.00  100.00
12:55:59 PM   10    0.00    0.00    0.00    0.00    0.00    0.00    0.00    0.00    0.00  100.00
12:55:59 PM   11    0.00    0.00    1.02    0.00    0.00    0.00    0.00    0.00    0.00   98.98
12:55:59 PM   12    1.02    0.00    0.00    0.00    0.00    0.00    0.00    0.00    0.00   98.98
12:55:59 PM   13    0.00    0.00    2.02    0.00    0.00    0.00    0.00    0.00    0.00   97.98
12:55:59 PM   14    1.00    0.00    1.00    0.00    0.00    0.00    0.00    0.00    0.00   98.00
12:55:59 PM   15    1.01    0.00    0.00    0.00    0.00    0.00    0.00    0.00    0.00   98.99
12:55:59 PM   16    0.00    0.00    1.01    0.00    0.00    0.00    0.00    0.00    0.00   98.99
12:55:59 PM   17    0.00    0.00    0.00    1.02    0.00    0.00    0.00    0.00    0.00   98.98
12:55:59 PM   18    1.05    0.00    0.00    0.00    0.00    0.00    0.00    0.00    0.00   98.95
12:55:59 PM   19    0.00    0.00    0.00    0.00    0.00    0.00    0.00    0.00    0.00  100.00
12:55:59 PM   20    0.00    0.00    0.00    0.00    0.00    0.00    0.00    0.00    0.00  100.00
12:55:59 PM   21    0.00    0.00    0.00    0.00    0.00    0.00    0.00    0.00    0.00  100.00
12:55:59 PM   22    0.00    0.00    1.00    0.00    0.00    0.00    0.00    0.00    0.00   99.00
12:55:59 PM   23    0.00    0.00    0.00    1.02    0.00    0.00    0.00    0.00    0.00   98.98
12:55:59 PM   24    0.00    0.00    0.00    0.00    0.00    0.00    0.00    0.00    0.00  100.00
12:55:59 PM   25    0.00    0.00    1.00    0.00    0.00    0.00    0.00    0.00    0.00   99.00
12:55:59 PM   26    6.45    0.00   15.05    0.00    0.00    0.00    0.00    0.00    0.00   78.49
12:55:59 PM   27    6.06    0.00   24.24    0.00    0.00    0.00    0.00    0.00    0.00   69.70
12:55:59 PM   28    1.00    0.00    0.00    0.00    0.00    0.00    0.00    0.00    0.00   99.00
12:55:59 PM   29    0.00    0.00    0.00    0.00    0.00    0.00    0.00    0.00    0.00  100.00
12:55:59 PM   30    0.00    0.00    0.00    1.00    0.00    0.00    0.00    0.00    0.00   99.00
12:55:59 PM   31    0.00    0.00    0.00    0.00    0.00    0.00    0.00    0.00    0.00  100.00
12:55:59 PM   32    0.99    0.00    0.99    0.00    0.00    0.00    0.00    0.00    0.00   98.02
12:55:59 PM   33    1.01    0.00    0.00    0.00    0.00    0.00    0.00    0.00    0.00   98.99
12:55:59 PM   34    0.00    0.00    0.00    0.00    0.00    0.00    0.00    0.00    0.00  100.00
12:55:59 PM   35    0.00    0.00    1.00    0.00    0.00    0.00    0.00    0.00    0.00   99.00

12:55:59 PM  CPU    %usr   %nice    %sys %iowait    %irq   %soft  %steal  %guest  %gnice   %idle
12:56:00 PM  all    1.57    0.00    1.41    0.06    0.00    0.08    0.00    0.00    0.00   96.88
12:56:00 PM    0    3.00    0.00    0.00    0.00    0.00    3.00    0.00    0.00    0.00   94.00
12:56:00 PM    1    1.02    0.00    0.00    0.00    0.00    0.00    0.00    0.00    0.00   98.98
12:56:00 PM    2   13.27    0.00    0.00    0.00    0.00    0.00    0.00    0.00    0.00   86.73
12:56:00 PM    3    1.01    0.00    0.00    0.00    0.00    0.00    0.00    0.00    0.00   98.99
12:56:00 PM    4    1.00    0.00    1.00    1.00    0.00    0.00    0.00    0.00    0.00   97.00
12:56:00 PM    5    1.02    0.00    0.00    0.00    0.00    0.00    0.00    0.00    0.00   98.98
12:56:00 PM    6    2.00    0.00    1.00    0.00    0.00    0.00    0.00    0.00    0.00   97.00
12:56:00 PM    7    0.00    0.00    0.00    0.00    0.00    0.00    0.00    0.00    0.00  100.00
12:56:00 PM    8    1.98    0.00    0.99    0.00    0.00    0.00    0.00    0.00    0.00   97.03
12:56:00 PM    9    1.00    0.00    1.00    0.00    0.00    0.00    0.00    0.00    0.00   98.00
12:56:00 PM   10    0.00    0.00    0.00    0.00    0.00    0.00    0.00    0.00    0.00  100.00
12:56:00 PM   11    0.00    0.00    0.00    0.00    0.00    0.00    0.00    0.00    0.00  100.00
12:56:00 PM   12    2.00    0.00    1.00    0.00    0.00    0.00    0.00    0.00    0.00   97.00
12:56:00 PM   13    1.00    0.00    1.00    0.00    0.00    0.00    0.00    0.00    0.00   98.00
12:56:00 PM   14    0.00    0.00    0.00    0.00    0.00    0.00    0.00    0.00    0.00  100.00
12:56:00 PM   15    0.00    0.00    0.00    0.00    0.00    0.00    0.00    0.00    0.00  100.00
12:56:00 PM   16    0.00    0.00    1.02    0.00    0.00    0.00    0.00    0.00    0.00   98.98
12:56:00 PM   17    1.02    0.00    0.00    0.00    0.00    0.00    0.00    0.00    0.00   98.98
12:56:00 PM   18    0.00    0.00    1.08    0.00    0.00    0.00    0.00    0.00    0.00   98.92
12:56:00 PM   19    0.00    0.00    0.00    0.00    0.00    0.00    0.00    0.00    0.00  100.00
12:56:00 PM   20    0.00    0.00    0.00    0.00    0.00    0.00    0.00    0.00    0.00  100.00
12:56:00 PM   21    0.00    0.00    0.00    1.01    0.00    0.00    0.00    0.00    0.00   98.99
12:56:00 PM   22    0.00    0.00    0.00    0.00    0.00    0.00    0.00    0.00    0.00  100.00
12:56:00 PM   23    0.00    0.00    0.00    0.00    0.00    0.00    0.00    0.00    0.00  100.00
12:56:00 PM   24    0.00    0.00    1.01    0.00    0.00    0.00    0.00    0.00    0.00   98.99
12:56:00 PM   25    1.00    0.00    1.00    0.00    0.00    0.00    0.00    0.00    0.00   98.00
12:56:00 PM   26    8.25    0.00   17.53    0.00    0.00    0.00    0.00    0.00    0.00   74.23
12:56:00 PM   27    8.91    0.00   22.77    0.00    0.00    0.00    0.00    0.00    0.00   68.32
12:56:00 PM   28    0.00    0.00    0.00    0.00    0.00    0.00    0.00    0.00    0.00  100.00
12:56:00 PM   29    1.00    0.00    0.00    0.00    0.00    0.00    0.00    0.00    0.00   99.00
12:56:00 PM   30    0.00    0.00    0.00    0.00    0.00    0.00    0.00    0.00    0.00  100.00
12:56:00 PM   31    0.00    0.00    0.00    0.00    0.00    0.00    0.00    0.00    0.00  100.00
12:56:00 PM   32    4.00    0.00    0.00    0.00    0.00    0.00    0.00    0.00    0.00   96.00
12:56:00 PM   33    0.00    0.00    0.00    0.00    0.00    0.00    0.00    0.00    0.00  100.00
12:56:00 PM   34    1.00    0.00    0.00    0.00    0.00    0.00    0.00    0.00    0.00   99.00
12:56:00 PM   35    3.00    0.00    0.00    0.00    0.00    0.00    0.00    0.00    0.00   97.00

12:56:00 PM  CPU    %usr   %nice    %sys %iowait    %irq   %soft  %steal  %guest  %gnice   %idle
12:56:01 PM  all    1.20    0.00    1.93    0.08    0.00    0.11    0.00    0.00    0.00   96.67
12:56:01 PM    0    0.99    0.00    0.99    0.00    0.00    1.98    0.00    0.00    0.00   96.04
12:56:01 PM    1    1.01    0.00    0.00    0.00    0.00    0.00    0.00    0.00    0.00   98.99
12:56:01 PM    2    2.02    0.00    1.01    0.00    0.00    0.00    0.00    0.00    0.00   96.97
12:56:01 PM    3    0.00    0.00    2.00    0.00    0.00    0.00    0.00    0.00    0.00   98.00
12:56:01 PM    4    1.00    0.00    0.00    0.00    0.00    0.00    0.00    0.00    0.00   99.00
12:56:01 PM    5    2.02    0.00    0.00    0.00    0.00    0.00    0.00    0.00    0.00   97.98
12:56:01 PM    6    3.03    0.00    6.06    0.00    0.00    0.00    0.00    0.00    0.00   90.91
12:56:01 PM    7    0.00    0.00    0.00    0.00    0.00    1.01    0.00    0.00    0.00   98.99
12:56:01 PM    8    0.00    0.00    1.01    0.00    0.00    0.00    0.00    0.00    0.00   98.99
12:56:01 PM    9    0.00    0.00    0.00    0.00    0.00    0.00    0.00    0.00    0.00  100.00
12:56:01 PM   10    1.01    0.00    0.00    0.00    0.00    0.00    0.00    0.00    0.00   98.99
12:56:01 PM   11    1.00    0.00    0.00    0.00    0.00    0.00    0.00    0.00    0.00   99.00
12:56:01 PM   12    0.99    0.00    1.98    0.00    0.00    0.00    0.00    0.00    0.00   97.03
12:56:01 PM   13    0.00    0.00    0.00    0.00    0.00    0.00    0.00    0.00    0.00  100.00
12:56:01 PM   14    0.99    0.00    0.00    0.99    0.00    0.00    0.00    0.00    0.00   98.02
12:56:01 PM   15    0.00    0.00    0.00    1.01    0.00    0.00    0.00    0.00    0.00   98.99
12:56:01 PM   16    0.00    0.00    0.00    0.00    0.00    0.00    0.00    0.00    0.00  100.00
12:56:01 PM   17    0.00    0.00    1.02    0.00    0.00    0.00    0.00    0.00    0.00   98.98
12:56:01 PM   18    0.00    0.00    0.00    0.00    0.00    0.00    0.00    0.00    0.00  100.00
12:56:01 PM   19    0.99    0.00    0.99    0.00    0.00    0.00    0.00    0.00    0.00   98.02
12:56:01 PM   20    0.00    0.00    0.00    0.00    0.00    1.00    0.00    0.00    0.00   99.00
12:56:01 PM   21    0.00    0.00    0.00    0.00    0.00    0.00    0.00    0.00    0.00  100.00
12:56:01 PM   22    1.01    0.00    0.00    1.01    0.00    0.00    0.00    0.00    0.00   97.98
12:56:01 PM   23    0.00    0.00    1.01    0.00    0.00    0.00    0.00    0.00    0.00   98.99
12:56:01 PM   24    0.00    0.00    1.01    0.00    0.00    0.00    0.00    0.00    0.00   98.99
12:56:01 PM   25    0.00    0.00    0.00    0.00    0.00    0.00    0.00    0.00    0.00  100.00
12:56:01 PM   26    7.92    0.00   19.80    0.00    0.00    0.00    0.00    0.00    0.00   72.28
12:56:01 PM   27    6.54    0.00   28.97    0.00    0.00    0.00    0.00    0.00    0.00   64.49
12:56:01 PM   28    0.00    0.00    0.00    0.00    0.00    0.00    0.00    0.00    0.00  100.00
12:56:01 PM   29    0.00    0.00    0.00    0.00    0.00    0.00    0.00    0.00    0.00  100.00
12:56:01 PM   30    0.00    0.00    0.00    0.00    0.00    0.00    0.00    0.00    0.00  100.00
12:56:01 PM   31    0.00    0.00    0.00    0.00    0.00    0.00    0.00    0.00    0.00  100.00
12:56:01 PM   32   11.11    0.00    0.00    0.00    0.00    0.00    0.00    0.00    0.00   88.89
12:56:01 PM   33    1.01    0.00    0.00    0.00    0.00    0.00    0.00    0.00    0.00   98.99
12:56:01 PM   34    0.00    0.00    0.00    0.00    0.00    0.00    0.00    0.00    0.00  100.00
12:56:01 PM   35    0.00    0.00    1.02    0.00    0.00    0.00    0.00    0.00    0.00   98.98

12:56:01 PM  CPU    %usr   %nice    %sys %iowait    %irq   %soft  %steal  %guest  %gnice   %idle
12:56:02 PM  all    1.32    0.00    1.57    0.08    0.00    0.08    0.00    0.00    0.00   96.95
12:56:02 PM    0    0.00    0.00    0.00    0.00    0.00    3.00    0.00    0.00    0.00   97.00
12:56:02 PM    1    1.01    0.00    0.00    0.00    0.00    0.00    0.00    0.00    0.00   98.99
12:56:02 PM    2    2.00    0.00    0.00    1.00    0.00    0.00    0.00    0.00    0.00   97.00
12:56:02 PM    3    0.00    0.00    0.00    0.00    0.00    0.00    0.00    0.00    0.00  100.00
12:56:02 PM    4    0.00    0.00    1.01    0.00    0.00    0.00    0.00    0.00    0.00   98.99
12:56:02 PM    5    0.99    0.00    0.99    0.00    0.00    0.00    0.00    0.00    0.00   98.02
12:56:02 PM    6    0.00    0.00    0.00    1.01    0.00    0.00    0.00    0.00    0.00   98.99
12:56:02 PM    7    0.00    0.00    1.01    0.00    0.00    0.00    0.00    0.00    0.00   98.99
12:56:02 PM    8    1.01    0.00    1.01    1.01    0.00    0.00    0.00    0.00    0.00   96.97
12:56:02 PM    9    1.00    0.00    1.00    0.00    0.00    0.00    0.00    0.00    0.00   98.00
12:56:02 PM   10    1.01    0.00    0.00    0.00    0.00    0.00    0.00    0.00    0.00   98.99
12:56:02 PM   11    0.00    0.00    1.02    0.00    0.00    0.00    0.00    0.00    0.00   98.98
12:56:02 PM   12    0.00    0.00    1.01    0.00    0.00    0.00    0.00    0.00    0.00   98.99
12:56:02 PM   13    0.99    0.00    0.99    0.00    0.00    0.00    0.00    0.00    0.00   98.02
12:56:02 PM   14    1.01    0.00    0.00    0.00    0.00    0.00    0.00    0.00    0.00   98.99
12:56:02 PM   15    0.00    0.00    1.00    0.00    0.00    0.00    0.00    0.00    0.00   99.00
12:56:02 PM   16    0.00    0.00    0.00    0.00    0.00    0.00    0.00    0.00    0.00  100.00
12:56:02 PM   17    0.00    0.00    1.01    0.00    0.00    0.00    0.00    0.00    0.00   98.99
12:56:02 PM   18    1.05    0.00    1.05    0.00    0.00    0.00    0.00    0.00    0.00   97.89
12:56:02 PM   19    0.00    0.00    1.00    0.00    0.00    0.00    0.00    0.00    0.00   99.00
12:56:02 PM   20    0.00    0.00    1.00    0.00    0.00    0.00    0.00    0.00    0.00   99.00
12:56:02 PM   21    0.00    0.00    0.00    0.00    0.00    0.00    0.00    0.00    0.00  100.00
12:56:02 PM   22    1.01    0.00    0.00    0.00    0.00    0.00    0.00    0.00    0.00   98.99
12:56:02 PM   23    0.99    0.00    0.99    0.00    0.00    0.00    0.00    0.00    0.00   98.02
12:56:02 PM   24    0.00    0.00    1.01    0.00    0.00    0.00    0.00    0.00    0.00   98.99
12:56:02 PM   25    1.00    0.00    1.00    0.00    0.00    0.00    0.00    0.00    0.00   98.00
12:56:02 PM   26    9.18    0.00   17.35    0.00    0.00    0.00    0.00    0.00    0.00   73.47
12:56:02 PM   27    8.25    0.00   21.65    0.00    0.00    0.00    0.00    0.00    0.00   70.10
12:56:02 PM   28    0.00    0.00    0.00    0.00    0.00    0.00    0.00    0.00    0.00  100.00
12:56:02 PM   29    0.00    0.00    0.00    0.00    0.00    0.00    0.00    0.00    0.00  100.00
12:56:02 PM   30    1.00    0.00    0.00    0.00    0.00    0.00    0.00    0.00    0.00   99.00
12:56:02 PM   31    0.00    0.00    0.00    0.00    0.00    0.00    0.00    0.00    0.00  100.00
12:56:02 PM   32    1.00    0.00    1.00    0.00    0.00    0.00    0.00    0.00    0.00   98.00
12:56:02 PM   33    7.00    0.00    1.00    0.00    0.00    0.00    0.00    0.00    0.00   92.00
12:56:02 PM   34    8.00    0.00    0.00    0.00    0.00    0.00    0.00    0.00    0.00   92.00
12:56:02 PM   35    0.00    0.00    0.00    0.00    0.00    0.00    0.00    0.00    0.00  100.00

Average:     CPU    %usr   %nice    %sys %iowait    %irq   %soft  %steal  %guest  %gnice   %idle
Average:     all    1.56    0.00    1.62    0.05    0.00    0.09    0.00    0.00    0.00   96.68
Average:       0    4.60    0.00    0.80    0.00    0.00    2.10    0.00    0.00    0.00   92.51
Average:       1    2.53    0.00    0.40    0.00    0.00    0.30    0.00    0.00    0.00   96.77
Average:       2    3.24    0.00    0.71    0.20    0.00    0.00    0.00    0.00    0.00   95.85
Average:       3    1.21    0.00    0.70    0.00    0.00    0.10    0.00    0.00    0.00   97.99
Average:       4    1.71    0.00    0.50    0.10    0.00    0.00    0.00    0.00    0.00   97.69
Average:       5    1.21    0.00    0.50    0.00    0.00    0.10    0.00    0.00    0.00   98.19
Average:       6    1.71    0.00    2.92    0.10    0.00    0.00    0.00    0.00    0.00   95.27
Average:       7    0.80    0.00    0.60    0.00    0.00    0.10    0.00    0.00    0.00   98.49
Average:       8    1.50    0.00    2.10    0.20    0.00    0.00    0.00    0.00    0.00   96.19
Average:       9    1.01    0.00    0.71    0.00    0.00    0.20    0.00    0.00    0.00   98.08
Average:      10    0.91    0.00    0.40    0.00    0.00    0.00    0.00    0.00    0.00   98.69
Average:      11    0.91    0.00    0.41    0.00    0.00    0.00    0.00    0.00    0.00   98.68
Average:      12    1.30    0.00    1.00    0.00    0.00    0.00    0.00    0.00    0.00   97.69
Average:      13    1.21    0.00    0.60    0.00    0.00    0.00    0.00    0.00    0.00   98.19
Average:      14    2.01    0.00    0.40    0.10    0.00    0.00    0.00    0.00    0.00   97.48
Average:      15    1.31    0.00    0.40    0.20    0.00    0.00    0.00    0.00    0.00   98.08
Average:      16    1.31    0.00    0.71    0.10    0.00    0.00    0.00    0.00    0.00   97.88
Average:      17    1.93    0.00    0.41    0.10    0.00    0.00    0.00    0.00    0.00   97.57
Average:      18    0.32    0.00    0.32    0.00    0.00    0.00    0.00    0.00    0.00   99.36
Average:      19    0.40    0.00    0.30    0.00    0.00    0.00    0.00    0.00    0.00   99.30
Average:      20    0.40    0.00    0.30    0.10    0.00    0.10    0.00    0.00    0.00   99.10
Average:      21    0.30    0.00    0.10    0.10    0.00    0.00    0.00    0.00    0.00   99.50
Average:      22    0.80    0.00    0.40    0.10    0.00    0.00    0.00    0.00    0.00   98.69
Average:      23    0.60    0.00    0.60    0.20    0.00    0.00    0.00    0.00    0.00   98.59
Average:      24    0.20    0.00    0.51    0.00    0.00    0.00    0.00    0.00    0.00   99.29
Average:      25    0.70    0.00    0.70    0.00    0.00    0.00    0.00    0.00    0.00   98.59
Average:      26    7.96    0.00   16.43    0.00    0.00    0.00    0.00    0.00    0.00   75.61
Average:      27    7.52    0.00   22.65    0.00    0.00    0.00    0.00    0.00    0.00   69.83
Average:      28    0.30    0.00    0.10    0.00    0.00    0.10    0.00    0.00    0.00   99.50
Average:      29    0.20    0.00    0.20    0.00    0.00    0.00    0.00    0.00    0.00   99.60
Average:      30    0.50    0.00    0.20    0.10    0.00    0.00    0.00    0.00    0.00   99.20
Average:      31    0.30    0.00    0.20    0.00    0.00    0.00    0.00    0.00    0.00   99.50
Average:      32    2.10    0.00    0.30    0.00    0.00    0.00    0.00    0.00    0.00   97.60
Average:      33    1.11    0.00    0.30    0.00    0.00    0.00    0.00    0.00    0.00   98.59
Average:      34    1.31    0.00    0.10    0.00    0.00    0.00    0.00    0.00    0.00   98.59
Average:      35    0.70    0.00    0.20    0.00    0.00    0.00    0.00    0.00    0.00   99.09
