Linux 5.15.0-186-generic (rapids4) 	07/28/2026 	_x86_64_	(36 CPU)

01:20:37 PM  CPU    %usr   %nice    %sys %iowait    %irq   %soft  %steal  %guest  %gnice   %idle
01:20:38 PM  all    2.18    0.00    2.73    0.06    0.00    1.59    0.00    0.00    0.00   93.44
01:20:38 PM    0    0.00    0.00    0.00    0.00    0.00    1.03    0.00    0.00    0.00   98.97
01:20:38 PM    1    1.98    0.00    0.00    0.00    0.00    1.98    0.00    0.00    0.00   96.04
01:20:38 PM    2    1.01    0.00    1.01    0.00    0.00    0.00    0.00    0.00    0.00   97.98
01:20:38 PM    3    1.01    0.00    0.00    0.00    0.00    0.00    0.00    0.00    0.00   98.99
01:20:38 PM    4    1.01    0.00    0.00    0.00    0.00    0.00    0.00    0.00    0.00   98.99
01:20:38 PM    5    0.98    0.00    2.94    0.00    0.00    0.00    0.00    0.00    0.00   96.08
01:20:38 PM    6    1.00    0.00    1.00    0.00    0.00    0.00    0.00    0.00    0.00   98.00
01:20:38 PM    7    1.00    0.00    1.00    0.00    0.00    0.00    0.00    0.00    0.00   98.00
01:20:38 PM    8    3.00    0.00    1.00    1.00    0.00    1.00    0.00    0.00    0.00   94.00
01:20:38 PM    9    0.00    0.00    0.00    0.00    0.00    0.00    0.00    0.00    0.00  100.00
01:20:38 PM   10    1.01    0.00    0.00    0.00    0.00    0.00    0.00    0.00    0.00   98.99
01:20:38 PM   11    1.01    0.00    0.00    0.00    0.00    0.00    0.00    0.00    0.00   98.99
01:20:38 PM   12    0.99    0.00    0.99    0.00    0.00    0.00    0.00    0.00    0.00   98.02
01:20:38 PM   13    0.00    0.00    0.00    0.00    0.00    0.00    0.00    0.00    0.00  100.00
01:20:38 PM   14    2.00    0.00    0.00    0.00    0.00    0.00    0.00    0.00    0.00   98.00
01:20:38 PM   15    1.00    0.00    1.00    0.00    0.00    0.00    0.00    0.00    0.00   98.00
01:20:38 PM   16    1.00    0.00    2.00    0.00    0.00    0.00    0.00    0.00    0.00   97.00
01:20:38 PM   17    3.03    0.00    6.06    0.00    0.00    0.00    0.00    0.00    0.00   90.91
01:20:38 PM   18    2.00    0.00    0.00    0.00    0.00    0.00    0.00    0.00    0.00   98.00
01:20:38 PM   19    2.00    0.00    1.00    0.00    0.00    0.00    0.00    0.00    0.00   97.00
01:20:38 PM   20    1.01    0.00    0.00    0.00    0.00    0.00    0.00    0.00    0.00   98.99
01:20:38 PM   21    0.00    0.00    1.01    0.00    0.00    0.00    0.00    0.00    0.00   98.99
01:20:38 PM   22    0.98    0.00    1.96    0.00    0.00    0.98    0.00    0.00    0.00   96.08
01:20:38 PM   23    0.00    0.00    1.00    0.00    0.00    0.00    0.00    0.00    0.00   99.00
01:20:38 PM   24   21.21    0.00   36.36    0.00    0.00   27.27    0.00    0.00    0.00   15.15
01:20:38 PM   25   15.15    0.00   39.39    0.00    0.00   25.25    0.00    0.00    0.00   20.20
01:20:38 PM   26    2.00    0.00    0.00    0.00    0.00    0.00    0.00    0.00    0.00   98.00
01:20:38 PM   27    1.01    0.00    0.00    0.00    0.00    0.00    0.00    0.00    0.00   98.99
01:20:38 PM   28    1.01    0.00    0.00    0.00    0.00    0.00    0.00    0.00    0.00   98.99
01:20:38 PM   29    2.00    0.00    0.00    0.00    0.00    0.00    0.00    0.00    0.00   98.00
01:20:38 PM   30    2.02    0.00    0.00    0.00    0.00    0.00    0.00    0.00    0.00   97.98
01:20:38 PM   31    2.94    0.00    0.98    0.98    0.00    0.00    0.00    0.00    0.00   95.10
01:20:38 PM   32    1.01    0.00    0.00    0.00    0.00    0.00    0.00    0.00    0.00   98.99
01:20:38 PM   33    0.00    0.00    0.00    0.00    0.00    0.00    0.00    0.00    0.00  100.00
01:20:38 PM   34    1.00    0.00    0.00    0.00    0.00    0.00    0.00    0.00    0.00   99.00
01:20:38 PM   35    2.00    0.00    0.00    0.00    0.00    0.00    0.00    0.00    0.00   98.00

01:20:38 PM  CPU    %usr   %nice    %sys %iowait    %irq   %soft  %steal  %guest  %gnice   %idle
01:20:39 PM  all    1.73    0.00    3.34    0.03    0.00    1.78    0.00    0.00    0.00   93.12
01:20:39 PM    0    0.95    0.00    0.00    0.00    0.00    7.62    0.00    0.00    0.00   91.43
01:20:39 PM    1    0.00    0.00    1.00    0.00    0.00    1.00    0.00    0.00    0.00   98.00
01:20:39 PM    2    0.00    0.00    0.00    0.00    0.00    0.00    0.00    0.00    0.00  100.00
01:20:39 PM    3    0.00    0.00    1.00    0.00    0.00    0.00    0.00    0.00    0.00   99.00
01:20:39 PM    4    0.00    0.00    1.00    0.00    0.00    0.00    0.00    0.00    0.00   99.00
01:20:39 PM    5    0.00    0.00    0.00    0.00    0.00    0.00    0.00    0.00    0.00  100.00
01:20:39 PM    6    0.00    0.00    0.00    0.00    0.00    0.00    0.00    0.00    0.00  100.00
01:20:39 PM    7    0.00    0.00    0.00    0.00    0.00    0.00    0.00    0.00    0.00  100.00
01:20:39 PM    8    0.99    0.00    0.99    0.00    0.00    0.00    0.00    0.00    0.00   98.02
01:20:39 PM    9    0.00    0.00    0.00    0.00    0.00    0.00    0.00    0.00    0.00  100.00
01:20:39 PM   10    0.00    0.00    1.00    0.00    0.00    0.00    0.00    0.00    0.00   99.00
01:20:39 PM   11    0.00    0.00    1.01    0.00    0.00    0.00    0.00    0.00    0.00   98.99
01:20:39 PM   12    0.00    0.00    0.00    0.00    0.00    0.00    0.00    0.00    0.00  100.00
01:20:39 PM   13    0.00    0.00    0.00    0.00    0.00    0.00    0.00    0.00    0.00  100.00
01:20:39 PM   14    0.00    0.00    1.98    0.00    0.00    0.00    0.00    0.00    0.00   98.02
01:20:39 PM   15    0.00    0.00    0.00    0.00    0.00    0.00    0.00    0.00    0.00  100.00
01:20:39 PM   16    0.00    0.00    0.00    0.00    0.00    0.00    0.00    0.00    0.00  100.00
01:20:39 PM   17    2.00    0.00    7.00    0.00    0.00    0.00    0.00    0.00    0.00   91.00
01:20:39 PM   18    0.99    0.00    0.99    0.00    0.00    0.00    0.00    0.00    0.00   98.02
01:20:39 PM   19    1.98    0.00    2.97    0.00    0.00    0.00    0.00    0.00    0.00   95.05
01:20:39 PM   20    0.98    0.00    1.96    0.98    0.00    0.00    0.00    0.00    0.00   96.08
01:20:39 PM   21    1.01    0.00    0.00    0.00    0.00    0.00    0.00    0.00    0.00   98.99
01:20:39 PM   22    0.00    0.00    0.00    0.00    0.00    0.00    0.00    0.00    0.00  100.00
01:20:39 PM   23    0.00    0.00    0.00    0.00    0.00    0.00    0.00    0.00    0.00  100.00
01:20:39 PM   24   25.25    0.00   47.47    0.00    0.00   27.27    0.00    0.00    0.00    0.00
01:20:39 PM   25   22.77    0.00   48.51    0.00    0.00   27.72    0.00    0.00    0.00    0.99
01:20:39 PM   26    0.00    0.00    0.00    0.00    0.00    0.00    0.00    0.00    0.00  100.00
01:20:39 PM   27    0.00    0.00    1.00    0.00    0.00    0.00    0.00    0.00    0.00   99.00
01:20:39 PM   28    0.00    0.00    0.00    0.00    0.00    0.00    0.00    0.00    0.00  100.00
01:20:39 PM   29    0.00    0.00    0.00    0.00    0.00    0.00    0.00    0.00    0.00  100.00
01:20:39 PM   30    0.00    0.00    0.00    0.00    0.00    0.00    0.00    0.00    0.00  100.00
01:20:39 PM   31    1.00    0.00    0.00    0.00    0.00    0.00    0.00    0.00    0.00   99.00
01:20:39 PM   32    0.00    0.00    1.01    0.00    0.00    0.00    0.00    0.00    0.00   98.99
01:20:39 PM   33    2.00    0.00    0.00    0.00    0.00    0.00    0.00    0.00    0.00   98.00
01:20:39 PM   34    1.00    0.00    0.00    0.00    0.00    0.00    0.00    0.00    0.00   99.00
01:20:39 PM   35    0.99    0.00    0.99    0.00    0.00    0.00    0.00    0.00    0.00   98.02

01:20:39 PM  CPU    %usr   %nice    %sys %iowait    %irq   %soft  %steal  %guest  %gnice   %idle
01:20:40 PM  all    2.42    0.00    2.90    0.14    0.00    1.81    0.00    0.00    0.00   92.73
01:20:40 PM    0    0.94    0.00    0.94    0.00    0.00    7.55    0.00    0.00    0.00   90.57
01:20:40 PM    1    3.03    0.00    0.00    0.00    0.00    2.02    0.00    0.00    0.00   94.95
01:20:40 PM    2    0.00    0.00    0.00    0.00    0.00    0.00    0.00    0.00    0.00  100.00
01:20:40 PM    3    1.02    0.00    0.00    0.00    0.00    0.00    0.00    0.00    0.00   98.98
01:20:40 PM    4    1.02    0.00    0.00    0.00    0.00    0.00    0.00    0.00    0.00   98.98
01:20:40 PM    5    1.00    0.00    1.00    0.00    0.00    0.00    0.00    0.00    0.00   98.00
01:20:40 PM    6    2.00    0.00    0.00    0.00    0.00    0.00    0.00    0.00    0.00   98.00
01:20:40 PM    7    1.00    0.00    1.00    0.00    0.00    0.00    0.00    0.00    0.00   98.00
01:20:40 PM    8    0.00    0.00    0.00    0.00    0.00    0.00    0.00    0.00    0.00  100.00
01:20:40 PM    9    1.00    0.00    0.00    0.00    0.00    0.00    0.00    0.00    0.00   99.00
01:20:40 PM   10    1.00    0.00    1.00    0.00    0.00    0.00    0.00    0.00    0.00   98.00
01:20:40 PM   11    1.01    0.00    0.00    0.00    0.00    0.00    0.00    0.00    0.00   98.99
01:20:40 PM   12    0.00    0.00    1.01    0.00    0.00    0.00    0.00    0.00    0.00   98.99
01:20:40 PM   13    1.98    0.00    0.00    1.98    0.00    0.00    0.00    0.00    0.00   96.04
01:20:40 PM   14    0.00    0.00    0.00    0.00    0.00    0.00    0.00    0.00    0.00  100.00
01:20:40 PM   15    1.01    0.00    0.00    0.00    0.00    0.00    0.00    0.00    0.00   98.99
01:20:40 PM   16    1.00    0.00    0.00    0.00    0.00    0.00    0.00    0.00    0.00   99.00
01:20:40 PM   17    0.00    0.00    1.98    0.00    0.00    0.00    0.00    0.00    0.00   98.02
01:20:40 PM   18    1.00    0.00    1.00    1.00    0.00    0.00    0.00    0.00    0.00   97.00
01:20:40 PM   19    0.00    0.00    0.00    1.00    0.00    0.00    0.00    0.00    0.00   99.00
01:20:40 PM   20    1.01    0.00    0.00    0.00    0.00    0.00    0.00    0.00    0.00   98.99
01:20:40 PM   21    0.99    0.00    0.99    0.00    0.00    0.00    0.00    0.00    0.00   98.02
01:20:40 PM   22    1.01    0.00    0.00    0.00    0.00    0.00    0.00    0.00    0.00   98.99
01:20:40 PM   23    0.00    0.00    1.00    0.00    0.00    0.00    0.00    0.00    0.00   99.00
01:20:40 PM   24   26.73    0.00   42.57    0.00    0.00   30.69    0.00    0.00    0.00    0.00
01:20:40 PM   25   28.28    0.00   47.47    0.00    0.00   24.24    0.00    0.00    0.00    0.00
01:20:40 PM   26    1.01    0.00    0.00    0.00    0.00    0.00    0.00    0.00    0.00   98.99
01:20:40 PM   27    0.00    0.00    0.00    0.00    0.00    0.00    0.00    0.00    0.00  100.00
01:20:40 PM   28    1.00    0.00    0.00    0.00    0.00    0.00    0.00    0.00    0.00   99.00
01:20:40 PM   29    1.01    0.00    0.00    0.00    0.00    0.00    0.00    0.00    0.00   98.99
01:20:40 PM   30    0.99    0.00    1.98    0.00    0.00    0.00    0.00    0.00    0.00   97.03
01:20:40 PM   31    0.99    0.00    0.99    0.00    0.00    0.00    0.00    0.00    0.00   98.02
01:20:40 PM   32    1.00    0.00    0.00    1.00    0.00    0.00    0.00    0.00    0.00   98.00
01:20:40 PM   33    1.00    0.00    1.00    0.00    0.00    0.00    0.00    0.00    0.00   98.00
01:20:40 PM   34    2.00    0.00    0.00    0.00    0.00    0.00    0.00    0.00    0.00   98.00
01:20:40 PM   35    2.00    0.00    0.00    0.00    0.00    0.00    0.00    0.00    0.00   98.00

01:20:40 PM  CPU    %usr   %nice    %sys %iowait    %irq   %soft  %steal  %guest  %gnice   %idle
01:20:41 PM  all    2.15    0.00    2.68    0.03    0.00    1.95    0.00    0.00    0.00   93.19
01:20:41 PM    0    1.89    0.00    0.00    0.00    0.00    8.49    0.00    0.00    0.00   89.62
01:20:41 PM    1    1.00    0.00    0.00    0.00    0.00    1.00    0.00    0.00    0.00   98.00
01:20:41 PM    2    0.00    0.00    0.00    0.00    0.00    1.01    0.00    0.00    0.00   98.99
01:20:41 PM    3    1.00    0.00    0.00    0.00    0.00    0.00    0.00    0.00    0.00   99.00
01:20:41 PM    4    1.00    0.00    1.00    0.00    0.00    0.00    0.00    0.00    0.00   98.00
01:20:41 PM    5    2.00    0.00    0.00    0.00    0.00    0.00    0.00    0.00    0.00   98.00
01:20:41 PM    6    0.00    0.00    0.00    0.00    0.00    0.00    0.00    0.00    0.00  100.00
01:20:41 PM    7    1.01    0.00    0.00    0.00    0.00    0.00    0.00    0.00    0.00   98.99
01:20:41 PM    8    0.00    0.00    0.00    0.00    0.00    0.00    0.00    0.00    0.00  100.00
01:20:41 PM    9    2.00    0.00    0.00    0.00    0.00    0.00    0.00    0.00    0.00   98.00
01:20:41 PM   10    1.00    0.00    0.00    0.00    0.00    0.00    0.00    0.00    0.00   99.00
01:20:41 PM   11    1.00    0.00    1.00    1.00    0.00    0.00    0.00    0.00    0.00   97.00
01:20:41 PM   12    2.00    0.00    0.00    0.00    0.00    0.00    0.00    0.00    0.00   98.00
01:20:41 PM   13    0.00    0.00    0.00    0.00    0.00    0.00    0.00    0.00    0.00  100.00
01:20:41 PM   14    0.00    0.00    0.00    0.00    0.00    0.00    0.00    0.00    0.00  100.00
01:20:41 PM   15    0.00    0.00    1.00    0.00    0.00    0.00    0.00    0.00    0.00   99.00
01:20:41 PM   16    1.01    0.00    0.00    0.00    0.00    0.00    0.00    0.00    0.00   98.99
01:20:41 PM   17    2.04    0.00    5.10    0.00    0.00    0.00    0.00    0.00    0.00   92.86
01:20:41 PM   18    1.00    0.00    0.00    0.00    0.00    0.00    0.00    0.00    0.00   99.00
01:20:41 PM   19    1.01    0.00    0.00    0.00    0.00    0.00    0.00    0.00    0.00   98.99
01:20:41 PM   20    0.00    0.00    0.00    0.00    0.00    0.00    0.00    0.00    0.00  100.00
01:20:41 PM   21    0.00    0.00    0.00    0.00    0.00    0.00    0.00    0.00    0.00  100.00
01:20:41 PM   22    1.00    0.00    1.00    0.00    0.00    0.00    0.00    0.00    0.00   98.00
01:20:41 PM   23    2.00    0.00    0.00    0.00    0.00    0.00    0.00    0.00    0.00   98.00
01:20:41 PM   24   27.27    0.00   43.43    0.00    0.00   29.29    0.00    0.00    0.00    0.00
01:20:41 PM   25   26.73    0.00   43.56    0.00    0.00   29.70    0.00    0.00    0.00    0.00
01:20:41 PM   26    1.00    0.00    0.00    0.00    0.00    0.00    0.00    0.00    0.00   99.00
01:20:41 PM   27    0.00    0.00    0.00    0.00    0.00    0.00    0.00    0.00    0.00  100.00
01:20:41 PM   28    0.00    0.00    0.00    0.00    0.00    0.00    0.00    0.00    0.00  100.00
01:20:41 PM   29    0.00    0.00    0.00    0.00    0.00    0.00    0.00    0.00    0.00  100.00
01:20:41 PM   30    0.00    0.00    0.00    0.00    0.00    0.00    0.00    0.00    0.00  100.00
01:20:41 PM   31    0.00    0.00    0.00    0.00    0.00    0.00    0.00    0.00    0.00  100.00
01:20:41 PM   32    0.00    0.00    0.00    0.00    0.00    0.00    0.00    0.00    0.00  100.00
01:20:41 PM   33    0.00    0.00    0.00    0.00    0.00    0.00    0.00    0.00    0.00  100.00
01:20:41 PM   34    0.00    0.00    0.00    0.00    0.00    0.00    0.00    0.00    0.00  100.00
01:20:41 PM   35    0.00    0.00    0.00    0.00    0.00    0.00    0.00    0.00    0.00  100.00

01:20:41 PM  CPU    %usr   %nice    %sys %iowait    %irq   %soft  %steal  %guest  %gnice   %idle
01:20:42 PM  all    2.28    0.00    2.94    0.06    0.00    1.89    0.00    0.00    0.00   92.84
01:20:42 PM    0    1.90    0.00    0.95    0.00    0.00    5.71    0.00    0.00    0.00   91.43
01:20:42 PM    1    0.00    0.00    0.00    0.00    0.00    2.02    0.00    0.00    0.00   97.98
01:20:42 PM    2    0.00    0.00    0.00    0.00    0.00    0.00    0.00    0.00    0.00  100.00
01:20:42 PM    3    1.00    0.00    0.00    0.00    0.00    0.00    0.00    0.00    0.00   99.00
01:20:42 PM    4    1.94    0.00    0.97    0.00    0.00    0.97    0.00    0.00    0.00   96.12
01:20:42 PM    5    0.00    0.00    0.00    0.00    0.00    0.00    0.00    0.00    0.00  100.00
01:20:42 PM    6    0.00    0.00    1.00    0.00    0.00    0.00    0.00    0.00    0.00   99.00
01:20:42 PM    7    1.01    0.00    0.00    0.00    0.00    0.00    0.00    0.00    0.00   98.99
01:20:42 PM    8    0.00    0.00    0.00    0.00    0.00    0.00    0.00    0.00    0.00  100.00
01:20:42 PM    9    0.00    0.00    0.00    0.00    0.00    0.00    0.00    0.00    0.00  100.00
01:20:42 PM   10    1.00    0.00    0.00    0.00    0.00    0.00    0.00    0.00    0.00   99.00
01:20:42 PM   11    0.00    0.00    1.01    0.00    0.00    0.00    0.00    0.00    0.00   98.99
01:20:42 PM   12    0.00    0.00    0.00    1.00    0.00    0.00    0.00    0.00    0.00   99.00
01:20:42 PM   13    0.99    0.00    0.99    0.00    0.00    0.00    0.00    0.00    0.00   98.02
01:20:42 PM   14    1.00    0.00    0.00    0.00    0.00    0.00    0.00    0.00    0.00   99.00
01:20:42 PM   15    0.00    0.00    0.00    0.00    0.00    0.00    0.00    0.00    0.00  100.00
01:20:42 PM   16    0.00    0.00    0.00    0.00    0.00    0.00    0.00    0.00    0.00  100.00
01:20:42 PM   17    1.98    0.00    4.95    0.00    0.00    0.00    0.00    0.00    0.00   93.07
01:20:42 PM   18    1.01    0.00    0.00    0.00    0.00    0.00    0.00    0.00    0.00   98.99
01:20:42 PM   19    0.00    0.00    0.00    0.00    0.00    0.00    0.00    0.00    0.00  100.00
01:20:42 PM   20    1.00    0.00    0.00    0.00    0.00    0.00    0.00    0.00    0.00   99.00
01:20:42 PM   21    0.00    0.00    0.00    0.00    0.00    0.00    0.00    0.00    0.00  100.00
01:20:42 PM   22    1.00    0.00    0.00    0.00    0.00    0.00    0.00    0.00    0.00   99.00
01:20:42 PM   23    1.01    0.00    0.00    0.00    0.00    0.00    0.00    0.00    0.00   98.99
01:20:42 PM   24   28.71    0.00   41.58    0.00    0.00   29.70    0.00    0.00    0.00    0.00
01:20:42 PM   25   25.00    0.00   46.00    0.00    0.00   29.00    0.00    0.00    0.00    0.00
01:20:42 PM   26    1.96    0.00    1.96    0.00    0.00    0.00    0.00    0.00    0.00   96.08
01:20:42 PM   27    1.00    0.00    1.00    0.00    0.00    0.00    0.00    0.00    0.00   98.00
01:20:42 PM   28    0.00    0.00    0.00    0.00    0.00    0.00    0.00    0.00    0.00  100.00
01:20:42 PM   29    1.96    0.00    0.98    0.98    0.00    0.00    0.00    0.00    0.00   96.08
01:20:42 PM   30    0.99    0.00    0.99    0.00    0.00    0.00    0.00    0.00    0.00   98.02
01:20:42 PM   31    1.98    0.00    0.99    0.00    0.00    0.00    0.00    0.00    0.00   97.03
01:20:42 PM   32    0.00    0.00    0.00    0.00    0.00    0.00    0.00    0.00    0.00  100.00
01:20:42 PM   33    1.98    0.00    0.99    0.00    0.00    0.00    0.00    0.00    0.00   97.03
01:20:42 PM   34    0.99    0.00    0.99    0.00    0.00    0.00    0.00    0.00    0.00   98.02
01:20:42 PM   35    2.00    0.00    0.00    0.00    0.00    0.00    0.00    0.00    0.00   98.00

01:20:42 PM  CPU    %usr   %nice    %sys %iowait    %irq   %soft  %steal  %guest  %gnice   %idle
01:20:43 PM  all    3.70    0.00    2.78    0.00    0.00    1.95    0.00    0.00    0.00   91.57
01:20:43 PM    0    4.76    0.00    0.95    0.00    0.00    3.81    0.00    0.00    0.00   90.48
01:20:43 PM    1    1.89    0.00    0.94    0.00    0.00    6.60    0.00    0.00    0.00   90.57
01:20:43 PM    2    2.02    0.00    0.00    0.00    0.00    0.00    0.00    0.00    0.00   97.98
01:20:43 PM    3    3.00    0.00    0.00    0.00    0.00    0.00    0.00    0.00    0.00   97.00
01:20:43 PM    4    3.03    0.00    0.00    0.00    0.00    0.00    0.00    0.00    0.00   96.97
01:20:43 PM    5    3.96    0.00    0.99    0.00    0.00    0.00    0.00    0.00    0.00   95.05
01:20:43 PM    6    1.02    0.00    0.00    0.00    0.00    0.00    0.00    0.00    0.00   98.98
01:20:43 PM    7    1.00    0.00    1.00    0.00    0.00    0.00    0.00    0.00    0.00   98.00
01:20:43 PM    8    2.00    0.00    1.00    0.00    0.00    0.00    0.00    0.00    0.00   97.00
01:20:43 PM    9    2.02    0.00    1.01    0.00    0.00    0.00    0.00    0.00    0.00   96.97
01:20:43 PM   10    2.00    0.00    1.00    0.00    0.00    0.00    0.00    0.00    0.00   97.00
01:20:43 PM   11    3.00    0.00    0.00    0.00    0.00    0.00    0.00    0.00    0.00   97.00
01:20:43 PM   12    3.00    0.00    1.00    0.00    0.00    0.00    0.00    0.00    0.00   96.00
01:20:43 PM   13    2.02    0.00    0.00    0.00    0.00    0.00    0.00    0.00    0.00   97.98
01:20:43 PM   14    3.00    0.00    0.00    0.00    0.00    0.00    0.00    0.00    0.00   97.00
01:20:43 PM   15    2.00    0.00    1.00    0.00    0.00    0.00    0.00    0.00    0.00   97.00
01:20:43 PM   16    2.97    0.00    0.99    0.00    0.00    0.00    0.00    0.00    0.00   96.04
01:20:43 PM   17    4.04    0.00    1.01    0.00    0.00    0.00    0.00    0.00    0.00   94.95
01:20:43 PM   18    3.03    0.00    0.00    0.00    0.00    0.00    0.00    0.00    0.00   96.97
01:20:43 PM   19    2.02    0.00    0.00    0.00    0.00    0.00    0.00    0.00    0.00   97.98
01:20:43 PM   20    0.00    0.00    0.00    0.00    0.00    0.00    0.00    0.00    0.00  100.00
01:20:43 PM   21    2.97    0.00    0.00    0.00    0.00    0.00    0.00    0.00    0.00   97.03
01:20:43 PM   22    1.00    0.00    1.00    0.00    0.00    0.00    0.00    0.00    0.00   98.00
01:20:43 PM   23    3.00    0.00    0.00    0.00    0.00    1.00    0.00    0.00    0.00   96.00
01:20:43 PM   24   33.33    0.00   39.39    0.00    0.00   27.27    0.00    0.00    0.00    0.00
01:20:43 PM   25   22.00    0.00   47.00    0.00    0.00   31.00    0.00    0.00    0.00    0.00
01:20:43 PM   26    2.00    0.00    0.00    0.00    0.00    0.00    0.00    0.00    0.00   98.00
01:20:43 PM   27    0.00    0.00    0.00    0.00    0.00    0.00    0.00    0.00    0.00  100.00
01:20:43 PM   28    4.00    0.00    0.00    0.00    0.00    0.00    0.00    0.00    0.00   96.00
01:20:43 PM   29    3.03    0.00    0.00    0.00    0.00    0.00    0.00    0.00    0.00   96.97
01:20:43 PM   30    2.02    0.00    1.01    0.00    0.00    0.00    0.00    0.00    0.00   96.97
01:20:43 PM   31    2.00    0.00    0.00    0.00    0.00    0.00    0.00    0.00    0.00   98.00
01:20:43 PM   32    2.00    0.00    0.00    0.00    0.00    0.00    0.00    0.00    0.00   98.00
01:20:43 PM   33    1.00    0.00    0.00    0.00    0.00    0.00    0.00    0.00    0.00   99.00
01:20:43 PM   34    3.03    0.00    0.00    0.00    0.00    0.00    0.00    0.00    0.00   96.97
01:20:43 PM   35    0.00    0.00    1.01    0.00    0.00    0.00    0.00    0.00    0.00   98.99

01:20:43 PM  CPU    %usr   %nice    %sys %iowait    %irq   %soft  %steal  %guest  %gnice   %idle
01:20:44 PM  all    2.09    0.00    2.81    0.11    0.00    1.98    0.00    0.00    0.00   93.01
01:20:44 PM    0    0.95    0.00    0.00    0.00    0.00    7.62    0.00    0.00    0.00   91.43
01:20:44 PM    1    1.00    0.00    0.00    0.00    0.00    0.00    0.00    0.00    0.00   99.00
01:20:44 PM    2    0.00    0.00    0.00    0.00    0.00    0.00    0.00    0.00    0.00  100.00
01:20:44 PM    3    0.00    0.00    0.00    0.00    0.00    0.00    0.00    0.00    0.00  100.00
01:20:44 PM    4    1.00    0.00    0.00    0.00    0.00    0.00    0.00    0.00    0.00   99.00
01:20:44 PM    5    0.00    0.00    0.00    0.00    0.00    0.00    0.00    0.00    0.00  100.00
01:20:44 PM    6    0.00    0.00    0.00    0.00    0.00    0.00    0.00    0.00    0.00  100.00
01:20:44 PM    7    2.00    0.00    7.00    0.00    0.00    0.00    0.00    0.00    0.00   91.00
01:20:44 PM    8    0.00    0.00    1.00    0.00    0.00    1.00    0.00    0.00    0.00   98.00
01:20:44 PM    9    1.00    0.00    0.00    0.00    0.00    0.00    0.00    0.00    0.00   99.00
01:20:44 PM   10    1.00    0.00    0.00    0.00    0.00    0.00    0.00    0.00    0.00   99.00
01:20:44 PM   11    0.00    0.00    1.00    0.00    0.00    0.00    0.00    0.00    0.00   99.00
01:20:44 PM   12    0.00    0.00    0.00    0.00    0.00    0.00    0.00    0.00    0.00  100.00
01:20:44 PM   13    1.00    0.00    0.00    0.00    0.00    0.00    0.00    0.00    0.00   99.00
01:20:44 PM   14    0.00    0.00    0.00    0.00    0.00    0.00    0.00    0.00    0.00  100.00
01:20:44 PM   15    1.00    0.00    0.00    0.00    0.00    0.00    0.00    0.00    0.00   99.00
01:20:44 PM   16    1.00    0.00    0.00    0.00    0.00    0.00    0.00    0.00    0.00   99.00
01:20:44 PM   17    0.00    0.00    0.00    0.00    0.00    0.00    0.00    0.00    0.00  100.00
01:20:44 PM   18    1.98    0.00    0.99    0.00    0.00    0.00    0.00    0.00    0.00   97.03
01:20:44 PM   19    1.01    0.00    0.00    0.00    0.00    0.00    0.00    0.00    0.00   98.99
01:20:44 PM   20    1.96    0.00    0.00    0.98    0.00    0.98    0.00    0.00    0.00   96.08
01:20:44 PM   21    0.00    0.00    1.01    0.00    0.00    0.00    0.00    0.00    0.00   98.99
01:20:44 PM   22    0.00    0.00    0.00    0.00    0.00    0.00    0.00    0.00    0.00  100.00
01:20:44 PM   23    0.00    0.00    0.00    0.00    0.00    0.00    0.00    0.00    0.00  100.00
01:20:44 PM   24   26.73    0.00   40.59    0.00    0.00   32.67    0.00    0.00    0.00    0.00
01:20:44 PM   25   25.00    0.00   47.00    0.00    0.00   28.00    0.00    0.00    0.00    0.00
01:20:44 PM   26    0.00    0.00    0.00    0.00    0.00    0.00    0.00    0.00    0.00  100.00
01:20:44 PM   27    2.00    0.00    0.00    1.00    0.00    0.00    0.00    0.00    0.00   97.00
01:20:44 PM   28    0.00    0.00    0.00    0.00    0.00    0.00    0.00    0.00    0.00  100.00
01:20:44 PM   29    0.99    0.00    0.00    0.99    0.00    0.00    0.00    0.00    0.00   98.02
01:20:44 PM   30    1.01    0.00    0.00    0.00    0.00    0.00    0.00    0.00    0.00   98.99
01:20:44 PM   31    0.00    0.00    0.00    0.00    0.00    0.00    0.00    0.00    0.00  100.00
01:20:44 PM   32    1.00    0.00    1.00    0.00    0.00    0.00    0.00    0.00    0.00   98.00
01:20:44 PM   33    0.00    0.00    0.00    0.00    0.00    0.00    0.00    0.00    0.00  100.00
01:20:44 PM   34    0.99    0.00    0.99    0.00    0.00    0.00    0.00    0.00    0.00   98.02
01:20:44 PM   35    2.00    0.00    0.00    1.00    0.00    0.00    0.00    0.00    0.00   97.00

01:20:44 PM  CPU    %usr   %nice    %sys %iowait    %irq   %soft  %steal  %guest  %gnice   %idle
01:20:45 PM  all    1.97    0.00    3.00    0.03    0.00    2.08    0.00    0.00    0.00   92.91
01:20:45 PM    0    0.93    0.00    0.00    0.00    0.00    9.35    0.00    0.00    0.00   89.72
01:20:45 PM    1    1.00    0.00    0.00    0.00    0.00    1.00    0.00    0.00    0.00   98.00
01:20:45 PM    2    2.00    0.00    0.00    0.00    0.00    0.00    0.00    0.00    0.00   98.00
01:20:45 PM    3    0.98    0.00    0.98    0.00    0.00    0.00    0.00    0.00    0.00   98.04
01:20:45 PM    4    0.00    0.00    0.00    0.00    0.00    0.00    0.00    0.00    0.00  100.00
01:20:45 PM    5    1.01    0.00    0.00    0.00    0.00    0.00    0.00    0.00    0.00   98.99
01:20:45 PM    6    1.00    0.00    1.00    0.00    0.00    0.00    0.00    0.00    0.00   98.00
01:20:45 PM    7    0.99    0.00    0.99    0.00    0.00    0.00    0.00    0.00    0.00   98.02
01:20:45 PM    8    0.00    0.00    0.00    0.00    0.00    0.00    0.00    0.00    0.00  100.00
01:20:45 PM    9    1.01    0.00    0.00    0.00    0.00    0.00    0.00    0.00    0.00   98.99
01:20:45 PM   10    0.00    0.00    1.00    0.00    0.00    0.00    0.00    0.00    0.00   99.00
01:20:45 PM   11    0.99    0.00    0.00    0.00    0.00    0.99    0.00    0.00    0.00   98.02
01:20:45 PM   12    0.99    0.00    0.00    0.00    0.00    0.00    0.00    0.00    0.00   99.01
01:20:45 PM   13    0.00    0.00    1.01    0.00    0.00    0.00    0.00    0.00    0.00   98.99
01:20:45 PM   14    1.98    0.00    0.00    0.00    0.00    0.00    0.00    0.00    0.00   98.02
01:20:45 PM   15    1.00    0.00    0.00    0.00    0.00    0.00    0.00    0.00    0.00   99.00
01:20:45 PM   16    0.00    0.00    1.01    0.00    0.00    0.00    0.00    0.00    0.00   98.99
01:20:45 PM   17    0.99    0.00    1.98    0.00    0.00    0.00    0.00    0.00    0.00   97.03
01:20:45 PM   18    0.00    0.00    0.00    0.00    0.00    0.00    0.00    0.00    0.00  100.00
01:20:45 PM   19    0.00    0.00    0.00    0.00    0.00    0.00    0.00    0.00    0.00  100.00
01:20:45 PM   20    0.99    0.00    0.99    0.99    0.00    0.00    0.00    0.00    0.00   97.03
01:20:45 PM   21    0.00    0.00    0.00    0.00    0.00    0.00    0.00    0.00    0.00  100.00
01:20:45 PM   22    0.00    0.00    1.00    0.00    0.00    0.00    0.00    0.00    0.00   99.00
01:20:45 PM   23    1.00    0.00    1.00    0.00    0.00    0.00    0.00    0.00    0.00   98.00
01:20:45 PM   24   26.00    0.00   46.00    0.00    0.00   28.00    0.00    0.00    0.00    0.00
01:20:45 PM   25   21.00    0.00   44.00    0.00    0.00   35.00    0.00    0.00    0.00    0.00
01:20:45 PM   26    0.00    0.00    0.00    0.00    0.00    0.00    0.00    0.00    0.00  100.00
01:20:45 PM   27    0.00    0.00    0.00    0.00    0.00    0.00    0.00    0.00    0.00  100.00
01:20:45 PM   28    3.00    0.00    4.00    0.00    0.00    0.00    0.00    0.00    0.00   93.00
01:20:45 PM   29    0.00    0.00    1.00    0.00    0.00    0.00    0.00    0.00    0.00   99.00
01:20:45 PM   30    1.01    0.00    0.00    0.00    0.00    0.00    0.00    0.00    0.00   98.99
01:20:45 PM   31    0.00    0.00    0.00    0.00    0.00    0.00    0.00    0.00    0.00  100.00
01:20:45 PM   32    1.00    0.00    1.00    0.00    0.00    0.00    0.00    0.00    0.00   98.00
01:20:45 PM   33    0.00    0.00    0.00    0.00    0.00    0.00    0.00    0.00    0.00  100.00
01:20:45 PM   34    2.00    0.00    0.00    0.00    0.00    0.00    0.00    0.00    0.00   98.00
01:20:45 PM   35    0.00    0.00    1.00    0.00    0.00    0.00    0.00    0.00    0.00   99.00

01:20:45 PM  CPU    %usr   %nice    %sys %iowait    %irq   %soft  %steal  %guest  %gnice   %idle
01:20:46 PM  all    2.37    0.00    2.85    0.06    0.00    1.81    0.00    0.00    0.00   92.91
01:20:46 PM    0    1.96    0.00    0.00    0.00    0.00    4.90    0.00    0.00    0.00   93.14
01:20:46 PM    1    1.01    0.00    1.01    0.00    0.00    0.00    0.00    0.00    0.00   97.98
01:20:46 PM    2    1.01    0.00    0.00    0.00    0.00    0.00    0.00    0.00    0.00   98.99
01:20:46 PM    3    0.00    0.00    0.00    0.00    0.00    0.00    0.00    0.00    0.00  100.00
01:20:46 PM    4    1.01    0.00    0.00    0.00    0.00    0.00    0.00    0.00    0.00   98.99
01:20:46 PM    5    1.00    0.00    1.00    0.00    0.00    0.00    0.00    0.00    0.00   98.00
01:20:46 PM    6    0.00    0.00    1.01    1.01    0.00    0.00    0.00    0.00    0.00   97.98
01:20:46 PM    7    2.04    0.00    5.10    0.00    0.00    0.00    0.00    0.00    0.00   92.86
01:20:46 PM    8    0.99    0.00    0.99    0.00    0.00    0.00    0.00    0.00    0.00   98.02
01:20:46 PM    9    1.01    0.00    0.00    0.00    0.00    0.00    0.00    0.00    0.00   98.99
01:20:46 PM   10    2.00    0.00    0.00    0.00    0.00    0.00    0.00    0.00    0.00   98.00
01:20:46 PM   11    1.01    0.00    0.00    0.00    0.00    0.00    0.00    0.00    0.00   98.99
01:20:46 PM   12    1.00    0.00    1.00    0.00    0.00    0.00    0.00    0.00    0.00   98.00
01:20:46 PM   13    1.00    0.00    0.00    0.00    0.00    0.00    0.00    0.00    0.00   99.00
01:20:46 PM   14    1.98    0.00    0.99    0.00    0.00    0.00    0.00    0.00    0.00   97.03
01:20:46 PM   15    1.00    0.00    1.00    0.00    0.00    0.00    0.00    0.00    0.00   98.00
01:20:46 PM   16    1.98    0.00    0.00    0.00    0.00    0.00    0.00    0.00    0.00   98.02
01:20:46 PM   17    1.00    0.00    1.00    0.00    0.00    0.00    0.00    0.00    0.00   98.00
01:20:46 PM   18    0.00    0.00    0.00    0.00    0.00    0.00    0.00    0.00    0.00  100.00
01:20:46 PM   19    0.99    0.00    0.99    0.00    0.00    0.00    0.00    0.00    0.00   98.02
01:20:46 PM   20    1.01    0.00    0.00    0.00    0.00    0.00    0.00    0.00    0.00   98.99
01:20:46 PM   21    1.00    0.00    0.00    0.00    0.00    0.00    0.00    0.00    0.00   99.00
01:20:46 PM   22    1.01    0.00    0.00    0.00    0.00    0.00    0.00    0.00    0.00   98.99
01:20:46 PM   23    0.00    0.00    0.00    0.00    0.00    0.00    0.00    0.00    0.00  100.00
01:20:46 PM   24   30.00    0.00   40.00    0.00    0.00   30.00    0.00    0.00    0.00    0.00
01:20:46 PM   25   24.00    0.00   47.00    0.00    0.00   29.00    0.00    0.00    0.00    0.00
01:20:46 PM   26    1.00    0.00    0.00    0.00    0.00    0.00    0.00    0.00    0.00   99.00
01:20:46 PM   27    0.00    0.00    0.00    0.00    0.00    1.00    0.00    0.00    0.00   99.00
01:20:46 PM   28    1.01    0.00    0.00    0.00    0.00    0.00    0.00    0.00    0.00   98.99
01:20:46 PM   29    0.00    0.00    0.00    0.00    0.00    0.00    0.00    0.00    0.00  100.00
01:20:46 PM   30    1.01    0.00    0.00    0.00    0.00    0.00    0.00    0.00    0.00   98.99
01:20:46 PM   31    1.00    0.00    0.00    1.00    0.00    0.00    0.00    0.00    0.00   98.00
01:20:46 PM   32    1.00    0.00    1.00    0.00    0.00    0.00    0.00    0.00    0.00   98.00
01:20:46 PM   33    1.01    0.00    0.00    0.00    0.00    0.00    0.00    0.00    0.00   98.99
01:20:46 PM   34    0.00    0.00    0.00    0.00    0.00    0.00    0.00    0.00    0.00  100.00
01:20:46 PM   35    0.00    0.00    0.00    0.00    0.00    0.00    0.00    0.00    0.00  100.00

01:20:46 PM  CPU    %usr   %nice    %sys %iowait    %irq   %soft  %steal  %guest  %gnice   %idle
01:20:47 PM  all    2.23    0.00    2.76    0.00    0.00    1.90    0.00    0.00    0.00   93.10
01:20:47 PM    0    1.92    0.00    0.96    0.00    0.00    5.77    0.00    0.00    0.00   91.35
01:20:47 PM    1    0.00    0.00    0.00    0.00    0.00    3.96    0.00    0.00    0.00   96.04
01:20:47 PM    2    0.00    0.00    1.01    0.00    0.00    0.00    0.00    0.00    0.00   98.99
01:20:47 PM    3    0.00    0.00    0.00    0.00    0.00    0.00    0.00    0.00    0.00  100.00
01:20:47 PM    4    0.00    0.00    0.00    0.00    0.00    0.00    0.00    0.00    0.00  100.00
01:20:47 PM    5    1.00    0.00    0.00    0.00    0.00    0.00    0.00    0.00    0.00   99.00
01:20:47 PM    6    1.98    0.00    0.00    0.00    0.00    0.00    0.00    0.00    0.00   98.02
01:20:47 PM    7    1.98    0.00    7.92    0.00    0.00    0.00    0.00    0.00    0.00   90.10
01:20:47 PM    8    2.00    0.00    0.00    0.00    0.00    0.00    0.00    0.00    0.00   98.00
01:20:47 PM    9    1.01    0.00    1.01    0.00    0.00    0.00    0.00    0.00    0.00   97.98
01:20:47 PM   10    0.00    0.00    0.00    0.00    0.00    0.00    0.00    0.00    0.00  100.00
01:20:47 PM   11    1.02    0.00    0.00    0.00    0.00    0.00    0.00    0.00    0.00   98.98
01:20:47 PM   12    1.02    0.00    0.00    0.00    0.00    0.00    0.00    0.00    0.00   98.98
01:20:47 PM   13    1.01    0.00    0.00    0.00    0.00    0.00    0.00    0.00    0.00   98.99
01:20:47 PM   14    1.01    0.00    0.00    0.00    0.00    0.00    0.00    0.00    0.00   98.99
01:20:47 PM   15    0.00    0.00    0.00    0.00    0.00    0.00    0.00    0.00    0.00  100.00
01:20:47 PM   16    0.00    0.00    1.01    0.00    0.00    0.00    0.00    0.00    0.00   98.99
01:20:47 PM   17    1.01    0.00    0.00    0.00    0.00    0.00    0.00    0.00    0.00   98.99
01:20:47 PM   18    1.00    0.00    0.00    0.00    0.00    0.00    0.00    0.00    0.00   99.00
01:20:47 PM   19    0.00    0.00    0.00    0.00    0.00    0.00    0.00    0.00    0.00  100.00
01:20:47 PM   20    1.00    0.00    0.00    0.00    0.00    0.00    0.00    0.00    0.00   99.00
01:20:47 PM   21    0.99    0.00    0.99    0.00    0.00    0.00    0.00    0.00    0.00   98.02
01:20:47 PM   22    0.00    0.00    0.00    0.00    0.00    0.00    0.00    0.00    0.00  100.00
01:20:47 PM   23    1.00    0.00    0.00    0.00    0.00    0.00    0.00    0.00    0.00   99.00
01:20:47 PM   24   28.28    0.00   41.41    0.00    0.00   30.30    0.00    0.00    0.00    0.00
01:20:47 PM   25   30.30    0.00   41.41    0.00    0.00   28.28    0.00    0.00    0.00    0.00
01:20:47 PM   26    1.00    0.00    0.00    0.00    0.00    0.00    0.00    0.00    0.00   99.00
01:20:47 PM   27    0.00    0.00    1.00    0.00    0.00    0.00    0.00    0.00    0.00   99.00
01:20:47 PM   28    0.00    0.00    1.00    0.00    0.00    0.00    0.00    0.00    0.00   99.00
01:20:47 PM   29    0.00    0.00    0.00    0.00    0.00    0.00    0.00    0.00    0.00  100.00
01:20:47 PM   30    1.01    0.00    0.00    0.00    0.00    0.00    0.00    0.00    0.00   98.99
01:20:47 PM   31    0.00    0.00    1.00    0.00    0.00    0.00    0.00    0.00    0.00   99.00
01:20:47 PM   32    0.00    0.00    0.00    0.00    0.00    0.00    0.00    0.00    0.00  100.00
01:20:47 PM   33    0.00    0.00    1.00    0.00    0.00    0.00    0.00    0.00    0.00   99.00
01:20:47 PM   34    0.00    0.00    0.00    0.00    0.00    0.00    0.00    0.00    0.00  100.00
01:20:47 PM   35    1.01    0.00    0.00    0.00    0.00    0.00    0.00    0.00    0.00   98.99

Average:     CPU    %usr   %nice    %sys %iowait    %irq   %soft  %steal  %guest  %gnice   %idle
Average:     all    2.31    0.00    2.88    0.05    0.00    1.87    0.00    0.00    0.00   92.88
Average:       0    1.63    0.00    0.38    0.00    0.00    6.24    0.00    0.00    0.00   91.75
Average:       1    1.09    0.00    0.30    0.00    0.00    1.99    0.00    0.00    0.00   96.62
Average:       2    0.61    0.00    0.20    0.00    0.00    0.10    0.00    0.00    0.00   99.09
Average:       3    0.80    0.00    0.20    0.00    0.00    0.00    0.00    0.00    0.00   98.99
Average:       4    1.00    0.00    0.30    0.00    0.00    0.10    0.00    0.00    0.00   98.59
Average:       5    1.10    0.00    0.60    0.00    0.00    0.00    0.00    0.00    0.00   98.30
Average:       6    0.70    0.00    0.40    0.10    0.00    0.00    0.00    0.00    0.00   98.80
Average:       7    1.20    0.00    2.41    0.00    0.00    0.00    0.00    0.00    0.00   96.39
Average:       8    0.90    0.00    0.50    0.10    0.00    0.20    0.00    0.00    0.00   98.29
Average:       9    0.91    0.00    0.20    0.00    0.00    0.00    0.00    0.00    0.00   98.89
Average:      10    0.90    0.00    0.40    0.00    0.00    0.00    0.00    0.00    0.00   98.70
Average:      11    0.91    0.00    0.40    0.10    0.00    0.10    0.00    0.00    0.00   98.49
Average:      12    0.90    0.00    0.40    0.10    0.00    0.00    0.00    0.00    0.00   98.60
Average:      13    0.80    0.00    0.20    0.20    0.00    0.00    0.00    0.00    0.00   98.79
Average:      14    1.10    0.00    0.30    0.00    0.00    0.00    0.00    0.00    0.00   98.60
Average:      15    0.70    0.00    0.40    0.00    0.00    0.00    0.00    0.00    0.00   98.89
Average:      16    0.90    0.00    0.50    0.00    0.00    0.00    0.00    0.00    0.00   98.60
Average:      17    1.60    0.00    2.91    0.00    0.00    0.00    0.00    0.00    0.00   95.49
Average:      18    1.20    0.00    0.30    0.10    0.00    0.00    0.00    0.00    0.00   98.40
Average:      19    0.91    0.00    0.50    0.10    0.00    0.00    0.00    0.00    0.00   98.49
Average:      20    0.90    0.00    0.30    0.30    0.00    0.10    0.00    0.00    0.00   98.40
Average:      21    0.70    0.00    0.40    0.00    0.00    0.00    0.00    0.00    0.00   98.90
Average:      22    0.60    0.00    0.50    0.00    0.00    0.10    0.00    0.00    0.00   98.79
Average:      23    0.80    0.00    0.30    0.00    0.00    0.10    0.00    0.00    0.00   98.79
Average:      24   27.35    0.00   41.88    0.00    0.00   29.26    0.00    0.00    0.00    1.50
Average:      25   24.02    0.00   45.15    0.00    0.00   28.73    0.00    0.00    0.00    2.10
Average:      26    1.00    0.00    0.20    0.00    0.00    0.00    0.00    0.00    0.00   98.80
Average:      27    0.40    0.00    0.30    0.10    0.00    0.10    0.00    0.00    0.00   99.10
Average:      28    1.01    0.00    0.50    0.00    0.00    0.00    0.00    0.00    0.00   98.49
Average:      29    0.90    0.00    0.20    0.20    0.00    0.00    0.00    0.00    0.00   98.69
Average:      30    1.01    0.00    0.40    0.00    0.00    0.00    0.00    0.00    0.00   98.59
Average:      31    1.00    0.00    0.40    0.20    0.00    0.00    0.00    0.00    0.00   98.40
Average:      32    0.70    0.00    0.40    0.10    0.00    0.00    0.00    0.00    0.00   98.79
Average:      33    0.70    0.00    0.30    0.00    0.00    0.00    0.00    0.00    0.00   98.99
Average:      34    1.10    0.00    0.20    0.00    0.00    0.00    0.00    0.00    0.00   98.70
Average:      35    1.00    0.00    0.30    0.10    0.00    0.00    0.00    0.00    0.00   98.59
