Linux 5.15.0-186-generic (rapids4) 	07/28/2026 	_x86_64_	(36 CPU)

01:27:30 PM  CPU    %usr   %nice    %sys %iowait    %irq   %soft  %steal  %guest  %gnice   %idle
01:27:31 PM  all    1.17    0.00    1.12    0.03    0.00    0.00    0.00    0.00    0.00   97.68
01:27:31 PM    0    2.04    0.00    0.00    0.00    0.00    0.00    0.00    0.00    0.00   97.96
01:27:31 PM    1    1.00    0.00    0.00    0.00    0.00    0.00    0.00    0.00    0.00   99.00
01:27:31 PM    2    2.00    0.00    0.00    0.00    0.00    0.00    0.00    0.00    0.00   98.00
01:27:31 PM    3    1.01    0.00    0.00    0.00    0.00    0.00    0.00    0.00    0.00   98.99
01:27:31 PM    4    0.00    0.00    0.00    0.00    0.00    0.00    0.00    0.00    0.00  100.00
01:27:31 PM    5    1.00    0.00    0.00    0.00    0.00    0.00    0.00    0.00    0.00   99.00
01:27:31 PM    6    1.02    0.00    0.00    0.00    0.00    0.00    0.00    0.00    0.00   98.98
01:27:31 PM    7    3.00    0.00    2.00    0.00    0.00    0.00    0.00    0.00    0.00   95.00
01:27:31 PM    8    1.00    0.00    1.00    0.00    0.00    0.00    0.00    0.00    0.00   98.00
01:27:31 PM    9    1.98    0.00    0.00    0.00    0.00    0.00    0.00    0.00    0.00   98.02
01:27:31 PM   10    1.00    0.00    0.00    0.00    0.00    0.00    0.00    0.00    0.00   99.00
01:27:31 PM   11    0.00    0.00    0.00    0.00    0.00    0.00    0.00    0.00    0.00  100.00
01:27:31 PM   12    1.00    0.00    0.00    0.00    0.00    0.00    0.00    0.00    0.00   99.00
01:27:31 PM   13    1.00    0.00    1.00    0.00    0.00    0.00    0.00    0.00    0.00   98.00
01:27:31 PM   14    1.00    0.00    1.00    0.00    0.00    0.00    0.00    0.00    0.00   98.00
01:27:31 PM   15    1.01    0.00    0.00    0.00    0.00    0.00    0.00    0.00    0.00   98.99
01:27:31 PM   16    0.00    0.00    0.00    0.00    0.00    0.00    0.00    0.00    0.00  100.00
01:27:31 PM   17    0.00    0.00    1.00    0.00    0.00    0.00    0.00    0.00    0.00   99.00
01:27:31 PM   18    1.03    0.00    2.06    0.00    0.00    0.00    0.00    0.00    0.00   96.91
01:27:31 PM   19    0.98    0.00    0.98    0.00    0.00    0.00    0.00    0.00    0.00   98.04
01:27:31 PM   20    1.00    0.00    0.00    0.00    0.00    0.00    0.00    0.00    0.00   99.00
01:27:31 PM   21    1.98    0.00    0.00    0.00    0.00    0.00    0.00    0.00    0.00   98.02
01:27:31 PM   22    0.00    0.00    0.00    0.00    0.00    0.00    0.00    0.00    0.00  100.00
01:27:31 PM   23    0.00    0.00    1.01    0.00    0.00    0.00    0.00    0.00    0.00   98.99
01:27:31 PM   24    1.98    0.00    0.99    0.00    0.00    0.00    0.00    0.00    0.00   97.03
01:27:31 PM   25    0.99    0.00    2.97    0.00    0.00    0.00    0.00    0.00    0.00   96.04
01:27:31 PM   26    3.12    0.00    9.38    0.00    0.00    0.00    0.00    0.00    0.00   87.50
01:27:31 PM   27    5.94    0.00   14.85    0.00    0.00    0.00    0.00    0.00    0.00   79.21
01:27:31 PM   28    1.00    0.00    1.00    0.00    0.00    0.00    0.00    0.00    0.00   98.00
01:27:31 PM   29    1.00    0.00    0.00    1.00    0.00    0.00    0.00    0.00    0.00   98.00
01:27:31 PM   30    1.01    0.00    0.00    0.00    0.00    0.00    0.00    0.00    0.00   98.99
01:27:31 PM   31    0.00    0.00    0.00    0.00    0.00    0.00    0.00    0.00    0.00  100.00
01:27:31 PM   32    1.00    0.00    0.00    0.00    0.00    0.00    0.00    0.00    0.00   99.00
01:27:31 PM   33    1.00    0.00    1.00    0.00    0.00    0.00    0.00    0.00    0.00   98.00
01:27:31 PM   34    1.01    0.00    0.00    0.00    0.00    0.00    0.00    0.00    0.00   98.99
01:27:31 PM   35    0.00    0.00    0.00    0.00    0.00    0.00    0.00    0.00    0.00  100.00

01:27:31 PM  CPU    %usr   %nice    %sys %iowait    %irq   %soft  %steal  %guest  %gnice   %idle
01:27:32 PM  all    1.65    0.00    1.90    0.00    0.00    0.08    0.00    0.00    0.00   96.36
01:27:32 PM    0    3.03    0.00    0.00    0.00    0.00    1.01    0.00    0.00    0.00   95.96
01:27:32 PM    1    1.02    0.00    0.00    0.00    0.00    0.00    0.00    0.00    0.00   98.98
01:27:32 PM    2    1.98    0.00    0.99    0.00    0.00    0.00    0.00    0.00    0.00   97.03
01:27:32 PM    3    0.00    0.00    0.00    0.00    0.00    0.00    0.00    0.00    0.00  100.00
01:27:32 PM    4    2.00    0.00    1.00    0.00    0.00    0.00    0.00    0.00    0.00   97.00
01:27:32 PM    5    1.01    0.00    1.01    0.00    0.00    0.00    0.00    0.00    0.00   97.98
01:27:32 PM    6    1.01    0.00    0.00    0.00    0.00    0.00    0.00    0.00    0.00   98.99
01:27:32 PM    7    1.01    0.00    0.00    0.00    0.00    0.00    0.00    0.00    0.00   98.99
01:27:32 PM    8    2.94    0.00    0.98    0.00    0.00    0.00    0.00    0.00    0.00   96.08
01:27:32 PM    9    0.00    0.00    1.02    0.00    0.00    0.00    0.00    0.00    0.00   98.98
01:27:32 PM   10    0.00    0.00    1.01    0.00    0.00    0.00    0.00    0.00    0.00   98.99
01:27:32 PM   11    0.00    0.00    0.00    0.00    0.00    0.00    0.00    0.00    0.00  100.00
01:27:32 PM   12    0.00    0.00    0.00    0.00    0.00    0.00    0.00    0.00    0.00  100.00
01:27:32 PM   13    1.01    0.00    0.00    0.00    0.00    0.00    0.00    0.00    0.00   98.99
01:27:32 PM   14    2.00    0.00    0.00    0.00    0.00    0.00    0.00    0.00    0.00   98.00
01:27:32 PM   15    2.00    0.00    1.00    0.00    0.00    0.00    0.00    0.00    0.00   97.00
01:27:32 PM   16    2.00    0.00    0.00    0.00    0.00    0.00    0.00    0.00    0.00   98.00
01:27:32 PM   17    4.04    0.00    7.07    0.00    0.00    0.00    0.00    0.00    0.00   88.89
01:27:32 PM   18    0.00    0.00    0.00    0.00    0.00    0.00    0.00    0.00    0.00  100.00
01:27:32 PM   19    0.00    0.00    0.00    0.00    0.00    0.00    0.00    0.00    0.00  100.00
01:27:32 PM   20    1.00    0.00    0.00    0.00    0.00    0.00    0.00    0.00    0.00   99.00
01:27:32 PM   21    0.00    0.00    0.00    0.00    0.00    0.00    0.00    0.00    0.00  100.00
01:27:32 PM   22    0.00    0.00    0.00    0.00    0.00    0.00    0.00    0.00    0.00  100.00
01:27:32 PM   23    1.01    0.00    0.00    0.00    0.00    0.00    0.00    0.00    0.00   98.99
01:27:32 PM   24    0.00    0.00    0.00    0.00    0.00    0.00    0.00    0.00    0.00  100.00
01:27:32 PM   25    1.01    0.00    0.00    0.00    0.00    0.00    0.00    0.00    0.00   98.99
01:27:32 PM   26   11.76    0.00   20.59    0.00    0.00    0.00    0.00    0.00    0.00   67.65
01:27:32 PM   27   10.78    0.00   28.43    0.00    0.00    0.00    0.00    0.00    0.00   60.78
01:27:32 PM   28    0.99    0.00    0.99    0.00    0.00    0.99    0.00    0.00    0.00   97.03
01:27:32 PM   29    1.98    0.00    0.99    0.00    0.00    0.00    0.00    0.00    0.00   97.03
01:27:32 PM   30    0.99    0.00    0.99    0.00    0.00    0.99    0.00    0.00    0.00   97.03
01:27:32 PM   31    1.01    0.00    0.00    0.00    0.00    0.00    0.00    0.00    0.00   98.99
01:27:32 PM   32    1.00    0.00    1.00    0.00    0.00    0.00    0.00    0.00    0.00   98.00
01:27:32 PM   33    1.00    0.00    0.00    0.00    0.00    0.00    0.00    0.00    0.00   99.00
01:27:32 PM   34    0.00    0.00    0.00    0.00    0.00    0.00    0.00    0.00    0.00  100.00
01:27:32 PM   35    1.00    0.00    0.00    0.00    0.00    0.00    0.00    0.00    0.00   99.00

01:27:32 PM  CPU    %usr   %nice    %sys %iowait    %irq   %soft  %steal  %guest  %gnice   %idle
01:27:33 PM  all    3.06    0.00    2.23    0.03    0.00    0.22    0.00    0.00    0.00   94.46
01:27:33 PM    0    2.94    0.00    0.98    0.00    0.00    3.92    0.00    0.00    0.00   92.16
01:27:33 PM    1    4.00    0.00    0.00    0.00    0.00    0.00    0.00    0.00    0.00   96.00
01:27:33 PM    2    2.00    0.00    0.00    0.00    0.00    0.00    0.00    0.00    0.00   98.00
01:27:33 PM    3    2.00    0.00    1.00    0.00    0.00    0.00    0.00    0.00    0.00   97.00
01:27:33 PM    4    2.02    0.00    0.00    0.00    0.00    0.00    0.00    0.00    0.00   97.98
01:27:33 PM    5    2.02    0.00    0.00    0.00    0.00    0.00    0.00    0.00    0.00   97.98
01:27:33 PM    6    2.02    0.00    1.01    0.00    0.00    0.00    0.00    0.00    0.00   96.97
01:27:33 PM    7    3.03    0.00    0.00    0.00    0.00    0.00    0.00    0.00    0.00   96.97
01:27:33 PM    8    3.03    0.00    0.00    0.00    0.00    0.00    0.00    0.00    0.00   96.97
01:27:33 PM    9    2.02    0.00    0.00    0.00    0.00    0.00    0.00    0.00    0.00   97.98
01:27:33 PM   10    2.00    0.00    1.00    0.00    0.00    0.00    0.00    0.00    0.00   97.00
01:27:33 PM   11    2.02    0.00    0.00    0.00    0.00    0.00    0.00    0.00    0.00   97.98
01:27:33 PM   12    2.94    0.00    0.98    0.00    0.00    0.00    0.00    0.00    0.00   96.08
01:27:33 PM   13    2.02    0.00    0.00    0.00    0.00    0.00    0.00    0.00    0.00   97.98
01:27:33 PM   14    1.98    0.00    0.99    0.00    0.00    0.00    0.00    0.00    0.00   97.03
01:27:33 PM   15    2.00    0.00    1.00    0.00    0.00    0.00    0.00    0.00    0.00   97.00
01:27:33 PM   16    2.02    0.00    1.01    0.00    0.00    0.00    0.00    0.00    0.00   96.97
01:27:33 PM   17    6.93    0.00    5.94    0.00    0.00    0.99    0.00    0.00    0.00   86.14
01:27:33 PM   18    3.23    0.00    0.00    1.08    0.00    0.00    0.00    0.00    0.00   95.70
01:27:33 PM   19    3.00    0.00    0.00    0.00    0.00    1.00    0.00    0.00    0.00   96.00
01:27:33 PM   20    0.00    0.00    0.00    0.00    0.00    0.00    0.00    0.00    0.00  100.00
01:27:33 PM   21    1.00    0.00    0.00    0.00    0.00    1.00    0.00    0.00    0.00   98.00
01:27:33 PM   22    2.02    0.00    1.01    0.00    0.00    0.00    0.00    0.00    0.00   96.97
01:27:33 PM   23    2.02    0.00    0.00    0.00    0.00    1.01    0.00    0.00    0.00   96.97
01:27:33 PM   24    2.06    0.00    0.00    0.00    0.00    0.00    0.00    0.00    0.00   97.94
01:27:33 PM   25    2.04    0.00    0.00    0.00    0.00    0.00    0.00    0.00    0.00   97.96
01:27:33 PM   26   13.73    0.00   19.61    0.00    0.00    0.00    0.00    0.00    0.00   66.67
01:27:33 PM   27   10.09    0.00   34.86    0.00    0.00    0.00    0.00    0.00    0.00   55.05
01:27:33 PM   28    2.00    0.00    0.00    0.00    0.00    0.00    0.00    0.00    0.00   98.00
01:27:33 PM   29    4.00    0.00    0.00    0.00    0.00    0.00    0.00    0.00    0.00   96.00
01:27:33 PM   30    2.02    0.00    2.02    0.00    0.00    0.00    0.00    0.00    0.00   95.96
01:27:33 PM   31    4.00    0.00    0.00    0.00    0.00    0.00    0.00    0.00    0.00   96.00
01:27:33 PM   32    3.00    0.00    0.00    0.00    0.00    0.00    0.00    0.00    0.00   97.00
01:27:33 PM   33    3.00    0.00    1.00    0.00    0.00    0.00    0.00    0.00    0.00   96.00
01:27:33 PM   34    1.98    0.00    1.98    0.00    0.00    0.00    0.00    0.00    0.00   96.04
01:27:33 PM   35    3.00    0.00    2.00    0.00    0.00    0.00    0.00    0.00    0.00   95.00

01:27:33 PM  CPU    %usr   %nice    %sys %iowait    %irq   %soft  %steal  %guest  %gnice   %idle
01:27:34 PM  all    1.29    0.00    1.90    0.03    0.00    0.11    0.00    0.00    0.00   96.67
01:27:34 PM    0    0.99    0.00    0.00    0.00    0.00    2.97    0.00    0.00    0.00   96.04
01:27:34 PM    1    1.01    0.00    0.00    0.00    0.00    0.00    0.00    0.00    0.00   98.99
01:27:34 PM    2    0.00    0.00    0.00    1.02    0.00    0.00    0.00    0.00    0.00   98.98
01:27:34 PM    3    1.00    0.00    1.00    0.00    0.00    0.00    0.00    0.00    0.00   98.00
01:27:34 PM    4    0.99    0.00    0.99    0.00    0.00    0.00    0.00    0.00    0.00   98.02
01:27:34 PM    5    1.01    0.00    0.00    0.00    0.00    0.00    0.00    0.00    0.00   98.99
01:27:34 PM    6    0.00    0.00    0.00    0.00    0.00    0.00    0.00    0.00    0.00  100.00
01:27:34 PM    7    2.97    0.00    0.99    0.00    0.00    0.00    0.00    0.00    0.00   96.04
01:27:34 PM    8    1.01    0.00    0.00    0.00    0.00    0.00    0.00    0.00    0.00   98.99
01:27:34 PM    9    1.98    0.00    0.99    0.00    0.00    0.00    0.00    0.00    0.00   97.03
01:27:34 PM   10    1.00    0.00    0.00    0.00    0.00    0.00    0.00    0.00    0.00   99.00
01:27:34 PM   11    0.00    0.00    0.00    0.00    0.00    1.00    0.00    0.00    0.00   99.00
01:27:34 PM   12    0.00    0.00    0.00    0.00    0.00    0.00    0.00    0.00    0.00  100.00
01:27:34 PM   13    0.00    0.00    1.00    0.00    0.00    0.00    0.00    0.00    0.00   99.00
01:27:34 PM   14    0.00    0.00    1.00    0.00    0.00    0.00    0.00    0.00    0.00   99.00
01:27:34 PM   15    0.00    0.00    0.00    0.00    0.00    0.00    0.00    0.00    0.00  100.00
01:27:34 PM   16    2.00    0.00    1.00    0.00    0.00    0.00    0.00    0.00    0.00   97.00
01:27:34 PM   17    1.00    0.00    0.00    0.00    0.00    0.00    0.00    0.00    0.00   99.00
01:27:34 PM   18    1.09    0.00    0.00    0.00    0.00    0.00    0.00    0.00    0.00   98.91
01:27:34 PM   19    0.00    0.00    0.00    0.00    0.00    0.00    0.00    0.00    0.00  100.00
01:27:34 PM   20    1.01    0.00    1.01    0.00    0.00    0.00    0.00    0.00    0.00   97.98
01:27:34 PM   21    1.01    0.00    1.01    0.00    0.00    0.00    0.00    0.00    0.00   97.98
01:27:34 PM   22    2.00    0.00    2.00    0.00    0.00    0.00    0.00    0.00    0.00   96.00
01:27:34 PM   23    1.01    0.00    0.00    0.00    0.00    0.00    0.00    0.00    0.00   98.99
01:27:34 PM   24    1.01    0.00    0.00    0.00    0.00    0.00    0.00    0.00    0.00   98.99
01:27:34 PM   25    1.00    0.00    1.00    0.00    0.00    0.00    0.00    0.00    0.00   98.00
01:27:34 PM   26    8.25    0.00   20.62    0.00    0.00    0.00    0.00    0.00    0.00   71.13
01:27:34 PM   27    9.52    0.00   32.38    0.00    0.00    0.00    0.00    0.00    0.00   58.10
01:27:34 PM   28    0.00    0.00    0.00    0.00    0.00    0.00    0.00    0.00    0.00  100.00
01:27:34 PM   29    1.01    0.00    0.00    0.00    0.00    0.00    0.00    0.00    0.00   98.99
01:27:34 PM   30    0.00    0.00    0.00    0.00    0.00    0.00    0.00    0.00    0.00  100.00
01:27:34 PM   31    1.01    0.00    0.00    0.00    0.00    0.00    0.00    0.00    0.00   98.99
01:27:34 PM   32    1.00    0.00    1.00    0.00    0.00    0.00    0.00    0.00    0.00   98.00
01:27:34 PM   33    1.00    0.00    1.00    0.00    0.00    0.00    0.00    0.00    0.00   98.00
01:27:34 PM   34    0.00    0.00    0.00    0.00    0.00    0.00    0.00    0.00    0.00  100.00
01:27:34 PM   35    1.01    0.00    0.00    0.00    0.00    0.00    0.00    0.00    0.00   98.99

01:27:34 PM  CPU    %usr   %nice    %sys %iowait    %irq   %soft  %steal  %guest  %gnice   %idle
01:27:35 PM  all    1.53    0.00    1.98    0.03    0.00    0.14    0.00    0.00    0.00   96.33
01:27:35 PM    0    1.94    0.00    0.00    0.00    0.00    3.88    0.00    0.00    0.00   94.17
01:27:35 PM    1    1.98    0.00    0.99    0.00    0.00    0.00    0.00    0.00    0.00   97.03
01:27:35 PM    2    0.00    0.00    0.00    0.00    0.00    0.00    0.00    0.00    0.00  100.00
01:27:35 PM    3    1.00    0.00    0.00    0.00    0.00    0.00    0.00    0.00    0.00   99.00
01:27:35 PM    4    0.00    0.00    1.00    0.00    0.00    0.00    0.00    0.00    0.00   99.00
01:27:35 PM    5    0.00    0.00    1.00    0.00    0.00    0.00    0.00    0.00    0.00   99.00
01:27:35 PM    6    2.00    0.00    1.00    0.00    0.00    0.00    0.00    0.00    0.00   97.00
01:27:35 PM    7    1.01    0.00    0.00    0.00    0.00    0.00    0.00    0.00    0.00   98.99
01:27:35 PM    8    3.96    0.00    5.94    0.00    0.00    0.00    0.00    0.00    0.00   90.10
01:27:35 PM    9    1.00    0.00    0.00    0.00    0.00    0.00    0.00    0.00    0.00   99.00
01:27:35 PM   10    1.00    0.00    0.00    0.00    0.00    0.00    0.00    0.00    0.00   99.00
01:27:35 PM   11    1.00    0.00    1.00    0.00    0.00    0.00    0.00    0.00    0.00   98.00
01:27:35 PM   12    1.00    0.00    0.00    0.00    0.00    0.00    0.00    0.00    0.00   99.00
01:27:35 PM   13    1.96    0.00    0.00    0.00    0.00    0.00    0.00    0.00    0.00   98.04
01:27:35 PM   14    1.00    0.00    0.00    0.00    0.00    0.00    0.00    0.00    0.00   99.00
01:27:35 PM   15    0.00    0.00    0.00    0.00    0.00    0.00    0.00    0.00    0.00  100.00
01:27:35 PM   16    3.96    0.00    0.00    0.00    0.00    0.00    0.00    0.00    0.00   96.04
01:27:35 PM   17    1.01    0.00    0.00    0.00    0.00    0.00    0.00    0.00    0.00   98.99
01:27:35 PM   18    0.00    0.00    1.06    0.00    0.00    0.00    0.00    0.00    0.00   98.94
01:27:35 PM   19    1.00    0.00    0.00    0.00    0.00    0.00    0.00    0.00    0.00   99.00
01:27:35 PM   20    0.00    0.00    0.00    0.00    0.00    0.00    0.00    0.00    0.00  100.00
01:27:35 PM   21    0.00    0.00    1.01    1.01    0.00    0.00    0.00    0.00    0.00   97.98
01:27:35 PM   22    0.00    0.00    0.00    0.00    0.00    0.00    0.00    0.00    0.00  100.00
01:27:35 PM   23    2.02    0.00    0.00    0.00    0.00    0.00    0.00    0.00    0.00   97.98
01:27:35 PM   24    1.01    0.00    0.00    0.00    0.00    0.00    0.00    0.00    0.00   98.99
01:27:35 PM   25    0.00    0.00    1.01    0.00    0.00    0.00    0.00    0.00    0.00   98.99
01:27:35 PM   26   11.11    0.00   19.19    0.00    0.00    0.00    0.00    0.00    0.00   69.70
01:27:35 PM   27   12.50    0.00   33.93    0.00    0.00    0.00    0.00    0.00    0.00   53.57
01:27:35 PM   28    1.00    0.00    0.00    0.00    0.00    0.00    0.00    0.00    0.00   99.00
01:27:35 PM   29    0.00    0.00    0.00    0.00    0.00    0.00    0.00    0.00    0.00  100.00
01:27:35 PM   30    0.00    0.00    0.00    0.00    0.00    0.00    0.00    0.00    0.00  100.00
01:27:35 PM   31    0.00    0.00    0.00    0.00    0.00    0.00    0.00    0.00    0.00  100.00
01:27:35 PM   32    1.01    0.00    0.00    0.00    0.00    0.00    0.00    0.00    0.00   98.99
01:27:35 PM   33    0.00    0.00    0.00    0.00    0.00    0.00    0.00    0.00    0.00  100.00
01:27:35 PM   34    0.00    0.00    0.00    0.00    0.00    0.00    0.00    0.00    0.00  100.00
01:27:35 PM   35    0.00    0.00    0.00    0.00    0.00    1.00    0.00    0.00    0.00   99.00

01:27:35 PM  CPU    %usr   %nice    %sys %iowait    %irq   %soft  %steal  %guest  %gnice   %idle
01:27:36 PM  all    1.40    0.00    2.01    0.06    0.00    0.11    0.00    0.00    0.00   96.43
01:27:36 PM    0    0.00    0.00    0.00    0.00    0.00    3.96    0.00    0.00    0.00   96.04
01:27:36 PM    1    0.00    0.00    0.00    0.00    0.00    0.00    0.00    0.00    0.00  100.00
01:27:36 PM    2    1.00    0.00    0.00    0.00    0.00    0.00    0.00    0.00    0.00   99.00
01:27:36 PM    3    0.00    0.00    0.00    0.00    0.00    0.00    0.00    0.00    0.00  100.00
01:27:36 PM    4    1.01    0.00    0.00    0.00    0.00    0.00    0.00    0.00    0.00   98.99
01:27:36 PM    5    0.00    0.00    1.02    0.00    0.00    0.00    0.00    0.00    0.00   98.98
01:27:36 PM    6    0.00    0.00    0.00    0.00    0.00    0.00    0.00    0.00    0.00  100.00
01:27:36 PM    7    3.00    0.00    0.00    0.00    0.00    0.00    0.00    0.00    0.00   97.00
01:27:36 PM    8    1.00    0.00    3.00    0.00    0.00    0.00    0.00    0.00    0.00   96.00
01:27:36 PM    9    0.00    0.00    0.00    0.00    0.00    0.00    0.00    0.00    0.00  100.00
01:27:36 PM   10    0.00    0.00    0.00    0.00    0.00    0.00    0.00    0.00    0.00  100.00
01:27:36 PM   11    0.00    0.00    0.00    0.00    0.00    0.00    0.00    0.00    0.00  100.00
01:27:36 PM   12    0.00    0.00    1.00    0.00    0.00    0.00    0.00    0.00    0.00   99.00
01:27:36 PM   13    0.00    0.00    2.00    0.00    0.00    0.00    0.00    0.00    0.00   98.00
01:27:36 PM   14    0.00    0.00    0.00    0.00    0.00    0.00    0.00    0.00    0.00  100.00
01:27:36 PM   15    1.00    0.00    0.00    0.00    0.00    0.00    0.00    0.00    0.00   99.00
01:27:36 PM   16    0.00    0.00    0.00    0.00    0.00    0.00    0.00    0.00    0.00  100.00
01:27:36 PM   17    1.01    0.00    4.04    0.00    0.00    0.00    0.00    0.00    0.00   94.95
01:27:36 PM   18    0.00    0.00    0.00    1.10    0.00    0.00    0.00    0.00    0.00   98.90
01:27:36 PM   19    0.00    0.00    0.00    0.00    0.00    0.00    0.00    0.00    0.00  100.00
01:27:36 PM   20    3.00    0.00    1.00    0.00    0.00    0.00    0.00    0.00    0.00   96.00
01:27:36 PM   21    1.98    0.00    0.00    0.00    0.00    0.00    0.00    0.00    0.00   98.02
01:27:36 PM   22    2.00    0.00    1.00    0.00    0.00    0.00    0.00    0.00    0.00   97.00
01:27:36 PM   23    0.00    0.00    1.01    0.00    0.00    0.00    0.00    0.00    0.00   98.99
01:27:36 PM   24    1.01    0.00    1.01    0.00    0.00    0.00    0.00    0.00    0.00   97.98
01:27:36 PM   25    0.00    0.00    0.00    0.00    0.00    0.00    0.00    0.00    0.00  100.00
01:27:36 PM   26   10.89    0.00   20.79    0.00    0.00    0.00    0.00    0.00    0.00   68.32
01:27:36 PM   27   12.96    0.00   32.41    0.00    0.00    0.00    0.00    0.00    0.00   54.63
01:27:36 PM   28    0.00    0.00    0.00    0.00    0.00    0.00    0.00    0.00    0.00  100.00
01:27:36 PM   29    1.00    0.00    0.00    0.00    0.00    0.00    0.00    0.00    0.00   99.00
01:27:36 PM   30    1.00    0.00    0.00    1.00    0.00    0.00    0.00    0.00    0.00   98.00
01:27:36 PM   31    2.00    0.00    0.00    0.00    0.00    0.00    0.00    0.00    0.00   98.00
01:27:36 PM   32    0.00    0.00    0.00    0.00    0.00    0.00    0.00    0.00    0.00  100.00
01:27:36 PM   33    2.00    0.00    0.00    0.00    0.00    0.00    0.00    0.00    0.00   98.00
01:27:36 PM   34    2.94    0.00    0.98    0.00    0.00    0.00    0.00    0.00    0.00   96.08
01:27:36 PM   35    0.00    0.00    0.00    0.00    0.00    0.00    0.00    0.00    0.00  100.00

01:27:36 PM  CPU    %usr   %nice    %sys %iowait    %irq   %soft  %steal  %guest  %gnice   %idle
01:27:37 PM  all    1.45    0.00    2.07    0.00    0.00    0.08    0.00    0.00    0.00   96.40
01:27:37 PM    0    1.02    0.00    0.00    0.00    0.00    1.02    0.00    0.00    0.00   97.96
01:27:37 PM    1    0.00    0.00    1.01    0.00    0.00    0.00    0.00    0.00    0.00   98.99
01:27:37 PM    2    0.00    0.00    1.00    0.00    0.00    1.00    0.00    0.00    0.00   98.00
01:27:37 PM    3    0.00    0.00    0.00    0.00    0.00    0.00    0.00    0.00    0.00  100.00
01:27:37 PM    4    0.00    0.00    0.99    0.00    0.00    0.99    0.00    0.00    0.00   98.02
01:27:37 PM    5    1.00    0.00    0.00    0.00    0.00    0.00    0.00    0.00    0.00   99.00
01:27:37 PM    6    1.01    0.00    0.00    0.00    0.00    0.00    0.00    0.00    0.00   98.99
01:27:37 PM    7    2.04    0.00    0.00    0.00    0.00    0.00    0.00    0.00    0.00   97.96
01:27:37 PM    8    2.00    0.00    2.00    0.00    0.00    0.00    0.00    0.00    0.00   96.00
01:27:37 PM    9    2.00    0.00    0.00    0.00    0.00    0.00    0.00    0.00    0.00   98.00
01:27:37 PM   10    2.02    0.00    0.00    0.00    0.00    0.00    0.00    0.00    0.00   97.98
01:27:37 PM   11    1.01    0.00    2.02    0.00    0.00    0.00    0.00    0.00    0.00   96.97
01:27:37 PM   12    2.00    0.00    2.00    0.00    0.00    0.00    0.00    0.00    0.00   96.00
01:27:37 PM   13    1.00    0.00    0.00    0.00    0.00    0.00    0.00    0.00    0.00   99.00
01:27:37 PM   14    1.00    0.00    0.00    0.00    0.00    0.00    0.00    0.00    0.00   99.00
01:27:37 PM   15    0.00    0.00    0.00    0.00    0.00    0.00    0.00    0.00    0.00  100.00
01:27:37 PM   16    1.01    0.00    0.00    0.00    0.00    0.00    0.00    0.00    0.00   98.99
01:27:37 PM   17    0.99    0.00    1.98    0.00    0.00    0.00    0.00    0.00    0.00   97.03
01:27:37 PM   18    0.00    0.00    0.00    0.00    0.00    0.00    0.00    0.00    0.00  100.00
01:27:37 PM   19    0.99    0.00    0.99    0.00    0.00    0.00    0.00    0.00    0.00   98.02
01:27:37 PM   20    0.00    0.00    0.00    0.00    0.00    0.00    0.00    0.00    0.00  100.00
01:27:37 PM   21    1.00    0.00    1.00    0.00    0.00    0.00    0.00    0.00    0.00   98.00
01:27:37 PM   22    2.00    0.00    0.00    0.00    0.00    0.00    0.00    0.00    0.00   98.00
01:27:37 PM   23    0.00    0.00    0.00    0.00    0.00    0.00    0.00    0.00    0.00  100.00
01:27:37 PM   24    1.00    0.00    2.00    0.00    0.00    0.00    0.00    0.00    0.00   97.00
01:27:37 PM   25    0.00    0.00    0.00    0.00    0.00    0.00    0.00    0.00    0.00  100.00
01:27:37 PM   26   15.15    0.00   15.15    0.00    0.00    0.00    0.00    0.00    0.00   69.70
01:27:37 PM   27    8.33    0.00   36.11    0.00    0.00    0.00    0.00    0.00    0.00   55.56
01:27:37 PM   28    0.00    0.00    0.00    0.00    0.00    0.00    0.00    0.00    0.00  100.00
01:27:37 PM   29    0.00    0.00    1.01    0.00    0.00    0.00    0.00    0.00    0.00   98.99
01:27:37 PM   30    2.00    0.00    0.00    0.00    0.00    0.00    0.00    0.00    0.00   98.00
01:27:37 PM   31    1.00    0.00    1.00    0.00    0.00    0.00    0.00    0.00    0.00   98.00
01:27:37 PM   32    1.00    0.00    1.00    0.00    0.00    0.00    0.00    0.00    0.00   98.00
01:27:37 PM   33    1.01    0.00    0.00    0.00    0.00    0.00    0.00    0.00    0.00   98.99
01:27:37 PM   34    0.00    0.00    1.01    0.00    0.00    0.00    0.00    0.00    0.00   98.99
01:27:37 PM   35    0.00    0.00    1.01    0.00    0.00    0.00    0.00    0.00    0.00   98.99

01:27:37 PM  CPU    %usr   %nice    %sys %iowait    %irq   %soft  %steal  %guest  %gnice   %idle
01:27:38 PM  all    1.70    0.00    1.98    0.06    0.00    0.11    0.00    0.00    0.00   96.16
01:27:38 PM    0    0.00    0.00    0.00    0.00    0.00    3.00    0.00    0.00    0.00   97.00
01:27:38 PM    1    1.01    0.00    0.00    0.00    0.00    0.00    0.00    0.00    0.00   98.99
01:27:38 PM    2    1.01    0.00    0.00    0.00    0.00    0.00    0.00    0.00    0.00   98.99
01:27:38 PM    3    0.99    0.00    0.99    0.00    0.00    0.00    0.00    0.00    0.00   98.02
01:27:38 PM    4    0.00    0.00    0.00    0.00    0.00    0.00    0.00    0.00    0.00  100.00
01:27:38 PM    5    1.01    0.00    0.00    0.00    0.00    0.00    0.00    0.00    0.00   98.99
01:27:38 PM    6    0.00    0.00    1.01    0.00    0.00    0.00    0.00    0.00    0.00   98.99
01:27:38 PM    7    0.00    0.00    0.00    0.00    0.00    0.00    0.00    0.00    0.00  100.00
01:27:38 PM    8    1.02    0.00    0.00    0.00    0.00    0.00    0.00    0.00    0.00   98.98
01:27:38 PM    9    1.00    0.00    1.00    0.00    0.00    0.00    0.00    0.00    0.00   98.00
01:27:38 PM   10    1.02    0.00    0.00    0.00    0.00    0.00    0.00    0.00    0.00   98.98
01:27:38 PM   11    0.00    0.00    0.00    0.00    0.00    0.00    0.00    0.00    0.00  100.00
01:27:38 PM   12    3.96    0.00    6.93    0.00    0.00    0.00    0.00    0.00    0.00   89.11
01:27:38 PM   13    2.00    0.00    1.00    0.00    0.00    0.00    0.00    0.00    0.00   97.00
01:27:38 PM   14    2.00    0.00    0.00    0.00    0.00    0.00    0.00    0.00    0.00   98.00
01:27:38 PM   15    1.00    0.00    1.00    1.00    0.00    0.00    0.00    0.00    0.00   97.00
01:27:38 PM   16    2.97    0.00    0.99    0.00    0.00    0.00    0.00    0.00    0.00   96.04
01:27:38 PM   17    1.98    0.00    0.99    0.00    0.00    0.00    0.00    0.00    0.00   97.03
01:27:38 PM   18    2.11    0.00    0.00    0.00    0.00    1.05    0.00    0.00    0.00   96.84
01:27:38 PM   19    0.00    0.00    0.00    0.00    0.00    0.00    0.00    0.00    0.00  100.00
01:27:38 PM   20    0.00    0.00    0.00    1.01    0.00    0.00    0.00    0.00    0.00   98.99
01:27:38 PM   21    1.01    0.00    0.00    0.00    0.00    0.00    0.00    0.00    0.00   98.99
01:27:38 PM   22    0.00    0.00    0.00    0.00    0.00    0.00    0.00    0.00    0.00  100.00
01:27:38 PM   23    0.00    0.00    0.00    0.00    0.00    0.00    0.00    0.00    0.00  100.00
01:27:38 PM   24    1.01    0.00    0.00    0.00    0.00    0.00    0.00    0.00    0.00   98.99
01:27:38 PM   25    0.99    0.00    1.98    0.00    0.00    0.00    0.00    0.00    0.00   97.03
01:27:38 PM   26   13.59    0.00   18.45    0.00    0.00    0.00    0.00    0.00    0.00   67.96
01:27:38 PM   27   11.82    0.00   30.91    0.00    0.00    0.00    0.00    0.00    0.00   57.27
01:27:38 PM   28    0.99    0.00    0.99    0.00    0.00    0.00    0.00    0.00    0.00   98.02
01:27:38 PM   29    1.00    0.00    0.00    0.00    0.00    0.00    0.00    0.00    0.00   99.00
01:27:38 PM   30    1.01    0.00    0.00    0.00    0.00    0.00    0.00    0.00    0.00   98.99
01:27:38 PM   31    0.00    0.00    0.00    0.00    0.00    0.00    0.00    0.00    0.00  100.00
01:27:38 PM   32    1.98    0.00    0.99    0.00    0.00    0.00    0.00    0.00    0.00   97.03
01:27:38 PM   33    2.00    0.00    0.00    0.00    0.00    0.00    0.00    0.00    0.00   98.00
01:27:38 PM   34    1.01    0.00    0.00    0.00    0.00    0.00    0.00    0.00    0.00   98.99
01:27:38 PM   35    0.00    0.00    0.00    0.00    0.00    0.00    0.00    0.00    0.00  100.00

01:27:38 PM  CPU    %usr   %nice    %sys %iowait    %irq   %soft  %steal  %guest  %gnice   %idle
01:27:39 PM  all    2.40    0.00    1.87    0.08    0.00    0.14    0.00    0.00    0.00   95.50
01:27:39 PM    0    1.96    0.00    0.98    0.00    0.00    3.92    0.00    0.00    0.00   93.14
01:27:39 PM    1   13.13    0.00    1.01    0.00    0.00    0.00    0.00    0.00    0.00   85.86
01:27:39 PM    2    1.02    0.00    0.00    0.00    0.00    0.00    0.00    0.00    0.00   98.98
01:27:39 PM    3    1.01    0.00    0.00    0.00    0.00    0.00    0.00    0.00    0.00   98.99
01:27:39 PM    4    2.00    0.00    0.00    0.00    0.00    0.00    0.00    0.00    0.00   98.00
01:27:39 PM    5    1.98    0.00    0.99    0.00    0.00    0.00    0.00    0.00    0.00   97.03
01:27:39 PM    6    2.02    0.00    0.00    0.00    0.00    0.00    0.00    0.00    0.00   97.98
01:27:39 PM    7    3.00    0.00    1.00    0.00    0.00    0.00    0.00    0.00    0.00   96.00
01:27:39 PM    8    2.00    0.00    0.00    0.00    0.00    0.00    0.00    0.00    0.00   98.00
01:27:39 PM    9    3.00    0.00    0.00    0.00    0.00    0.00    0.00    0.00    0.00   97.00
01:27:39 PM   10    1.00    0.00    2.00    0.00    0.00    0.00    0.00    0.00    0.00   97.00
01:27:39 PM   11    1.96    0.00    0.98    0.00    0.00    0.98    0.00    0.00    0.00   96.08
01:27:39 PM   12    1.02    0.00    0.00    0.00    0.00    0.00    0.00    0.00    0.00   98.98
01:27:39 PM   13    1.00    0.00    1.00    0.00    0.00    0.00    0.00    0.00    0.00   98.00
01:27:39 PM   14    2.00    0.00    1.00    0.00    0.00    0.00    0.00    0.00    0.00   97.00
01:27:39 PM   15    2.02    0.00    0.00    0.00    0.00    0.00    0.00    0.00    0.00   97.98
01:27:39 PM   16    5.00    0.00    1.00    0.00    0.00    0.00    0.00    0.00    0.00   94.00
01:27:39 PM   17    1.01    0.00    0.00    0.00    0.00    0.00    0.00    0.00    0.00   98.99
01:27:39 PM   18    1.09    0.00    0.00    0.00    0.00    0.00    0.00    0.00    0.00   98.91
01:27:39 PM   19    1.01    0.00    0.00    0.00    0.00    0.00    0.00    0.00    0.00   98.99
01:27:39 PM   20    0.00    0.00    1.00    0.00    0.00    0.00    0.00    0.00    0.00   99.00
01:27:39 PM   21    0.00    0.00    1.00    0.00    0.00    0.00    0.00    0.00    0.00   99.00
01:27:39 PM   22    0.00    0.00    0.00    0.00    0.00    0.00    0.00    0.00    0.00  100.00
01:27:39 PM   23    3.96    0.00    0.99    0.00    0.00    0.00    0.00    0.00    0.00   95.05
01:27:39 PM   24    1.01    0.00    0.00    1.01    0.00    0.00    0.00    0.00    0.00   97.98
01:27:39 PM   25    1.00    0.00    0.00    0.00    0.00    0.00    0.00    0.00    0.00   99.00
01:27:39 PM   26   10.42    0.00   18.75    0.00    0.00    0.00    0.00    0.00    0.00   70.83
01:27:39 PM   27    9.80    0.00   31.37    0.00    0.00    0.00    0.00    0.00    0.00   58.82
01:27:39 PM   28    1.02    0.00    0.00    0.00    0.00    0.00    0.00    0.00    0.00   98.98
01:27:39 PM   29    0.00    0.00    0.00    0.00    0.00    0.00    0.00    0.00    0.00  100.00
01:27:39 PM   30    2.97    0.00    0.99    0.00    0.00    0.00    0.00    0.00    0.00   96.04
01:27:39 PM   31    1.00    0.00    1.00    0.00    0.00    0.00    0.00    0.00    0.00   98.00
01:27:39 PM   32    2.00    0.00    1.00    0.00    0.00    0.00    0.00    0.00    0.00   97.00
01:27:39 PM   33    3.03    0.00    1.01    1.01    0.00    0.00    0.00    0.00    0.00   94.95
01:27:39 PM   34    0.00    0.00    0.00    1.01    0.00    0.00    0.00    0.00    0.00   98.99
01:27:39 PM   35    2.00    0.00    0.00    0.00    0.00    0.00    0.00    0.00    0.00   98.00

01:27:39 PM  CPU    %usr   %nice    %sys %iowait    %irq   %soft  %steal  %guest  %gnice   %idle
01:27:40 PM  all    1.31    0.00    2.23    0.14    0.00    0.17    0.00    0.00    0.00   96.15
01:27:40 PM    0    0.97    0.00    0.00    0.00    0.00    4.85    0.00    0.00    0.00   94.17
01:27:40 PM    1    0.00    0.00    1.00    0.00    0.00    1.00    0.00    0.00    0.00   98.00
01:27:40 PM    2    1.01    0.00    0.00    0.00    0.00    0.00    0.00    0.00    0.00   98.99
01:27:40 PM    3    0.00    0.00    1.01    0.00    0.00    0.00    0.00    0.00    0.00   98.99
01:27:40 PM    4    0.00    0.00    1.01    0.00    0.00    0.00    0.00    0.00    0.00   98.99
01:27:40 PM    5    0.00    0.00    0.00    0.00    0.00    0.00    0.00    0.00    0.00  100.00
01:27:40 PM    6    1.01    0.00    0.00    0.00    0.00    0.00    0.00    0.00    0.00   98.99
01:27:40 PM    7    1.00    0.00    0.00    0.00    0.00    0.00    0.00    0.00    0.00   99.00
01:27:40 PM    8    0.99    0.00    0.99    0.00    0.00    0.00    0.00    0.00    0.00   98.02
01:27:40 PM    9    1.00    0.00    0.00    0.00    0.00    0.00    0.00    0.00    0.00   99.00
01:27:40 PM   10    0.00    0.00    0.00    0.00    0.00    0.00    0.00    0.00    0.00  100.00
01:27:40 PM   11    1.00    0.00    3.00    0.00    0.00    0.00    0.00    0.00    0.00   96.00
01:27:40 PM   12    3.00    0.00    6.00    0.00    0.00    0.00    0.00    0.00    0.00   91.00
01:27:40 PM   13    1.00    0.00    1.00    0.00    0.00    0.00    0.00    0.00    0.00   98.00
01:27:40 PM   14    2.02    0.00    2.02    0.00    0.00    0.00    0.00    0.00    0.00   95.96
01:27:40 PM   15    1.00    0.00    0.00    0.00    0.00    0.00    0.00    0.00    0.00   99.00
01:27:40 PM   16    3.00    0.00    1.00    0.00    0.00    0.00    0.00    0.00    0.00   96.00
01:27:40 PM   17    1.00    0.00    1.00    1.00    0.00    0.00    0.00    0.00    0.00   97.00
01:27:40 PM   18    2.13    0.00    0.00    0.00    0.00    0.00    0.00    0.00    0.00   97.87
01:27:40 PM   19    1.00    0.00    1.00    1.00    0.00    0.00    0.00    0.00    0.00   97.00
01:27:40 PM   20    1.01    0.00    0.00    0.00    0.00    0.00    0.00    0.00    0.00   98.99
01:27:40 PM   21    0.00    0.00    0.00    0.00    0.00    0.00    0.00    0.00    0.00  100.00
01:27:40 PM   22    1.00    0.00    0.00    0.00    0.00    0.00    0.00    0.00    0.00   99.00
01:27:40 PM   23    0.00    0.00    0.00    1.02    0.00    0.00    0.00    0.00    0.00   98.98
01:27:40 PM   24    1.01    0.00    1.01    1.01    0.00    0.00    0.00    0.00    0.00   96.97
01:27:40 PM   25    1.01    0.00    1.01    0.00    0.00    0.00    0.00    0.00    0.00   97.98
01:27:40 PM   26   10.78    0.00   20.59    0.00    0.00    0.00    0.00    0.00    0.00   68.63
01:27:40 PM   27    9.35    0.00   33.64    0.00    0.00    0.00    0.00    0.00    0.00   57.01
01:27:40 PM   28    0.00    0.00    0.00    0.00    0.00    0.00    0.00    0.00    0.00  100.00
01:27:40 PM   29    0.00    0.00    0.00    0.00    0.00    0.00    0.00    0.00    0.00  100.00
01:27:40 PM   30    0.00    0.00    1.00    0.00    0.00    0.00    0.00    0.00    0.00   99.00
01:27:40 PM   31    0.00    0.00    0.00    1.01    0.00    0.00    0.00    0.00    0.00   98.99
01:27:40 PM   32    0.00    0.00    0.00    0.00    0.00    0.00    0.00    0.00    0.00  100.00
01:27:40 PM   33    0.00    0.00    0.00    0.00    0.00    0.00    0.00    0.00    0.00  100.00
01:27:40 PM   34    0.00    0.00    1.01    0.00    0.00    0.00    0.00    0.00    0.00   98.99
01:27:40 PM   35    1.01    0.00    0.00    0.00    0.00    0.00    0.00    0.00    0.00   98.99

01:27:40 PM  CPU    %usr   %nice    %sys %iowait    %irq   %soft  %steal  %guest  %gnice   %idle
01:27:41 PM  all    1.14    0.00    1.36    0.03    0.00    0.08    0.00    0.00    0.00   97.38
01:27:41 PM    0    0.99    0.00    0.99    0.00    0.00    1.98    0.00    0.00    0.00   96.04
01:27:41 PM    1    1.00    0.00    0.00    0.00    0.00    0.00    0.00    0.00    0.00   99.00
01:27:41 PM    2    1.00    0.00    0.00    0.00    0.00    0.00    0.00    0.00    0.00   99.00
01:27:41 PM    3    0.00    0.00    0.00    0.00    0.00    0.00    0.00    0.00    0.00  100.00
01:27:41 PM    4    1.00    0.00    0.00    0.00    0.00    0.00    0.00    0.00    0.00   99.00
01:27:41 PM    5    2.00    0.00    1.00    0.00    0.00    0.00    0.00    0.00    0.00   97.00
01:27:41 PM    6    1.00    0.00    1.00    0.00    0.00    0.00    0.00    0.00    0.00   98.00
01:27:41 PM    7    2.04    0.00    0.00    0.00    0.00    0.00    0.00    0.00    0.00   97.96
01:27:41 PM    8    1.00    0.00    1.00    0.00    0.00    0.00    0.00    0.00    0.00   98.00
01:27:41 PM    9    0.00    0.00    1.00    0.00    0.00    0.00    0.00    0.00    0.00   99.00
01:27:41 PM   10    0.99    0.00    0.99    0.00    0.00    0.00    0.00    0.00    0.00   98.02
01:27:41 PM   11    0.00    0.00    0.00    0.00    0.00    0.00    0.00    0.00    0.00  100.00
01:27:41 PM   12    2.02    0.00    6.06    0.00    0.00    0.00    0.00    0.00    0.00   91.92
01:27:41 PM   13    0.00    0.00    1.00    0.00    0.00    0.00    0.00    0.00    0.00   99.00
01:27:41 PM   14    1.96    0.00    0.98    0.00    0.00    0.00    0.00    0.00    0.00   97.06
01:27:41 PM   15    1.01    0.00    0.00    0.00    0.00    0.00    0.00    0.00    0.00   98.99
01:27:41 PM   16    1.01    0.00    0.00    0.00    0.00    0.00    0.00    0.00    0.00   98.99
01:27:41 PM   17    1.98    0.00    0.99    0.00    0.00    0.00    0.00    0.00    0.00   97.03
01:27:41 PM   18    1.05    0.00    0.00    0.00    0.00    0.00    0.00    0.00    0.00   98.95
01:27:41 PM   19    0.00    0.00    1.01    1.01    0.00    0.00    0.00    0.00    0.00   97.98
01:27:41 PM   20    0.99    0.00    0.99    0.00    0.00    0.00    0.00    0.00    0.00   98.02
01:27:41 PM   21    1.01    0.00    0.00    0.00    0.00    0.00    0.00    0.00    0.00   98.99
01:27:41 PM   22    1.01    0.00    0.00    0.00    0.00    0.00    0.00    0.00    0.00   98.99
01:27:41 PM   23    0.00    0.00    0.00    0.00    0.00    0.00    0.00    0.00    0.00  100.00
01:27:41 PM   24    0.00    0.00    0.00    0.00    0.00    0.00    0.00    0.00    0.00  100.00
01:27:41 PM   25    1.00    0.00    0.00    0.00    0.00    0.00    0.00    0.00    0.00   99.00
01:27:41 PM   26    4.08    0.00   11.22    0.00    0.00    0.00    0.00    0.00    0.00   84.69
01:27:41 PM   27    4.95    0.00   16.83    0.00    0.00    0.00    0.00    0.00    0.00   78.22
01:27:41 PM   28    1.98    0.00    0.00    0.00    0.00    0.00    0.00    0.00    0.00   98.02
01:27:41 PM   29    1.00    0.00    0.00    0.00    0.00    0.00    0.00    0.00    0.00   99.00
01:27:41 PM   30    1.01    0.00    0.00    0.00    0.00    0.00    0.00    0.00    0.00   98.99
01:27:41 PM   31    1.98    0.00    0.00    0.00    0.00    0.00    0.00    0.00    0.00   98.02
01:27:41 PM   32    0.00    0.00    0.99    0.00    0.00    0.99    0.00    0.00    0.00   98.02
01:27:41 PM   33    0.99    0.00    0.99    0.00    0.00    0.00    0.00    0.00    0.00   98.02
01:27:41 PM   34    0.00    0.00    1.01    0.00    0.00    0.00    0.00    0.00    0.00   98.99
01:27:41 PM   35    1.00    0.00    1.00    0.00    0.00    0.00    0.00    0.00    0.00   98.00

Average:     CPU    %usr   %nice    %sys %iowait    %irq   %soft  %steal  %guest  %gnice   %idle
Average:     all    1.65    0.00    1.88    0.04    0.00    0.11    0.00    0.00    0.00   96.32
Average:       0    1.44    0.00    0.27    0.00    0.00    2.80    0.00    0.00    0.00   95.49
Average:       1    2.19    0.00    0.37    0.00    0.00    0.09    0.00    0.00    0.00   97.35
Average:       2    1.01    0.00    0.18    0.09    0.00    0.09    0.00    0.00    0.00   98.63
Average:       3    0.64    0.00    0.37    0.00    0.00    0.00    0.00    0.00    0.00   98.99
Average:       4    0.82    0.00    0.46    0.00    0.00    0.09    0.00    0.00    0.00   98.63
Average:       5    1.01    0.00    0.46    0.00    0.00    0.00    0.00    0.00    0.00   98.54
Average:       6    1.01    0.00    0.37    0.00    0.00    0.00    0.00    0.00    0.00   98.62
Average:       7    2.01    0.00    0.37    0.00    0.00    0.00    0.00    0.00    0.00   97.62
Average:       8    1.82    0.00    1.36    0.00    0.00    0.00    0.00    0.00    0.00   96.82
Average:       9    1.28    0.00    0.36    0.00    0.00    0.00    0.00    0.00    0.00   98.36
Average:      10    0.91    0.00    0.46    0.00    0.00    0.00    0.00    0.00    0.00   98.63
Average:      11    0.64    0.00    0.64    0.00    0.00    0.18    0.00    0.00    0.00   98.54
Average:      12    1.55    0.00    2.10    0.00    0.00    0.00    0.00    0.00    0.00   96.35
Average:      13    1.00    0.00    0.73    0.00    0.00    0.00    0.00    0.00    0.00   98.27
Average:      14    1.36    0.00    0.64    0.00    0.00    0.00    0.00    0.00    0.00   98.00
Average:      15    1.01    0.00    0.27    0.09    0.00    0.00    0.00    0.00    0.00   98.63
Average:      16    2.10    0.00    0.46    0.00    0.00    0.00    0.00    0.00    0.00   97.45
Average:      17    1.91    0.00    2.09    0.09    0.00    0.09    0.00    0.00    0.00   95.82
Average:      18    1.07    0.00    0.29    0.19    0.00    0.10    0.00    0.00    0.00   98.34
Average:      19    0.73    0.00    0.37    0.18    0.00    0.09    0.00    0.00    0.00   98.63
Average:      20    0.73    0.00    0.37    0.09    0.00    0.00    0.00    0.00    0.00   98.81
Average:      21    0.82    0.00    0.37    0.09    0.00    0.09    0.00    0.00    0.00   98.63
Average:      22    0.92    0.00    0.37    0.00    0.00    0.00    0.00    0.00    0.00   98.71
Average:      23    0.92    0.00    0.28    0.09    0.00    0.09    0.00    0.00    0.00   98.62
Average:      24    1.01    0.00    0.46    0.18    0.00    0.00    0.00    0.00    0.00   98.35
Average:      25    0.82    0.00    0.73    0.00    0.00    0.00    0.00    0.00    0.00   98.44
Average:      26   10.32    0.00   17.72    0.00    0.00    0.00    0.00    0.00    0.00   71.96
Average:      27    9.70    0.00   29.79    0.00    0.00    0.00    0.00    0.00    0.00   60.52
Average:      28    0.82    0.00    0.27    0.00    0.00    0.09    0.00    0.00    0.00   98.81
Average:      29    1.00    0.00    0.18    0.09    0.00    0.00    0.00    0.00    0.00   98.72
Average:      30    1.09    0.00    0.46    0.09    0.00    0.09    0.00    0.00    0.00   98.27
Average:      31    1.10    0.00    0.18    0.09    0.00    0.00    0.00    0.00    0.00   98.63
Average:      32    1.09    0.00    0.55    0.00    0.00    0.09    0.00    0.00    0.00   98.27
Average:      33    1.37    0.00    0.46    0.09    0.00    0.00    0.00    0.00    0.00   98.08
Average:      34    0.64    0.00    0.55    0.09    0.00    0.00    0.00    0.00    0.00   98.72
Average:      35    0.82    0.00    0.37    0.00    0.00    0.09    0.00    0.00    0.00   98.72
