Linux 5.15.0-186-generic (rapids4) 	07/28/2026 	_x86_64_	(36 CPU)

01:07:47 PM  CPU    %usr   %nice    %sys %iowait    %irq   %soft  %steal  %guest  %gnice   %idle
01:07:48 PM  all    0.89    0.00    0.56    0.00    0.00    0.00    0.00    0.00    0.00   98.55
01:07:48 PM    0    1.00    0.00    1.00    0.00    0.00    0.00    0.00    0.00    0.00   98.00
01:07:48 PM    1    1.98    0.00    0.99    0.00    0.00    0.00    0.00    0.00    0.00   97.03
01:07:48 PM    2    1.00    0.00    1.00    0.00    0.00    0.00    0.00    0.00    0.00   98.00
01:07:48 PM    3    3.96    0.00    5.94    0.00    0.00    0.00    0.00    0.00    0.00   90.10
01:07:48 PM    4    0.00    0.00    1.98    0.00    0.00    0.00    0.00    0.00    0.00   98.02
01:07:48 PM    5    1.00    0.00    0.00    0.00    0.00    0.00    0.00    0.00    0.00   99.00
01:07:48 PM    6    1.01    0.00    0.00    0.00    0.00    0.00    0.00    0.00    0.00   98.99
01:07:48 PM    7    1.00    0.00    1.00    0.00    0.00    0.00    0.00    0.00    0.00   98.00
01:07:48 PM    8    1.01    0.00    0.00    0.00    0.00    0.00    0.00    0.00    0.00   98.99
01:07:48 PM    9    1.02    0.00    0.00    0.00    0.00    0.00    0.00    0.00    0.00   98.98
01:07:48 PM   10    1.01    0.00    0.00    0.00    0.00    0.00    0.00    0.00    0.00   98.99
01:07:48 PM   11    1.00    0.00    1.00    0.00    0.00    0.00    0.00    0.00    0.00   98.00
01:07:48 PM   12    1.00    0.00    1.00    0.00    0.00    0.00    0.00    0.00    0.00   98.00
01:07:48 PM   13    0.00    0.00    1.01    0.00    0.00    0.00    0.00    0.00    0.00   98.99
01:07:48 PM   14    0.99    0.00    0.99    0.00    0.00    0.00    0.00    0.00    0.00   98.02
01:07:48 PM   15    1.00    0.00    1.00    0.00    0.00    0.00    0.00    0.00    0.00   98.00
01:07:48 PM   16    1.00    0.00    0.00    0.00    0.00    0.00    0.00    0.00    0.00   99.00
01:07:48 PM   17    5.00    0.00    1.00    0.00    0.00    0.00    0.00    0.00    0.00   94.00
01:07:48 PM   18    0.00    0.00    0.00    0.00    0.00    0.00    0.00    0.00    0.00  100.00
01:07:48 PM   19    2.00    0.00    0.00    0.00    0.00    0.00    0.00    0.00    0.00   98.00
01:07:48 PM   20    1.00    0.00    0.00    0.00    0.00    0.00    0.00    0.00    0.00   99.00
01:07:48 PM   21    1.00    0.00    0.00    0.00    0.00    0.00    0.00    0.00    0.00   99.00
01:07:48 PM   22    1.01    0.00    0.00    0.00    0.00    0.00    0.00    0.00    0.00   98.99
01:07:48 PM   23    1.01    0.00    0.00    0.00    0.00    0.00    0.00    0.00    0.00   98.99
01:07:48 PM   24    0.00    0.00    0.00    0.00    0.00    0.00    0.00    0.00    0.00  100.00
01:07:48 PM   25    0.00    0.00    0.00    0.00    0.00    0.00    0.00    0.00    0.00  100.00
01:07:48 PM   26    0.00    0.00    0.00    0.00    0.00    0.00    0.00    0.00    0.00  100.00
01:07:48 PM   27    0.00    0.00    0.00    0.00    0.00    0.00    0.00    0.00    0.00  100.00
01:07:48 PM   28    0.00    0.00    0.00    0.00    0.00    0.00    0.00    0.00    0.00  100.00
01:07:48 PM   29    0.00    0.00    0.00    0.00    0.00    0.00    0.00    0.00    0.00  100.00
01:07:48 PM   30    1.00    0.00    0.00    0.00    0.00    0.00    0.00    0.00    0.00   99.00
01:07:48 PM   31    0.00    0.00    1.00    0.00    0.00    0.00    0.00    0.00    0.00   99.00
01:07:48 PM   32    0.00    0.00    0.00    0.00    0.00    0.00    0.00    0.00    0.00  100.00
01:07:48 PM   33    0.99    0.00    0.99    0.00    0.00    0.00    0.00    0.00    0.00   98.02
01:07:48 PM   34    0.00    0.00    0.00    0.00    0.00    0.00    0.00    0.00    0.00  100.00
01:07:48 PM   35    0.00    0.00    0.00    0.00    0.00    0.00    0.00    0.00    0.00  100.00

01:07:48 PM  CPU    %usr   %nice    %sys %iowait    %irq   %soft  %steal  %guest  %gnice   %idle
01:07:49 PM  all    2.00    0.00    2.31    0.08    0.00    0.11    0.00    0.00    0.00   95.49
01:07:49 PM    0    7.77    0.00    0.00    0.00    0.00    1.94    0.00    0.00    0.00   90.29
01:07:49 PM    1    0.00    0.00    0.00    0.00    0.00    2.00    0.00    0.00    0.00   98.00
01:07:49 PM    2    1.00    0.00    1.00    0.00    0.00    0.00    0.00    0.00    0.00   98.00
01:07:49 PM    3    1.00    0.00    0.00    1.00    0.00    0.00    0.00    0.00    0.00   98.00
01:07:49 PM    4    0.00    0.00    0.00    0.00    0.00    0.00    0.00    0.00    0.00  100.00
01:07:49 PM    5    1.98    0.00    0.99    0.00    0.00    0.00    0.00    0.00    0.00   97.03
01:07:49 PM    6    0.00    0.00    1.01    0.00    0.00    0.00    0.00    0.00    0.00   98.99
01:07:49 PM    7    1.02    0.00    0.00    0.00    0.00    0.00    0.00    0.00    0.00   98.98
01:07:49 PM    8    1.00    0.00    1.00    0.00    0.00    0.00    0.00    0.00    0.00   98.00
01:07:49 PM    9    1.00    0.00    1.00    0.00    0.00    0.00    0.00    0.00    0.00   98.00
01:07:49 PM   10    2.97    0.00    0.99    0.99    0.00    0.00    0.00    0.00    0.00   95.05
01:07:49 PM   11    2.97    0.00    0.99    0.00    0.00    0.00    0.00    0.00    0.00   96.04
01:07:49 PM   12    1.98    0.00    0.99    0.00    0.00    0.00    0.00    0.00    0.00   97.03
01:07:49 PM   13    1.01    0.00    0.00    0.00    0.00    0.00    0.00    0.00    0.00   98.99
01:07:49 PM   14    1.01    0.00    0.00    0.00    0.00    0.00    0.00    0.00    0.00   98.99
01:07:49 PM   15    1.00    0.00    1.00    0.00    0.00    0.00    0.00    0.00    0.00   98.00
01:07:49 PM   16    2.00    0.00    0.00    0.00    0.00    0.00    0.00    0.00    0.00   98.00
01:07:49 PM   17    1.96    0.00    0.98    0.00    0.00    0.00    0.00    0.00    0.00   97.06
01:07:49 PM   18   13.54    0.00   38.54    0.00    0.00    0.00    0.00    0.00    0.00   47.92
01:07:49 PM   19   12.63    0.00   31.58    0.00    0.00    0.00    0.00    0.00    0.00   55.79
01:07:49 PM   20    0.00    0.00    1.00    0.00    0.00    0.00    0.00    0.00    0.00   99.00
01:07:49 PM   21    1.00    0.00    0.00    0.00    0.00    0.00    0.00    0.00    0.00   99.00
01:07:49 PM   22    1.00    0.00    0.00    0.00    0.00    0.00    0.00    0.00    0.00   99.00
01:07:49 PM   23    1.00    0.00    0.00    1.00    0.00    0.00    0.00    0.00    0.00   98.00
01:07:49 PM   24    1.01    0.00    0.00    0.00    0.00    0.00    0.00    0.00    0.00   98.99
01:07:49 PM   25    0.00    0.00    0.00    0.00    0.00    0.00    0.00    0.00    0.00  100.00
01:07:49 PM   26    0.99    0.00    0.99    0.00    0.00    0.00    0.00    0.00    0.00   98.02
01:07:49 PM   27    2.00    0.00    0.00    0.00    0.00    0.00    0.00    0.00    0.00   98.00
01:07:49 PM   28    0.00    0.00    0.00    0.00    0.00    0.00    0.00    0.00    0.00  100.00
01:07:49 PM   29    1.00    0.00    1.00    0.00    0.00    0.00    0.00    0.00    0.00   98.00
01:07:49 PM   30    0.99    0.00    0.99    0.00    0.00    0.00    0.00    0.00    0.00   98.02
01:07:49 PM   31    1.98    0.00    0.00    0.00    0.00    0.00    0.00    0.00    0.00   98.02
01:07:49 PM   32    0.99    0.00    0.00    0.00    0.00    0.00    0.00    0.00    0.00   99.01
01:07:49 PM   33    1.98    0.00    0.99    0.00    0.00    0.00    0.00    0.00    0.00   97.03
01:07:49 PM   34    3.00    0.00    1.00    0.00    0.00    0.00    0.00    0.00    0.00   96.00
01:07:49 PM   35    0.00    0.00    0.00    0.00    0.00    0.00    0.00    0.00    0.00  100.00

01:07:49 PM  CPU    %usr   %nice    %sys %iowait    %irq   %soft  %steal  %guest  %gnice   %idle
01:07:50 PM  all    1.84    0.00    4.16    0.08    0.00    0.17    0.00    0.00    0.00   93.74
01:07:50 PM    0    0.00    0.00    0.00    0.00    0.00    5.88    0.00    0.00    0.00   94.12
01:07:50 PM    1    1.01    0.00    0.00    0.00    0.00    0.00    0.00    0.00    0.00   98.99
01:07:50 PM    2    0.00    0.00    1.00    1.00    0.00    0.00    0.00    0.00    0.00   98.00
01:07:50 PM    3    3.03    0.00    6.06    0.00    0.00    0.00    0.00    0.00    0.00   90.91
01:07:50 PM    4    1.01    0.00    0.00    0.00    0.00    0.00    0.00    0.00    0.00   98.99
01:07:50 PM    5    1.01    0.00    0.00    0.00    0.00    0.00    0.00    0.00    0.00   98.99
01:07:50 PM    6    1.00    0.00    0.00    0.00    0.00    0.00    0.00    0.00    0.00   99.00
01:07:50 PM    7    0.00    0.00    0.00    1.01    0.00    0.00    0.00    0.00    0.00   98.99
01:07:50 PM    8    0.00    0.00    0.00    0.00    0.00    0.00    0.00    0.00    0.00  100.00
01:07:50 PM    9    1.01    0.00    0.00    0.00    0.00    0.00    0.00    0.00    0.00   98.99
01:07:50 PM   10    1.01    0.00    1.01    0.00    0.00    0.00    0.00    0.00    0.00   97.98
01:07:50 PM   11    1.01    0.00    0.00    0.00    0.00    0.00    0.00    0.00    0.00   98.99
01:07:50 PM   12    2.02    0.00    0.00    0.00    0.00    0.00    0.00    0.00    0.00   97.98
01:07:50 PM   13    1.96    0.00    1.96    0.00    0.00    0.00    0.00    0.00    0.00   96.08
01:07:50 PM   14    1.00    0.00    2.00    0.00    0.00    0.00    0.00    0.00    0.00   97.00
01:07:50 PM   15    0.99    0.00    0.99    0.00    0.00    0.00    0.00    0.00    0.00   98.02
01:07:50 PM   16    1.00    0.00    1.00    0.00    0.00    0.00    0.00    0.00    0.00   98.00
01:07:50 PM   17    1.00    0.00    1.00    1.00    0.00    0.00    0.00    0.00    0.00   97.00
01:07:50 PM   18   25.77    0.00   70.10    0.00    0.00    0.00    0.00    0.00    0.00    4.12
01:07:50 PM   19   18.28    0.00   65.59    0.00    0.00    0.00    0.00    0.00    0.00   16.13
01:07:50 PM   20    0.00    0.00    0.00    0.00    0.00    0.00    0.00    0.00    0.00  100.00
01:07:50 PM   21    0.00    0.00    0.00    0.00    0.00    0.00    0.00    0.00    0.00  100.00
01:07:50 PM   22    0.00    0.00    1.01    0.00    0.00    0.00    0.00    0.00    0.00   98.99
01:07:50 PM   23    0.00    0.00    1.00    0.00    0.00    0.00    0.00    0.00    0.00   99.00
01:07:50 PM   24    0.00    0.00    0.00    0.00    0.00    0.00    0.00    0.00    0.00  100.00
01:07:50 PM   25    0.99    0.00    0.99    0.00    0.00    0.00    0.00    0.00    0.00   98.02
01:07:50 PM   26    0.00    0.00    1.00    0.00    0.00    0.00    0.00    0.00    0.00   99.00
01:07:50 PM   27    0.99    0.00    0.00    0.00    0.00    0.00    0.00    0.00    0.00   99.01
01:07:50 PM   28    0.00    0.00    0.00    0.00    0.00    0.00    0.00    0.00    0.00  100.00
01:07:50 PM   29    1.00    0.00    0.00    0.00    0.00    0.00    0.00    0.00    0.00   99.00
01:07:50 PM   30    0.00    0.00    0.00    0.00    0.00    0.00    0.00    0.00    0.00  100.00
01:07:50 PM   31    0.00    0.00    0.00    0.00    0.00    0.00    0.00    0.00    0.00  100.00
01:07:50 PM   32    1.00    0.00    1.00    0.00    0.00    0.00    0.00    0.00    0.00   98.00
01:07:50 PM   33    1.00    0.00    0.00    0.00    0.00    0.00    0.00    0.00    0.00   99.00
01:07:50 PM   34    0.00    0.00    0.00    0.00    0.00    0.00    0.00    0.00    0.00  100.00
01:07:50 PM   35    0.99    0.00    0.00    0.00    0.00    0.00    0.00    0.00    0.00   99.01

01:07:50 PM  CPU    %usr   %nice    %sys %iowait    %irq   %soft  %steal  %guest  %gnice   %idle
01:07:51 PM  all    1.99    0.00    4.00    0.03    0.00    0.17    0.00    0.00    0.00   93.81
01:07:51 PM    0    0.99    0.00    0.00    0.00    0.00    3.96    0.00    0.00    0.00   95.05
01:07:51 PM    1    2.00    0.00    0.00    0.00    0.00    0.00    0.00    0.00    0.00   98.00
01:07:51 PM    2    0.00    0.00    0.00    0.00    0.00    0.00    0.00    0.00    0.00  100.00
01:07:51 PM    3    2.00    0.00    4.00    0.00    0.00    1.00    0.00    0.00    0.00   93.00
01:07:51 PM    4    1.01    0.00    0.00    0.00    0.00    0.00    0.00    0.00    0.00   98.99
01:07:51 PM    5    0.00    0.00    0.00    0.00    0.00    0.00    0.00    0.00    0.00  100.00
01:07:51 PM    6    1.01    0.00    0.00    0.00    0.00    0.00    0.00    0.00    0.00   98.99
01:07:51 PM    7    1.02    0.00    0.00    0.00    0.00    0.00    0.00    0.00    0.00   98.98
01:07:51 PM    8    2.00    0.00    0.00    0.00    0.00    0.00    0.00    0.00    0.00   98.00
01:07:51 PM    9    1.01    0.00    0.00    0.00    0.00    0.00    0.00    0.00    0.00   98.99
01:07:51 PM   10    2.02    0.00    0.00    0.00    0.00    0.00    0.00    0.00    0.00   97.98
01:07:51 PM   11    1.01    0.00    0.00    0.00    0.00    0.00    0.00    0.00    0.00   98.99
01:07:51 PM   12    1.00    0.00    0.00    0.00    0.00    0.00    0.00    0.00    0.00   99.00
01:07:51 PM   13    1.01    0.00    0.00    0.00    0.00    0.00    0.00    0.00    0.00   98.99
01:07:51 PM   14    1.00    0.00    0.00    0.00    0.00    0.00    0.00    0.00    0.00   99.00
01:07:51 PM   15    1.01    0.00    0.00    0.00    0.00    0.00    0.00    0.00    0.00   98.99
01:07:51 PM   16    0.00    0.00    0.00    0.00    0.00    0.00    0.00    0.00    0.00  100.00
01:07:51 PM   17    1.01    0.00    0.00    0.00    0.00    0.00    0.00    0.00    0.00   98.99
01:07:51 PM   18   22.22    0.00   72.73    0.00    0.00    0.00    0.00    0.00    0.00    5.05
01:07:51 PM   19   21.05    0.00   63.16    0.00    0.00    0.00    0.00    0.00    0.00   15.79
01:07:51 PM   20    0.99    0.00    0.99    0.00    0.00    0.00    0.00    0.00    0.00   98.02
01:07:51 PM   21    2.00    0.00    0.00    0.00    0.00    0.00    0.00    0.00    0.00   98.00
01:07:51 PM   22    0.00    0.00    1.00    0.00    0.00    0.00    0.00    0.00    0.00   99.00
01:07:51 PM   23    1.01    0.00    0.00    0.00    0.00    0.00    0.00    0.00    0.00   98.99
01:07:51 PM   24    0.00    0.00    1.00    0.00    0.00    0.00    0.00    0.00    0.00   99.00
01:07:51 PM   25    0.99    0.00    0.99    0.00    0.00    0.00    0.00    0.00    0.00   98.02
01:07:51 PM   26    0.00    0.00    0.00    0.00    0.00    0.00    0.00    0.00    0.00  100.00
01:07:51 PM   27    0.00    0.00    0.00    0.00    0.00    0.00    0.00    0.00    0.00  100.00
01:07:51 PM   28    0.00    0.00    0.00    0.00    0.00    0.00    0.00    0.00    0.00  100.00
01:07:51 PM   29    1.00    0.00    1.00    0.00    0.00    0.00    0.00    0.00    0.00   98.00
01:07:51 PM   30    1.00    0.00    0.00    0.00    0.00    0.00    0.00    0.00    0.00   99.00
01:07:51 PM   31    1.01    0.00    0.00    0.00    0.00    0.00    0.00    0.00    0.00   98.99
01:07:51 PM   32    0.00    0.00    0.00    1.01    0.00    0.00    0.00    0.00    0.00   98.99
01:07:51 PM   33    1.00    0.00    1.00    0.00    0.00    0.00    0.00    0.00    0.00   98.00
01:07:51 PM   34    1.01    0.00    0.00    0.00    0.00    0.00    0.00    0.00    0.00   98.99
01:07:51 PM   35    0.00    0.00    0.99    0.00    0.00    0.99    0.00    0.00    0.00   98.02

01:07:51 PM  CPU    %usr   %nice    %sys %iowait    %irq   %soft  %steal  %guest  %gnice   %idle
01:07:52 PM  all    1.77    0.00    3.92    0.00    0.00    0.25    0.00    0.00    0.00   94.06
01:07:52 PM    0    0.00    0.00    0.95    0.00    0.00    7.62    0.00    0.00    0.00   91.43
01:07:52 PM    1    0.00    0.00    0.00    0.00    0.00    0.00    0.00    0.00    0.00  100.00
01:07:52 PM    2    1.01    0.00    0.00    0.00    0.00    0.00    0.00    0.00    0.00   98.99
01:07:52 PM    3    1.01    0.00    3.03    0.00    0.00    0.00    0.00    0.00    0.00   95.96
01:07:52 PM    4    0.00    0.00    0.00    0.00    0.00    0.00    0.00    0.00    0.00  100.00
01:07:52 PM    5    0.00    0.00    1.00    0.00    0.00    0.00    0.00    0.00    0.00   99.00
01:07:52 PM    6    2.00    0.00    0.00    0.00    0.00    0.00    0.00    0.00    0.00   98.00
01:07:52 PM    7    1.00    0.00    0.00    0.00    0.00    1.00    0.00    0.00    0.00   98.00
01:07:52 PM    8    1.00    0.00    2.00    0.00    0.00    0.00    0.00    0.00    0.00   97.00
01:07:52 PM    9    1.01    0.00    0.00    0.00    0.00    0.00    0.00    0.00    0.00   98.99
01:07:52 PM   10    2.02    0.00    0.00    0.00    0.00    0.00    0.00    0.00    0.00   97.98
01:07:52 PM   11    1.00    0.00    1.00    0.00    0.00    0.00    0.00    0.00    0.00   98.00
01:07:52 PM   12    1.01    0.00    0.00    0.00    0.00    0.00    0.00    0.00    0.00   98.99
01:07:52 PM   13    0.00    0.00    0.00    0.00    0.00    0.00    0.00    0.00    0.00  100.00
01:07:52 PM   14    0.00    0.00    0.00    0.00    0.00    0.00    0.00    0.00    0.00  100.00
01:07:52 PM   15    0.00    0.00    0.00    0.00    0.00    0.00    0.00    0.00    0.00  100.00
01:07:52 PM   16    0.00    0.00    0.00    0.00    0.00    0.00    0.00    0.00    0.00  100.00
01:07:52 PM   17    1.00    0.00    1.00    0.00    0.00    0.00    0.00    0.00    0.00   98.00
01:07:52 PM   18   25.00    0.00   70.83    0.00    0.00    0.00    0.00    0.00    0.00    4.17
01:07:52 PM   19   21.65    0.00   62.89    0.00    0.00    0.00    0.00    0.00    0.00   15.46
01:07:52 PM   20    0.00    0.00    1.00    0.00    0.00    0.00    0.00    0.00    0.00   99.00
01:07:52 PM   21    0.00    0.00    1.00    0.00    0.00    0.00    0.00    0.00    0.00   99.00
01:07:52 PM   22    0.00    0.00    0.00    0.00    0.00    0.00    0.00    0.00    0.00  100.00
01:07:52 PM   23    0.00    0.00    0.00    0.00    0.00    0.00    0.00    0.00    0.00  100.00
01:07:52 PM   24    0.00    0.00    0.00    0.00    0.00    0.00    0.00    0.00    0.00  100.00
01:07:52 PM   25    0.00    0.00    0.00    0.00    0.00    0.00    0.00    0.00    0.00  100.00
01:07:52 PM   26    2.97    0.00    0.00    0.00    0.00    0.00    0.00    0.00    0.00   97.03
01:07:52 PM   27    1.00    0.00    0.00    0.00    0.00    0.00    0.00    0.00    0.00   99.00
01:07:52 PM   28    1.01    0.00    0.00    0.00    0.00    0.00    0.00    0.00    0.00   98.99
01:07:52 PM   29    0.00    0.00    0.00    0.00    0.00    0.00    0.00    0.00    0.00  100.00
01:07:52 PM   30    0.00    0.00    0.00    0.00    0.00    0.00    0.00    0.00    0.00  100.00
01:07:52 PM   31    0.00    0.00    0.00    0.00    0.00    0.00    0.00    0.00    0.00  100.00
01:07:52 PM   32    0.00    0.00    0.00    0.00    0.00    0.00    0.00    0.00    0.00  100.00
01:07:52 PM   33    1.00    0.00    0.00    0.00    0.00    0.00    0.00    0.00    0.00   99.00
01:07:52 PM   34    0.00    0.00    0.00    0.00    0.00    0.00    0.00    0.00    0.00  100.00
01:07:52 PM   35    0.00    0.00    0.00    0.00    0.00    0.00    0.00    0.00    0.00  100.00

01:07:52 PM  CPU    %usr   %nice    %sys %iowait    %irq   %soft  %steal  %guest  %gnice   %idle
01:07:53 PM  all    2.43    0.00    4.66    0.06    0.00    0.39    0.00    0.00    0.00   92.47
01:07:53 PM    0    0.00    0.00    0.00    0.00    0.00   11.21    0.00    0.00    0.00   88.79
01:07:53 PM    1    0.00    0.00    1.01    0.00    0.00    0.00    0.00    0.00    0.00   98.99
01:07:53 PM    2    1.01    0.00    0.00    0.00    0.00    1.01    0.00    0.00    0.00   97.98
01:07:53 PM    3    3.00    0.00    6.00    0.00    0.00    0.00    0.00    0.00    0.00   91.00
01:07:53 PM    4    1.01    0.00    0.00    0.00    0.00    0.00    0.00    0.00    0.00   98.99
01:07:53 PM    5    2.00    0.00    1.00    0.00    0.00    0.00    0.00    0.00    0.00   97.00
01:07:53 PM    6    1.00    0.00    1.00    0.00    0.00    0.00    0.00    0.00    0.00   98.00
01:07:53 PM    7    0.00    0.00    0.00    0.00    0.00    0.00    0.00    0.00    0.00  100.00
01:07:53 PM    8    1.01    0.00    0.00    0.00    0.00    0.00    0.00    0.00    0.00   98.99
01:07:53 PM    9    1.00    0.00    1.00    0.00    0.00    0.00    0.00    0.00    0.00   98.00
01:07:53 PM   10    2.00    0.00    2.00    0.00    0.00    0.00    0.00    0.00    0.00   96.00
01:07:53 PM   11    8.00    0.00    0.00    0.00    0.00    0.00    0.00    0.00    0.00   92.00
01:07:53 PM   12    0.00    0.00    1.00    1.00    0.00    0.00    0.00    0.00    0.00   98.00
01:07:53 PM   13    0.00    0.00    0.00    0.00    0.00    0.00    0.00    0.00    0.00  100.00
01:07:53 PM   14    1.00    0.00    0.00    0.00    0.00    0.00    0.00    0.00    0.00   99.00
01:07:53 PM   15    6.12    0.00    2.04    0.00    0.00    0.00    0.00    0.00    0.00   91.84
01:07:53 PM   16    1.00    0.00    2.00    0.00    0.00    0.00    0.00    0.00    0.00   97.00
01:07:53 PM   17    2.04    0.00    0.00    0.00    0.00    0.00    0.00    0.00    0.00   97.96
01:07:53 PM   18   20.20    0.00   75.76    0.00    0.00    0.00    0.00    0.00    0.00    4.04
01:07:53 PM   19   19.80    0.00   65.35    0.00    0.00    0.00    0.00    0.00    0.00   14.85
01:07:53 PM   20    1.01    0.00    0.00    0.00    0.00    0.00    0.00    0.00    0.00   98.99
01:07:53 PM   21    2.00    0.00    0.00    0.00    0.00    0.00    0.00    0.00    0.00   98.00
01:07:53 PM   22    0.00    0.00    0.00    0.00    0.00    0.00    0.00    0.00    0.00  100.00
01:07:53 PM   23    0.00    0.00    0.00    0.00    0.00    0.00    0.00    0.00    0.00  100.00
01:07:53 PM   24    1.01    0.00    1.01    0.00    0.00    0.00    0.00    0.00    0.00   97.98
01:07:53 PM   25    0.00    0.00    0.00    0.00    0.00    0.00    0.00    0.00    0.00  100.00
01:07:53 PM   26    1.01    0.00    0.00    0.00    0.00    0.00    0.00    0.00    0.00   98.99
01:07:53 PM   27    1.00    0.00    1.00    0.00    0.00    0.00    0.00    0.00    0.00   98.00
01:07:53 PM   28    2.00    0.00    2.00    0.00    0.00    0.00    0.00    0.00    0.00   96.00
01:07:53 PM   29    1.00    0.00    0.00    1.00    0.00    1.00    0.00    0.00    0.00   97.00
01:07:53 PM   30    1.00    0.00    0.00    0.00    0.00    0.00    0.00    0.00    0.00   99.00
01:07:53 PM   31    1.00    0.00    1.00    0.00    0.00    0.00    0.00    0.00    0.00   98.00
01:07:53 PM   32    2.00    0.00    1.00    0.00    0.00    0.00    0.00    0.00    0.00   97.00
01:07:53 PM   33    2.00    0.00    1.00    0.00    0.00    0.00    0.00    0.00    0.00   97.00
01:07:53 PM   34    2.00    0.00    1.00    0.00    0.00    0.00    0.00    0.00    0.00   97.00
01:07:53 PM   35    0.00    0.00    1.02    0.00    0.00    0.00    0.00    0.00    0.00   98.98

01:07:53 PM  CPU    %usr   %nice    %sys %iowait    %irq   %soft  %steal  %guest  %gnice   %idle
01:07:54 PM  all    2.26    0.00    4.13    0.06    0.00    0.28    0.00    0.00    0.00   93.27
01:07:54 PM    0    1.87    0.00    0.00    0.00    0.00    8.41    0.00    0.00    0.00   89.72
01:07:54 PM    1    1.00    0.00    1.00    0.00    0.00    1.00    0.00    0.00    0.00   97.00
01:07:54 PM    2    1.02    0.00    0.00    0.00    0.00    0.00    0.00    0.00    0.00   98.98
01:07:54 PM    3    2.00    0.00    1.00    1.00    0.00    0.00    0.00    0.00    0.00   96.00
01:07:54 PM    4    1.01    0.00    1.01    0.00    0.00    0.00    0.00    0.00    0.00   97.98
01:07:54 PM    5    0.00    0.00    1.02    0.00    0.00    0.00    0.00    0.00    0.00   98.98
01:07:54 PM    6    1.01    0.00    0.00    0.00    0.00    0.00    0.00    0.00    0.00   98.99
01:07:54 PM    7    0.00    0.00    0.00    0.00    0.00    0.00    0.00    0.00    0.00  100.00
01:07:54 PM    8    1.00    0.00    1.00    0.00    0.00    0.00    0.00    0.00    0.00   98.00
01:07:54 PM    9    0.00    0.00    1.01    0.00    0.00    0.00    0.00    0.00    0.00   98.99
01:07:54 PM   10    2.02    0.00    0.00    0.00    0.00    0.00    0.00    0.00    0.00   97.98
01:07:54 PM   11    0.00    0.00    0.00    0.00    0.00    0.00    0.00    0.00    0.00  100.00
01:07:54 PM   12    0.00    0.00    0.00    0.00    0.00    0.00    0.00    0.00    0.00  100.00
01:07:54 PM   13    1.98    0.00    0.99    0.00    0.00    0.00    0.00    0.00    0.00   97.03
01:07:54 PM   14    1.01    0.00    1.01    0.00    0.00    0.00    0.00    0.00    0.00   97.98
01:07:54 PM   15    1.00    0.00    1.00    0.00    0.00    0.00    0.00    0.00    0.00   98.00
01:07:54 PM   16    2.00    0.00    0.00    0.00    0.00    0.00    0.00    0.00    0.00   98.00
01:07:54 PM   17    2.02    0.00    2.02    0.00    0.00    0.00    0.00    0.00    0.00   95.96
01:07:54 PM   18   24.74    0.00   71.13    0.00    0.00    0.00    0.00    0.00    0.00    4.12
01:07:54 PM   19   20.59    0.00   65.69    0.00    0.00    0.00    0.00    0.00    0.00   13.73
01:07:54 PM   20    1.01    0.00    0.00    1.01    0.00    0.00    0.00    0.00    0.00   97.98
01:07:54 PM   21    1.98    0.00    0.00    0.00    0.00    0.00    0.00    0.00    0.00   98.02
01:07:54 PM   22    0.00    0.00    0.00    0.00    0.00    0.00    0.00    0.00    0.00  100.00
01:07:54 PM   23    1.01    0.00    0.00    0.00    0.00    0.00    0.00    0.00    0.00   98.99
01:07:54 PM   24    1.96    0.00    0.98    0.00    0.00    0.00    0.00    0.00    0.00   97.06
01:07:54 PM   25    2.00    0.00    0.00    0.00    0.00    0.00    0.00    0.00    0.00   98.00
01:07:54 PM   26    0.00    0.00    0.00    0.00    0.00    0.00    0.00    0.00    0.00  100.00
01:07:54 PM   27    2.00    0.00    0.00    0.00    0.00    0.00    0.00    0.00    0.00   98.00
01:07:54 PM   28    2.00    0.00    0.00    0.00    0.00    0.00    0.00    0.00    0.00   98.00
01:07:54 PM   29    2.02    0.00    0.00    0.00    0.00    0.00    0.00    0.00    0.00   97.98
01:07:54 PM   30    0.00    0.00    0.00    0.00    0.00    0.00    0.00    0.00    0.00  100.00
01:07:54 PM   31    0.00    0.00    0.00    0.00    0.00    0.00    0.00    0.00    0.00  100.00
01:07:54 PM   32    0.00    0.00    0.00    0.00    0.00    0.00    0.00    0.00    0.00  100.00
01:07:54 PM   33    1.00    0.00    0.00    0.00    0.00    0.00    0.00    0.00    0.00   99.00
01:07:54 PM   34    0.00    0.00    0.00    0.00    0.00    0.00    0.00    0.00    0.00  100.00
01:07:54 PM   35    2.00    0.00    0.00    0.00    0.00    0.00    0.00    0.00    0.00   98.00

01:07:54 PM  CPU    %usr   %nice    %sys %iowait    %irq   %soft  %steal  %guest  %gnice   %idle
01:07:55 PM  all    1.96    0.00    4.47    0.14    0.00    0.31    0.00    0.00    0.00   93.12
01:07:55 PM    0    0.00    0.00    0.00    0.00    0.00    7.69    0.00    0.00    0.00   92.31
01:07:55 PM    1    1.01    0.00    0.00    0.00    0.00    0.00    0.00    0.00    0.00   98.99
01:07:55 PM    2    2.00    0.00    1.00    0.00    0.00    0.00    0.00    0.00    0.00   97.00
01:07:55 PM    3    6.00    0.00    8.00    0.00    0.00    0.00    0.00    0.00    0.00   86.00
01:07:55 PM    4    0.00    0.00    0.00    0.00    0.00    0.00    0.00    0.00    0.00  100.00
01:07:55 PM    5    1.98    0.00    0.99    0.00    0.00    0.99    0.00    0.00    0.00   96.04
01:07:55 PM    6    1.02    0.00    1.02    0.00    0.00    0.00    0.00    0.00    0.00   97.96
01:07:55 PM    7    0.00    0.00    0.00    1.01    0.00    0.00    0.00    0.00    0.00   98.99
01:07:55 PM    8    1.01    0.00    0.00    0.00    0.00    0.00    0.00    0.00    0.00   98.99
01:07:55 PM    9    0.00    0.00    0.00    0.00    0.00    0.00    0.00    0.00    0.00  100.00
01:07:55 PM   10    2.00    0.00    0.00    1.00    0.00    0.00    0.00    0.00    0.00   97.00
01:07:55 PM   11    1.98    0.00    0.00    1.98    0.00    0.99    0.00    0.00    0.00   95.05
01:07:55 PM   12    0.00    0.00    0.00    0.00    0.00    1.00    0.00    0.00    0.00   99.00
01:07:55 PM   13    0.00    0.00    0.00    0.00    0.00    0.00    0.00    0.00    0.00  100.00
01:07:55 PM   14    2.00    0.00    0.00    0.00    0.00    0.00    0.00    0.00    0.00   98.00
01:07:55 PM   15    0.00    0.00    0.00    0.00    0.00    0.00    0.00    0.00    0.00  100.00
01:07:55 PM   16    1.02    0.00    0.00    0.00    0.00    0.00    0.00    0.00    0.00   98.98
01:07:55 PM   17    0.00    0.00    1.01    0.00    0.00    0.00    0.00    0.00    0.00   98.99
01:07:55 PM   18   23.71    0.00   73.20    0.00    0.00    0.00    0.00    0.00    0.00    3.09
01:07:55 PM   19   18.56    0.00   65.98    0.00    0.00    0.00    0.00    0.00    0.00   15.46
01:07:55 PM   20    1.02    0.00    1.02    0.00    0.00    0.00    0.00    0.00    0.00   97.96
01:07:55 PM   21    1.01    0.00    0.00    0.00    0.00    0.00    0.00    0.00    0.00   98.99
01:07:55 PM   22    0.00    0.00    1.00    0.00    0.00    0.00    0.00    0.00    0.00   99.00
01:07:55 PM   23    0.00    0.00    0.00    0.00    0.00    0.00    0.00    0.00    0.00  100.00
01:07:55 PM   24    0.00    0.00    0.00    0.00    0.00    0.00    0.00    0.00    0.00  100.00
01:07:55 PM   25    1.00    0.00    1.00    0.00    0.00    0.00    0.00    0.00    0.00   98.00
01:07:55 PM   26    1.96    0.00    1.96    0.00    0.00    0.00    0.00    0.00    0.00   96.08
01:07:55 PM   27    0.00    0.00    1.01    0.00    0.00    0.00    0.00    0.00    0.00   98.99
01:07:55 PM   28    1.02    0.00    0.00    0.00    0.00    0.00    0.00    0.00    0.00   98.98
01:07:55 PM   29    0.00    0.00    1.01    0.00    0.00    0.00    0.00    0.00    0.00   98.99
01:07:55 PM   30    1.00    0.00    1.00    1.00    0.00    0.00    0.00    0.00    0.00   97.00
01:07:55 PM   31    1.00    0.00    1.00    0.00    0.00    0.00    0.00    0.00    0.00   98.00
01:07:55 PM   32    1.00    0.00    1.00    0.00    0.00    0.00    0.00    0.00    0.00   98.00
01:07:55 PM   33    0.00    0.00    1.00    0.00    0.00    0.00    0.00    0.00    0.00   99.00
01:07:55 PM   34    0.00    0.00    1.00    0.00    0.00    0.00    0.00    0.00    0.00   99.00
01:07:55 PM   35    0.00    0.00    1.00    0.00    0.00    0.00    0.00    0.00    0.00   99.00

01:07:55 PM  CPU    %usr   %nice    %sys %iowait    %irq   %soft  %steal  %guest  %gnice   %idle
01:07:56 PM  all    2.04    0.00    4.27    0.00    0.00    0.31    0.00    0.00    0.00   93.39
01:07:56 PM    0    0.93    0.00    1.87    0.00    0.00    8.41    0.00    0.00    0.00   88.79
01:07:56 PM    1    0.99    0.00    0.00    0.00    0.00    0.99    0.00    0.00    0.00   98.02
01:07:56 PM    2    0.00    0.00    0.00    0.00    0.00    0.00    0.00    0.00    0.00  100.00
01:07:56 PM    3    3.03    0.00    5.05    0.00    0.00    0.00    0.00    0.00    0.00   91.92
01:07:56 PM    4    0.00    0.00    1.01    0.00    0.00    0.00    0.00    0.00    0.00   98.99
01:07:56 PM    5    1.00    0.00    0.00    0.00    0.00    0.00    0.00    0.00    0.00   99.00
01:07:56 PM    6    1.01    0.00    0.00    0.00    0.00    0.00    0.00    0.00    0.00   98.99
01:07:56 PM    7    1.00    0.00    0.00    0.00    0.00    0.00    0.00    0.00    0.00   99.00
01:07:56 PM    8    1.98    0.00    0.00    0.00    0.00    0.00    0.00    0.00    0.00   98.02
01:07:56 PM    9    0.00    0.00    0.00    0.00    0.00    0.00    0.00    0.00    0.00  100.00
01:07:56 PM   10    2.02    0.00    0.00    0.00    0.00    0.00    0.00    0.00    0.00   97.98
01:07:56 PM   11    0.00    0.00    0.00    0.00    0.00    0.00    0.00    0.00    0.00  100.00
01:07:56 PM   12    1.01    0.00    0.00    0.00    0.00    0.00    0.00    0.00    0.00   98.99
01:07:56 PM   13    2.00    0.00    0.00    0.00    0.00    0.00    0.00    0.00    0.00   98.00
01:07:56 PM   14    1.01    0.00    0.00    0.00    0.00    0.00    0.00    0.00    0.00   98.99
01:07:56 PM   15    0.00    0.00    0.00    0.00    0.00    0.00    0.00    0.00    0.00  100.00
01:07:56 PM   16    1.02    0.00    0.00    0.00    0.00    0.00    0.00    0.00    0.00   98.98
01:07:56 PM   17    0.00    0.00    0.00    0.00    0.00    0.00    0.00    0.00    0.00  100.00
01:07:56 PM   18   28.00    0.00   72.00    0.00    0.00    0.00    0.00    0.00    0.00    0.00
01:07:56 PM   19   15.31    0.00   69.39    0.00    0.00    0.00    0.00    0.00    0.00   15.31
01:07:56 PM   20    0.99    0.00    0.99    0.00    0.00    0.00    0.00    0.00    0.00   98.02
01:07:56 PM   21    1.01    0.00    0.00    0.00    0.00    0.00    0.00    0.00    0.00   98.99
01:07:56 PM   22    0.00    0.00    0.00    0.00    0.00    0.00    0.00    0.00    0.00  100.00
01:07:56 PM   23    1.00    0.00    1.00    0.00    0.00    0.00    0.00    0.00    0.00   98.00
01:07:56 PM   24    0.99    0.00    0.99    0.00    0.00    0.00    0.00    0.00    0.00   98.02
01:07:56 PM   25    0.00    0.00    0.00    0.00    0.00    0.00    0.00    0.00    0.00  100.00
01:07:56 PM   26    1.98    0.00    0.00    0.00    0.00    0.00    0.00    0.00    0.00   98.02
01:07:56 PM   27    1.01    0.00    0.00    0.00    0.00    0.00    0.00    0.00    0.00   98.99
01:07:56 PM   28    0.00    0.00    0.00    0.00    0.00    0.00    0.00    0.00    0.00  100.00
01:07:56 PM   29    1.00    0.00    0.00    0.00    0.00    0.00    0.00    0.00    0.00   99.00
01:07:56 PM   30    0.00    0.00    0.00    0.00    0.00    1.01    0.00    0.00    0.00   98.99
01:07:56 PM   31    0.00    0.00    0.00    0.00    0.00    0.00    0.00    0.00    0.00  100.00
01:07:56 PM   32    0.99    0.00    0.99    0.00    0.00    0.00    0.00    0.00    0.00   98.02
01:07:56 PM   33    1.00    0.00    1.00    0.00    0.00    0.00    0.00    0.00    0.00   98.00
01:07:56 PM   34    1.00    0.00    0.00    0.00    0.00    0.00    0.00    0.00    0.00   99.00
01:07:56 PM   35    2.00    0.00    0.00    0.00    0.00    0.00    0.00    0.00    0.00   98.00

01:07:56 PM  CPU    %usr   %nice    %sys %iowait    %irq   %soft  %steal  %guest  %gnice   %idle
01:07:57 PM  all    1.84    0.00    4.26    0.11    0.00    0.28    0.00    0.00    0.00   93.52
01:07:57 PM    0    0.00    0.00    0.00    0.00    0.00    8.57    0.00    0.00    0.00   91.43
01:07:57 PM    1    0.00    0.00    0.00    0.00    0.00    1.00    0.00    0.00    0.00   99.00
01:07:57 PM    2    1.00    0.00    0.00    0.00    0.00    0.00    0.00    0.00    0.00   99.00
01:07:57 PM    3    0.00    0.00    0.00    0.00    0.00    0.00    0.00    0.00    0.00  100.00
01:07:57 PM    4    2.00    0.00    0.00    0.00    0.00    0.00    0.00    0.00    0.00   98.00
01:07:57 PM    5    1.01    0.00    0.00    0.00    0.00    0.00    0.00    0.00    0.00   98.99
01:07:57 PM    6    0.00    0.00    1.00    0.00    0.00    0.00    0.00    0.00    0.00   99.00
01:07:57 PM    7    0.00    0.00    1.00    0.00    0.00    0.00    0.00    0.00    0.00   99.00
01:07:57 PM    8    0.00    0.00    1.00    0.00    0.00    0.00    0.00    0.00    0.00   99.00
01:07:57 PM    9    0.98    0.00    0.98    0.00    0.00    0.00    0.00    0.00    0.00   98.04
01:07:57 PM   10    1.00    0.00    1.00    1.00    0.00    0.00    0.00    0.00    0.00   97.00
01:07:57 PM   11    1.98    0.00    0.99    0.00    0.00    0.00    0.00    0.00    0.00   97.03
01:07:57 PM   12    1.00    0.00    0.00    0.00    0.00    0.00    0.00    0.00    0.00   99.00
01:07:57 PM   13    0.00    0.00    0.00    0.00    0.00    0.00    0.00    0.00    0.00  100.00
01:07:57 PM   14    1.00    0.00    1.00    0.00    0.00    0.00    0.00    0.00    0.00   98.00
01:07:57 PM   15    1.01    0.00    0.00    1.01    0.00    0.00    0.00    0.00    0.00   97.98
01:07:57 PM   16    0.00    0.00    0.00    0.00    0.00    0.00    0.00    0.00    0.00  100.00
01:07:57 PM   17    0.00    0.00    0.00    0.00    0.00    0.00    0.00    0.00    0.00  100.00
01:07:57 PM   18   20.00    0.00   79.00    0.00    0.00    0.00    0.00    0.00    0.00    1.00
01:07:57 PM   19   21.78    0.00   62.38    0.00    0.00    0.00    0.00    0.00    0.00   15.84
01:07:57 PM   20    0.00    0.00    0.00    0.00    0.00    0.00    0.00    0.00    0.00  100.00
01:07:57 PM   21    1.96    0.00    0.98    0.98    0.00    0.00    0.00    0.00    0.00   96.08
01:07:57 PM   22    0.99    0.00    0.99    0.00    0.00    0.00    0.00    0.00    0.00   98.02
01:07:57 PM   23    0.00    0.00    0.00    0.00    0.00    0.00    0.00    0.00    0.00  100.00
01:07:57 PM   24    1.01    0.00    0.00    0.00    0.00    0.00    0.00    0.00    0.00   98.99
01:07:57 PM   25    0.00    0.00    0.00    0.00    0.00    0.00    0.00    0.00    0.00  100.00
01:07:57 PM   26    1.00    0.00    0.00    0.00    0.00    0.00    0.00    0.00    0.00   99.00
01:07:57 PM   27    1.01    0.00    1.01    0.00    0.00    0.00    0.00    0.00    0.00   97.98
01:07:57 PM   28    1.01    0.00    0.00    0.00    0.00    0.00    0.00    0.00    0.00   98.99
01:07:57 PM   29    0.00    0.00    1.01    0.00    0.00    0.00    0.00    0.00    0.00   98.99
01:07:57 PM   30    1.00    0.00    0.00    0.00    0.00    0.00    0.00    0.00    0.00   99.00
01:07:57 PM   31    1.00    0.00    0.00    0.00    0.00    0.00    0.00    0.00    0.00   99.00
01:07:57 PM   32    2.00    0.00    0.00    0.00    0.00    0.00    0.00    0.00    0.00   98.00
01:07:57 PM   33    2.00    0.00    0.00    1.00    0.00    0.00    0.00    0.00    0.00   97.00
01:07:57 PM   34    0.00    0.00    0.00    0.00    0.00    0.00    0.00    0.00    0.00  100.00
01:07:57 PM   35    0.00    0.00    0.00    0.00    0.00    0.00    0.00    0.00    0.00  100.00

01:07:57 PM  CPU    %usr   %nice    %sys %iowait    %irq   %soft  %steal  %guest  %gnice   %idle
01:07:58 PM  all    1.73    0.00    4.14    0.00    0.00    0.28    0.00    0.00    0.00   93.85
01:07:58 PM    0    0.00    0.00    0.00    0.00    0.00    9.43    0.00    0.00    0.00   90.57
01:07:58 PM    1    0.00    0.00    1.01    0.00    0.00    0.00    0.00    0.00    0.00   98.99
01:07:58 PM    2    0.00    0.00    0.00    0.00    0.00    0.00    0.00    0.00    0.00  100.00
01:07:58 PM    3    1.01    0.00    6.06    0.00    0.00    0.00    0.00    0.00    0.00   92.93
01:07:58 PM    4    2.00    0.00    0.00    0.00    0.00    0.00    0.00    0.00    0.00   98.00
01:07:58 PM    5    0.00    0.00    0.00    0.00    0.00    0.00    0.00    0.00    0.00  100.00
01:07:58 PM    6    0.00    0.00    0.00    0.00    0.00    0.00    0.00    0.00    0.00  100.00
01:07:58 PM    7    1.01    0.00    0.00    0.00    0.00    0.00    0.00    0.00    0.00   98.99
01:07:58 PM    8    0.00    0.00    0.00    0.00    0.00    0.00    0.00    0.00    0.00  100.00
01:07:58 PM    9    0.00    0.00    0.00    0.00    0.00    0.00    0.00    0.00    0.00  100.00
01:07:58 PM   10    1.00    0.00    1.00    0.00    0.00    0.00    0.00    0.00    0.00   98.00
01:07:58 PM   11    0.00    0.00    0.00    0.00    0.00    0.00    0.00    0.00    0.00  100.00
01:07:58 PM   12    0.00    0.00    1.01    0.00    0.00    0.00    0.00    0.00    0.00   98.99
01:07:58 PM   13    0.00    0.00    0.00    0.00    0.00    0.00    0.00    0.00    0.00  100.00
01:07:58 PM   14    0.00    0.00    0.00    0.00    0.00    0.00    0.00    0.00    0.00  100.00
01:07:58 PM   15    0.00    0.00    1.00    0.00    0.00    0.00    0.00    0.00    0.00   99.00
01:07:58 PM   16    1.00    0.00    1.00    0.00    0.00    0.00    0.00    0.00    0.00   98.00
01:07:58 PM   17    0.00    0.00    0.00    0.00    0.00    0.00    0.00    0.00    0.00  100.00
01:07:58 PM   18   31.00    0.00   69.00    0.00    0.00    0.00    0.00    0.00    0.00    0.00
01:07:58 PM   19   17.35    0.00   67.35    0.00    0.00    0.00    0.00    0.00    0.00   15.31
01:07:58 PM   20    0.00    0.00    0.00    0.00    0.00    0.00    0.00    0.00    0.00  100.00
01:07:58 PM   21    1.00    0.00    1.00    0.00    0.00    0.00    0.00    0.00    0.00   98.00
01:07:58 PM   22    1.01    0.00    0.00    0.00    0.00    0.00    0.00    0.00    0.00   98.99
01:07:58 PM   23    1.01    0.00    0.00    0.00    0.00    0.00    0.00    0.00    0.00   98.99
01:07:58 PM   24    1.00    0.00    0.00    0.00    0.00    0.00    0.00    0.00    0.00   99.00
01:07:58 PM   25    0.00    0.00    0.00    0.00    0.00    0.00    0.00    0.00    0.00  100.00
01:07:58 PM   26    0.00    0.00    0.00    0.00    0.00    0.00    0.00    0.00    0.00  100.00
01:07:58 PM   27    0.00    0.00    0.00    0.00    0.00    0.00    0.00    0.00    0.00  100.00
01:07:58 PM   28    1.00    0.00    0.00    0.00    0.00    0.00    0.00    0.00    0.00   99.00
01:07:58 PM   29    1.00    0.00    0.00    0.00    0.00    0.00    0.00    0.00    0.00   99.00
01:07:58 PM   30    0.00    0.00    0.00    0.00    0.00    0.00    0.00    0.00    0.00  100.00
01:07:58 PM   31    0.00    0.00    0.00    0.00    0.00    0.00    0.00    0.00    0.00  100.00
01:07:58 PM   32    0.00    0.00    0.00    0.00    0.00    0.00    0.00    0.00    0.00  100.00
01:07:58 PM   33    1.00    0.00    0.00    0.00    0.00    0.00    0.00    0.00    0.00   99.00
01:07:58 PM   34    0.00    0.00    0.00    0.00    0.00    0.00    0.00    0.00    0.00  100.00
01:07:58 PM   35    0.99    0.00    0.99    0.00    0.00    0.00    0.00    0.00    0.00   98.02

Average:     CPU    %usr   %nice    %sys %iowait    %irq   %soft  %steal  %guest  %gnice   %idle
Average:     all    1.89    0.00    3.72    0.05    0.00    0.23    0.00    0.00    0.00   94.12
Average:       0    1.13    0.00    0.35    0.00    0.00    6.71    0.00    0.00    0.00   91.80
Average:       1    0.73    0.00    0.36    0.00    0.00    0.46    0.00    0.00    0.00   98.45
Average:       2    0.73    0.00    0.37    0.09    0.00    0.09    0.00    0.00    0.00   98.72
Average:       3    2.37    0.00    4.11    0.18    0.00    0.09    0.00    0.00    0.00   93.25
Average:       4    0.73    0.00    0.37    0.00    0.00    0.00    0.00    0.00    0.00   98.90
Average:       5    0.91    0.00    0.46    0.00    0.00    0.09    0.00    0.00    0.00   98.54
Average:       6    0.82    0.00    0.37    0.00    0.00    0.00    0.00    0.00    0.00   98.81
Average:       7    0.55    0.00    0.18    0.18    0.00    0.09    0.00    0.00    0.00   98.99
Average:       8    0.91    0.00    0.46    0.00    0.00    0.00    0.00    0.00    0.00   98.63
Average:       9    0.64    0.00    0.37    0.00    0.00    0.00    0.00    0.00    0.00   98.99
Average:      10    1.74    0.00    0.55    0.27    0.00    0.00    0.00    0.00    0.00   97.44
Average:      11    1.74    0.00    0.37    0.18    0.00    0.09    0.00    0.00    0.00   97.63
Average:      12    0.82    0.00    0.37    0.09    0.00    0.09    0.00    0.00    0.00   98.63
Average:      13    0.73    0.00    0.37    0.00    0.00    0.00    0.00    0.00    0.00   98.90
Average:      14    0.91    0.00    0.46    0.00    0.00    0.00    0.00    0.00    0.00   98.63
Average:      15    1.10    0.00    0.64    0.09    0.00    0.00    0.00    0.00    0.00   98.17
Average:      16    0.92    0.00    0.37    0.00    0.00    0.00    0.00    0.00    0.00   98.72
Average:      17    1.28    0.00    0.64    0.09    0.00    0.00    0.00    0.00    0.00   97.99
Average:      18   21.28    0.00   62.90    0.00    0.00    0.00    0.00    0.00    0.00   15.82
Average:      19   17.18    0.00   56.27    0.00    0.00    0.00    0.00    0.00    0.00   26.56
Average:      20    0.55    0.00    0.46    0.09    0.00    0.00    0.00    0.00    0.00   98.90
Average:      21    1.18    0.00    0.27    0.09    0.00    0.00    0.00    0.00    0.00   98.45
Average:      22    0.37    0.00    0.37    0.00    0.00    0.00    0.00    0.00    0.00   99.27
Average:      23    0.55    0.00    0.18    0.09    0.00    0.00    0.00    0.00    0.00   99.18
Average:      24    0.64    0.00    0.36    0.00    0.00    0.00    0.00    0.00    0.00   99.00
Average:      25    0.46    0.00    0.27    0.00    0.00    0.00    0.00    0.00    0.00   99.27
Average:      26    0.91    0.00    0.36    0.00    0.00    0.00    0.00    0.00    0.00   98.72
Average:      27    0.82    0.00    0.27    0.00    0.00    0.00    0.00    0.00    0.00   98.90
Average:      28    0.73    0.00    0.18    0.00    0.00    0.00    0.00    0.00    0.00   99.08
Average:      29    0.73    0.00    0.37    0.09    0.00    0.09    0.00    0.00    0.00   98.72
Average:      30    0.55    0.00    0.18    0.09    0.00    0.09    0.00    0.00    0.00   99.09
Average:      31    0.55    0.00    0.27    0.00    0.00    0.00    0.00    0.00    0.00   99.18
Average:      32    0.73    0.00    0.36    0.09    0.00    0.00    0.00    0.00    0.00   98.81
Average:      33    1.18    0.00    0.54    0.09    0.00    0.00    0.00    0.00    0.00   98.19
Average:      34    0.64    0.00    0.27    0.00    0.00    0.00    0.00    0.00    0.00   99.09
Average:      35    0.55    0.00    0.36    0.00    0.00    0.09    0.00    0.00    0.00   99.00
