Linux 5.15.0-186-generic (rapids4) 	07/28/2026 	_x86_64_	(36 CPU)

01:05:46 PM  CPU    %usr   %nice    %sys %iowait    %irq   %soft  %steal  %guest  %gnice   %idle
01:05:47 PM  all    1.81    0.00    2.37    0.08    0.00    1.42    0.00    0.00    0.00   94.32
01:05:47 PM    0    2.00    0.00    1.00    0.00    0.00    2.00    0.00    0.00    0.00   95.00
01:05:47 PM    1    1.00    0.00    0.00    0.00    0.00    2.00    0.00    0.00    0.00   97.00
01:05:47 PM    2    2.97    0.00    0.99    0.00    0.00    0.00    0.00    0.00    0.00   96.04
01:05:47 PM    3    1.98    0.00    6.93    0.99    0.00    0.99    0.00    0.00    0.00   89.11
01:05:47 PM    4    1.02    0.00    0.00    1.02    0.00    0.00    0.00    0.00    0.00   97.96
01:05:47 PM    5    3.00    0.00    1.00    0.00    0.00    0.00    0.00    0.00    0.00   96.00
01:05:47 PM    6    1.02    0.00    0.00    0.00    0.00    0.00    0.00    0.00    0.00   98.98
01:05:47 PM    7    0.00    0.00    1.00    0.00    0.00    1.00    0.00    0.00    0.00   98.00
01:05:47 PM    8    0.99    0.00    1.98    0.00    0.00    0.00    0.00    0.00    0.00   97.03
01:05:47 PM    9    1.01    0.00    0.00    0.00    0.00    0.00    0.00    0.00    0.00   98.99
01:05:47 PM   10    1.01    0.00    0.00    0.00    0.00    0.00    0.00    0.00    0.00   98.99
01:05:47 PM   11    1.98    0.00    0.99    0.99    0.00    0.00    0.00    0.00    0.00   96.04
01:05:47 PM   12    3.03    0.00    0.00    0.00    0.00    0.00    0.00    0.00    0.00   96.97
01:05:47 PM   13    2.94    0.00    0.98    0.00    0.00    0.00    0.00    0.00    0.00   96.08
01:05:47 PM   14    1.01    0.00    1.01    0.00    0.00    0.00    0.00    0.00    0.00   97.98
01:05:47 PM   15    3.00    0.00    0.00    0.00    0.00    0.00    0.00    0.00    0.00   97.00
01:05:47 PM   16    2.00    0.00    1.00    0.00    0.00    0.00    0.00    0.00    0.00   97.00
01:05:47 PM   17    2.00    0.00    1.00    0.00    0.00    0.00    0.00    0.00    0.00   97.00
01:05:47 PM   18    2.02    0.00    0.00    0.00    0.00    0.00    0.00    0.00    0.00   97.98
01:05:47 PM   19    3.00    0.00    1.00    0.00    0.00    0.00    0.00    0.00    0.00   96.00
01:05:47 PM   20    7.29    0.00   36.46    0.00    0.00   23.96    0.00    0.00    0.00   32.29
01:05:47 PM   21    2.06    0.00   22.68    0.00    0.00   22.68    0.00    0.00    0.00   52.58
01:05:47 PM   22    1.98    0.00    0.99    0.00    0.00    0.00    0.00    0.00    0.00   97.03
01:05:47 PM   23    2.00    0.00    0.00    0.00    0.00    0.00    0.00    0.00    0.00   98.00
01:05:47 PM   24    0.99    0.00    0.99    0.00    0.00    0.00    0.00    0.00    0.00   98.02
01:05:47 PM   25    2.00    0.00    0.00    0.00    0.00    0.00    0.00    0.00    0.00   98.00
01:05:47 PM   26    0.00    0.00    1.01    0.00    0.00    0.00    0.00    0.00    0.00   98.99
01:05:47 PM   27    0.00    0.00    1.00    0.00    0.00    0.00    0.00    0.00    0.00   99.00
01:05:47 PM   28    1.01    0.00    0.00    0.00    0.00    0.00    0.00    0.00    0.00   98.99
01:05:47 PM   29    1.98    0.00    0.99    0.00    0.00    0.00    0.00    0.00    0.00   97.03
01:05:47 PM   30    1.98    0.00    0.99    0.00    0.00    0.00    0.00    0.00    0.00   97.03
01:05:47 PM   31    2.00    0.00    0.00    0.00    0.00    0.00    0.00    0.00    0.00   98.00
01:05:47 PM   32    1.00    0.00    1.00    0.00    0.00    0.00    0.00    0.00    0.00   98.00
01:05:47 PM   33    2.00    0.00    0.00    0.00    0.00    0.00    0.00    0.00    0.00   98.00
01:05:47 PM   34    1.01    0.00    0.00    0.00    0.00    0.00    0.00    0.00    0.00   98.99
01:05:47 PM   35    0.99    0.00    1.98    0.00    0.00    0.00    0.00    0.00    0.00   97.03

01:05:47 PM  CPU    %usr   %nice    %sys %iowait    %irq   %soft  %steal  %guest  %gnice   %idle
01:05:48 PM  all    0.76    0.00    2.16    0.03    0.00    1.66    0.00    0.00    0.00   95.40
01:05:48 PM    0    0.99    0.00    0.99    0.00    0.00    3.96    0.00    0.00    0.00   94.06
01:05:48 PM    1    2.00    0.00    0.00    0.00    0.00    1.00    0.00    0.00    0.00   97.00
01:05:48 PM    2    0.00    0.00    0.00    0.00    0.00    0.00    0.00    0.00    0.00  100.00
01:05:48 PM    3    0.00    0.00    1.01    0.00    0.00    0.00    0.00    0.00    0.00   98.99
01:05:48 PM    4    0.00    0.00    0.00    0.00    0.00    0.00    0.00    0.00    0.00  100.00
01:05:48 PM    5    2.02    0.00    0.00    0.00    0.00    1.01    0.00    0.00    0.00   96.97
01:05:48 PM    6    2.00    0.00    1.00    0.00    0.00    0.00    0.00    0.00    0.00   97.00
01:05:48 PM    7    1.01    0.00    0.00    0.00    0.00    0.00    0.00    0.00    0.00   98.99
01:05:48 PM    8    1.02    0.00    0.00    0.00    0.00    0.00    0.00    0.00    0.00   98.98
01:05:48 PM    9    0.00    0.00    1.01    0.00    0.00    0.00    0.00    0.00    0.00   98.99
01:05:48 PM   10    0.00    0.00    0.00    0.00    0.00    0.00    0.00    0.00    0.00  100.00
01:05:48 PM   11    0.00    0.00    0.00    1.01    0.00    0.00    0.00    0.00    0.00   98.99
01:05:48 PM   12    1.01    0.00    0.00    0.00    0.00    0.00    0.00    0.00    0.00   98.99
01:05:48 PM   13    2.00    0.00    1.00    0.00    0.00    0.00    0.00    0.00    0.00   97.00
01:05:48 PM   14    1.00    0.00    1.00    0.00    0.00    0.00    0.00    0.00    0.00   98.00
01:05:48 PM   15    1.98    0.00    1.98    0.00    0.00    0.00    0.00    0.00    0.00   96.04
01:05:48 PM   16    0.00    0.00    0.00    0.00    0.00    0.00    0.00    0.00    0.00  100.00
01:05:48 PM   17    1.00    0.00    0.00    0.00    0.00    0.00    0.00    0.00    0.00   99.00
01:05:48 PM   18    0.99    0.00    0.99    0.00    0.00    0.00    0.00    0.00    0.00   98.02
01:05:48 PM   19    0.00    0.00    0.00    0.00    0.00    0.00    0.00    0.00    0.00  100.00
01:05:48 PM   20    4.49    0.00   40.45    0.00    0.00   33.71    0.00    0.00    0.00   21.35
01:05:48 PM   21    0.00    0.00   29.35    0.00    0.00   23.91    0.00    0.00    0.00   46.74
01:05:48 PM   22    0.00    0.00    0.00    0.00    0.00    0.00    0.00    0.00    0.00  100.00
01:05:48 PM   23    0.00    0.00    0.00    0.00    0.00    0.00    0.00    0.00    0.00  100.00
01:05:48 PM   24    1.01    0.00    0.00    0.00    0.00    0.00    0.00    0.00    0.00   98.99
01:05:48 PM   25    1.00    0.00    0.00    0.00    0.00    0.00    0.00    0.00    0.00   99.00
01:05:48 PM   26    0.99    0.00    0.99    0.00    0.00    0.00    0.00    0.00    0.00   98.02
01:05:48 PM   27    0.00    0.00    0.00    0.00    0.00    0.00    0.00    0.00    0.00  100.00
01:05:48 PM   28    0.00    0.00    0.00    0.00    0.00    1.00    0.00    0.00    0.00   99.00
01:05:48 PM   29    1.00    0.00    1.00    0.00    0.00    0.00    0.00    0.00    0.00   98.00
01:05:48 PM   30    0.00    0.00    0.00    0.00    0.00    0.00    0.00    0.00    0.00  100.00
01:05:48 PM   31    0.00    0.00    1.00    0.00    0.00    0.00    0.00    0.00    0.00   99.00
01:05:48 PM   32    0.00    0.00    1.00    0.00    0.00    0.00    0.00    0.00    0.00   99.00
01:05:48 PM   33    0.00    0.00    1.00    0.00    0.00    0.00    0.00    0.00    0.00   99.00
01:05:48 PM   34    1.01    0.00    0.00    0.00    0.00    0.00    0.00    0.00    0.00   98.99
01:05:48 PM   35    1.00    0.00    0.00    0.00    0.00    0.00    0.00    0.00    0.00   99.00

01:05:48 PM  CPU    %usr   %nice    %sys %iowait    %irq   %soft  %steal  %guest  %gnice   %idle
01:05:49 PM  all    1.09    0.00    1.99    0.08    0.00    1.76    0.00    0.00    0.00   95.08
01:05:49 PM    0    0.00    0.00    0.00    0.98    0.00    3.92    0.00    0.00    0.00   95.10
01:05:49 PM    1    1.00    0.00    1.00    0.00    0.00    0.00    0.00    0.00    0.00   98.00
01:05:49 PM    2    0.00    0.00    0.00    0.00    0.00    0.00    0.00    0.00    0.00  100.00
01:05:49 PM    3    3.00    0.00    6.00    0.00    0.00    0.00    0.00    0.00    0.00   91.00
01:05:49 PM    4    1.00    0.00    1.00    0.00    0.00    0.00    0.00    0.00    0.00   98.00
01:05:49 PM    5    4.95    0.00    0.00    0.00    0.00    0.00    0.00    0.00    0.00   95.05
01:05:49 PM    6    0.00    0.00    0.00    1.01    0.00    0.00    0.00    0.00    0.00   98.99
01:05:49 PM    7    1.01    0.00    0.00    0.00    0.00    0.00    0.00    0.00    0.00   98.99
01:05:49 PM    8    1.98    0.00    0.00    0.00    0.00    0.00    0.00    0.00    0.00   98.02
01:05:49 PM    9    0.00    0.00    0.00    0.00    0.00    0.00    0.00    0.00    0.00  100.00
01:05:49 PM   10    1.01    0.00    0.00    0.00    0.00    0.00    0.00    0.00    0.00   98.99
01:05:49 PM   11    1.00    0.00    0.00    0.00    0.00    0.00    0.00    0.00    0.00   99.00
01:05:49 PM   12    1.00    0.00    0.00    0.00    0.00    0.00    0.00    0.00    0.00   99.00
01:05:49 PM   13    1.00    0.00    0.00    0.00    0.00    0.00    0.00    0.00    0.00   99.00
01:05:49 PM   14    0.00    0.00    0.00    0.00    0.00    0.00    0.00    0.00    0.00  100.00
01:05:49 PM   15    1.01    0.00    0.00    0.00    0.00    0.00    0.00    0.00    0.00   98.99
01:05:49 PM   16    2.00    0.00    0.00    0.00    0.00    0.00    0.00    0.00    0.00   98.00
01:05:49 PM   17    1.00    0.00    0.00    0.00    0.00    0.00    0.00    0.00    0.00   99.00
01:05:49 PM   18    0.98    0.00    0.98    0.98    0.00    0.00    0.00    0.00    0.00   97.06
01:05:49 PM   19    0.99    0.00    0.99    0.00    0.00    0.00    0.00    0.00    0.00   98.02
01:05:49 PM   20    6.45    0.00   40.86    0.00    0.00   31.18    0.00    0.00    0.00   21.51
01:05:49 PM   21    2.15    0.00   19.35    0.00    0.00   32.26    0.00    0.00    0.00   46.24
01:05:49 PM   22    0.00    0.00    1.00    0.00    0.00    0.00    0.00    0.00    0.00   99.00
01:05:49 PM   23    1.01    0.00    0.00    0.00    0.00    0.00    0.00    0.00    0.00   98.99
01:05:49 PM   24    0.99    0.00    0.99    0.00    0.00    0.00    0.00    0.00    0.00   98.02
01:05:49 PM   25    0.00    0.00    0.00    0.00    0.00    0.00    0.00    0.00    0.00  100.00
01:05:49 PM   26    1.00    0.00    0.00    0.00    0.00    0.00    0.00    0.00    0.00   99.00
01:05:49 PM   27    1.00    0.00    1.00    0.00    0.00    0.00    0.00    0.00    0.00   98.00
01:05:49 PM   28    1.98    0.00    0.99    0.00    0.00    0.00    0.00    0.00    0.00   97.03
01:05:49 PM   29    0.00    0.00    0.00    0.00    0.00    0.00    0.00    0.00    0.00  100.00
01:05:49 PM   30    0.00    0.00    1.01    0.00    0.00    0.00    0.00    0.00    0.00   98.99
01:05:49 PM   31    0.00    0.00    0.00    0.00    0.00    0.00    0.00    0.00    0.00  100.00
01:05:49 PM   32    1.01    0.00    0.00    0.00    0.00    0.00    0.00    0.00    0.00   98.99
01:05:49 PM   33    1.00    0.00    0.00    0.00    0.00    0.00    0.00    0.00    0.00   99.00
01:05:49 PM   34    0.00    0.00    0.00    0.00    0.00    0.00    0.00    0.00    0.00  100.00
01:05:49 PM   35    0.00    0.00    0.00    0.00    0.00    0.00    0.00    0.00    0.00  100.00

01:05:49 PM  CPU    %usr   %nice    %sys %iowait    %irq   %soft  %steal  %guest  %gnice   %idle
01:05:50 PM  all    0.90    0.00    2.19    0.00    0.00    1.77    0.00    0.00    0.00   95.14
01:05:50 PM    0    0.99    0.00    0.00    0.00    0.00    3.96    0.00    0.00    0.00   95.05
01:05:50 PM    1    1.01    0.00    0.00    0.00    0.00    0.00    0.00    0.00    0.00   98.99
01:05:50 PM    2    2.97    0.00    0.99    0.00    0.00    0.00    0.00    0.00    0.00   96.04
01:05:50 PM    3    3.00    0.00    6.00    0.00    0.00    0.00    0.00    0.00    0.00   91.00
01:05:50 PM    4    0.00    0.00    0.00    0.00    0.00    0.00    0.00    0.00    0.00  100.00
01:05:50 PM    5    2.04    0.00    0.00    0.00    0.00    0.00    0.00    0.00    0.00   97.96
01:05:50 PM    6    0.00    0.00    0.00    0.00    0.00    0.00    0.00    0.00    0.00  100.00
01:05:50 PM    7    0.00    0.00    1.01    0.00    0.00    0.00    0.00    0.00    0.00   98.99
01:05:50 PM    8    1.01    0.00    0.00    0.00    0.00    0.00    0.00    0.00    0.00   98.99
01:05:50 PM    9    1.01    0.00    0.00    0.00    0.00    0.00    0.00    0.00    0.00   98.99
01:05:50 PM   10    0.99    0.00    1.98    0.00    0.00    0.00    0.00    0.00    0.00   97.03
01:05:50 PM   11    0.00    0.00    1.02    0.00    0.00    0.00    0.00    0.00    0.00   98.98
01:05:50 PM   12    1.00    0.00    1.00    0.00    0.00    0.00    0.00    0.00    0.00   98.00
01:05:50 PM   13    0.00    0.00    1.01    0.00    0.00    0.00    0.00    0.00    0.00   98.99
01:05:50 PM   14    2.00    0.00    0.00    0.00    0.00    0.00    0.00    0.00    0.00   98.00
01:05:50 PM   15    0.00    0.00    1.01    0.00    0.00    0.00    0.00    0.00    0.00   98.99
01:05:50 PM   16    0.00    0.00    0.00    0.00    0.00    0.00    0.00    0.00    0.00  100.00
01:05:50 PM   17    0.00    0.00    0.00    0.00    0.00    1.00    0.00    0.00    0.00   99.00
01:05:50 PM   18    1.00    0.00    0.00    0.00    0.00    0.00    0.00    0.00    0.00   99.00
01:05:50 PM   19    1.01    0.00    0.00    0.00    0.00    0.00    0.00    0.00    0.00   98.99
01:05:50 PM   20    4.35    0.00   39.13    0.00    0.00   34.78    0.00    0.00    0.00   21.74
01:05:50 PM   21    3.26    0.00   22.83    0.00    0.00   28.26    0.00    0.00    0.00   45.65
01:05:50 PM   22    1.00    0.00    1.00    0.00    0.00    0.00    0.00    0.00    0.00   98.00
01:05:50 PM   23    0.00    0.00    0.00    0.00    0.00    0.00    0.00    0.00    0.00  100.00
01:05:50 PM   24    1.01    0.00    0.00    0.00    0.00    0.00    0.00    0.00    0.00   98.99
01:05:50 PM   25    0.99    0.00    0.99    0.00    0.00    0.00    0.00    0.00    0.00   98.02
01:05:50 PM   26    0.00    0.00    1.00    0.00    0.00    0.00    0.00    0.00    0.00   99.00
01:05:50 PM   27    0.00    0.00    0.00    0.00    0.00    0.00    0.00    0.00    0.00  100.00
01:05:50 PM   28    0.00    0.00    1.01    0.00    0.00    0.00    0.00    0.00    0.00   98.99
01:05:50 PM   29    0.00    0.00    0.00    0.00    0.00    0.00    0.00    0.00    0.00  100.00
01:05:50 PM   30    1.00    0.00    1.00    0.00    0.00    0.00    0.00    0.00    0.00   98.00
01:05:50 PM   31    1.01    0.00    0.00    0.00    0.00    0.00    0.00    0.00    0.00   98.99
01:05:50 PM   32    0.00    0.00    0.00    0.00    0.00    0.00    0.00    0.00    0.00  100.00
01:05:50 PM   33    0.00    0.00    1.01    0.00    0.00    0.00    0.00    0.00    0.00   98.99
01:05:50 PM   34    1.00    0.00    1.00    0.00    0.00    0.00    0.00    0.00    0.00   98.00
01:05:50 PM   35    1.00    0.00    0.00    0.00    0.00    0.00    0.00    0.00    0.00   99.00

01:05:50 PM  CPU    %usr   %nice    %sys %iowait    %irq   %soft  %steal  %guest  %gnice   %idle
01:05:51 PM  all    0.95    0.00    2.26    0.11    0.00    1.79    0.00    0.00    0.00   94.89
01:05:51 PM    0    0.00    0.00    0.00    0.00    0.00    4.95    0.00    0.00    0.00   95.05
01:05:51 PM    1    0.00    0.00    0.00    0.00    0.00    0.00    0.00    0.00    0.00  100.00
01:05:51 PM    2    0.00    0.00    0.00    0.00    0.00    0.00    0.00    0.00    0.00  100.00
01:05:51 PM    3    1.01    0.00    0.00    0.00    0.00    0.00    0.00    0.00    0.00   98.99
01:05:51 PM    4    1.01    0.00    0.00    1.01    0.00    0.00    0.00    0.00    0.00   97.98
01:05:51 PM    5    2.04    0.00    0.00    0.00    0.00    0.00    0.00    0.00    0.00   97.96
01:05:51 PM    6    0.00    0.00    1.00    0.00    0.00    0.00    0.00    0.00    0.00   99.00
01:05:51 PM    7    2.00    0.00    0.00    0.00    0.00    0.00    0.00    0.00    0.00   98.00
01:05:51 PM    8    1.98    0.00    0.99    0.99    0.00    0.00    0.00    0.00    0.00   96.04
01:05:51 PM    9    0.00    0.00    0.00    0.00    0.00    0.00    0.00    0.00    0.00  100.00
01:05:51 PM   10    1.00    0.00    0.00    0.00    0.00    0.00    0.00    0.00    0.00   99.00
01:05:51 PM   11    1.96    0.00    0.00    0.00    0.00    0.98    0.00    0.00    0.00   97.06
01:05:51 PM   12    1.01    0.00    0.00    0.00    0.00    0.00    0.00    0.00    0.00   98.99
01:05:51 PM   13    2.00    0.00    0.00    0.00    0.00    0.00    0.00    0.00    0.00   98.00
01:05:51 PM   14    1.01    0.00    0.00    0.00    0.00    0.00    0.00    0.00    0.00   98.99
01:05:51 PM   15    1.00    0.00    1.00    0.00    0.00    0.00    0.00    0.00    0.00   98.00
01:05:51 PM   16    1.00    0.00    0.00    0.00    0.00    0.00    0.00    0.00    0.00   99.00
01:05:51 PM   17    0.00    0.00    0.00    0.00    0.00    0.00    0.00    0.00    0.00  100.00
01:05:51 PM   18    2.00    0.00    0.00    1.00    0.00    0.00    0.00    0.00    0.00   97.00
01:05:51 PM   19    0.99    0.00    0.99    0.00    0.00    0.00    0.00    0.00    0.00   98.02
01:05:51 PM   20    3.09    0.00   43.30    0.00    0.00   35.05    0.00    0.00    0.00   18.56
01:05:51 PM   21    1.03    0.00   30.93    0.00    0.00   24.74    0.00    0.00    0.00   43.30
01:05:51 PM   22    1.01    0.00    0.00    0.00    0.00    0.00    0.00    0.00    0.00   98.99
01:05:51 PM   23    1.00    0.00    0.00    0.00    0.00    0.00    0.00    0.00    0.00   99.00
01:05:51 PM   24    0.00    0.00    0.00    0.00    0.00    0.00    0.00    0.00    0.00  100.00
01:05:51 PM   25    0.00    0.00    0.00    0.00    0.00    0.00    0.00    0.00    0.00  100.00
01:05:51 PM   26    0.00    0.00    0.00    0.00    0.00    0.00    0.00    0.00    0.00  100.00
01:05:51 PM   27    0.99    0.00    0.99    0.00    0.00    0.00    0.00    0.00    0.00   98.02
01:05:51 PM   28    0.00    0.00    0.00    0.00    0.00    0.00    0.00    0.00    0.00  100.00
01:05:51 PM   29    1.00    0.00    1.00    0.00    0.00    0.00    0.00    0.00    0.00   98.00
01:05:51 PM   30    1.00    0.00    0.00    0.00    0.00    0.00    0.00    0.00    0.00   99.00
01:05:51 PM   31    0.00    0.00    1.00    0.00    0.00    0.00    0.00    0.00    0.00   99.00
01:05:51 PM   32    0.99    0.00    0.99    0.00    0.00    0.00    0.00    0.00    0.00   98.02
01:05:51 PM   33    2.00    0.00    1.00    0.00    0.00    0.00    0.00    0.00    0.00   97.00
01:05:51 PM   34    2.00    0.00    0.00    1.00    0.00    0.00    0.00    0.00    0.00   97.00
01:05:51 PM   35    0.00    0.00    0.00    0.00    0.00    0.00    0.00    0.00    0.00  100.00

01:05:51 PM  CPU    %usr   %nice    %sys %iowait    %irq   %soft  %steal  %guest  %gnice   %idle
01:05:52 PM  all    0.87    0.00    2.02    0.00    0.00    2.04    0.00    0.00    0.00   95.07
01:05:52 PM    0    1.00    0.00    0.00    0.00    0.00    3.00    0.00    0.00    0.00   96.00
01:05:52 PM    1    1.01    0.00    0.00    0.00    0.00    0.00    0.00    0.00    0.00   98.99
01:05:52 PM    2    0.00    0.00    0.00    0.00    0.00    0.00    0.00    0.00    0.00  100.00
01:05:52 PM    3    0.00    0.00    0.00    0.00    0.00    0.00    0.00    0.00    0.00  100.00
01:05:52 PM    4    1.01    0.00    0.00    0.00    0.00    0.00    0.00    0.00    0.00   98.99
01:05:52 PM    5    6.93    0.00    0.99    0.00    0.00    0.00    0.00    0.00    0.00   92.08
01:05:52 PM    6    1.00    0.00    0.00    0.00    0.00    0.00    0.00    0.00    0.00   99.00
01:05:52 PM    7    0.00    0.00    1.00    0.00    0.00    0.00    0.00    0.00    0.00   99.00
01:05:52 PM    8    0.00    0.00    0.00    0.00    0.00    0.00    0.00    0.00    0.00  100.00
01:05:52 PM    9    1.00    0.00    0.00    0.00    0.00    0.00    0.00    0.00    0.00   99.00
01:05:52 PM   10    2.02    0.00    0.00    0.00    0.00    0.00    0.00    0.00    0.00   97.98
01:05:52 PM   11    2.02    0.00    6.06    0.00    0.00    0.00    0.00    0.00    0.00   91.92
01:05:52 PM   12    1.00    0.00    1.00    0.00    0.00    0.00    0.00    0.00    0.00   98.00
01:05:52 PM   13    0.00    0.00    2.00    0.00    0.00    0.00    0.00    0.00    0.00   98.00
01:05:52 PM   14    1.01    0.00    0.00    0.00    0.00    0.00    0.00    0.00    0.00   98.99
01:05:52 PM   15    0.00    0.00    0.00    0.00    0.00    0.00    0.00    0.00    0.00  100.00
01:05:52 PM   16    1.01    0.00    0.00    0.00    0.00    0.00    0.00    0.00    0.00   98.99
01:05:52 PM   17    1.00    0.00    1.00    0.00    0.00    0.00    0.00    0.00    0.00   98.00
01:05:52 PM   18    0.00    0.00    0.00    0.00    0.00    0.00    0.00    0.00    0.00  100.00
01:05:52 PM   19    0.00    0.00    1.00    0.00    0.00    0.00    0.00    0.00    0.00   99.00
01:05:52 PM   20    5.15    0.00   38.14    0.00    0.00   39.18    0.00    0.00    0.00   17.53
01:05:52 PM   21    3.09    0.00   20.62    0.00    0.00   32.99    0.00    0.00    0.00   43.30
01:05:52 PM   22    0.00    0.00    0.00    0.00    0.00    0.00    0.00    0.00    0.00  100.00
01:05:52 PM   23    0.00    0.00    0.00    0.00    0.00    0.00    0.00    0.00    0.00  100.00
01:05:52 PM   24    1.01    0.00    0.00    0.00    0.00    0.00    0.00    0.00    0.00   98.99
01:05:52 PM   25    0.00    0.00    0.00    0.00    0.00    0.00    0.00    0.00    0.00  100.00
01:05:52 PM   26    1.01    0.00    0.00    0.00    0.00    0.00    0.00    0.00    0.00   98.99
01:05:52 PM   27    0.00    0.00    0.00    0.00    0.00    0.00    0.00    0.00    0.00  100.00
01:05:52 PM   28    0.00    0.00    0.00    0.00    0.00    0.00    0.00    0.00    0.00  100.00
01:05:52 PM   29    0.00    0.00    0.99    0.00    0.00    0.00    0.00    0.00    0.00   99.01
01:05:52 PM   30    0.00    0.00    0.00    0.00    0.00    0.00    0.00    0.00    0.00  100.00
01:05:52 PM   31    1.00    0.00    1.00    0.00    0.00    0.00    0.00    0.00    0.00   98.00
01:05:52 PM   32    0.00    0.00    0.00    0.00    0.00    0.00    0.00    0.00    0.00  100.00
01:05:52 PM   33    0.00    0.00    0.00    0.00    0.00    0.00    0.00    0.00    0.00  100.00
01:05:52 PM   34    0.00    0.00    0.00    0.00    0.00    0.00    0.00    0.00    0.00  100.00
01:05:52 PM   35    0.00    0.00    0.00    0.00    0.00    0.00    0.00    0.00    0.00  100.00

01:05:52 PM  CPU    %usr   %nice    %sys %iowait    %irq   %soft  %steal  %guest  %gnice   %idle
01:05:53 PM  all    1.38    0.00    2.70    0.11    0.00    1.83    0.00    0.00    0.00   93.99
01:05:53 PM    0    1.00    0.00    1.00    0.00    0.00    3.00    0.00    0.00    0.00   95.00
01:05:53 PM    1    0.99    0.00    0.99    0.00    0.00    2.97    0.00    0.00    0.00   95.05
01:05:53 PM    2    2.06    0.00    0.00    0.00    0.00    0.00    0.00    0.00    0.00   97.94
01:05:53 PM    3    3.00    0.00    2.00    0.00    0.00    0.00    0.00    0.00    0.00   95.00
01:05:53 PM    4    0.00    0.00    2.02    0.00    0.00    0.00    0.00    0.00    0.00   97.98
01:05:53 PM    5    5.05    0.00    1.01    0.00    0.00    0.00    0.00    0.00    0.00   93.94
01:05:53 PM    6    4.00    0.00    1.00    0.00    0.00    0.00    0.00    0.00    0.00   95.00
01:05:53 PM    7    1.02    0.00    2.04    1.02    0.00    0.00    0.00    0.00    0.00   95.92
01:05:53 PM    8    1.01    0.00    1.01    0.00    0.00    0.00    0.00    0.00    0.00   97.98
01:05:53 PM    9    1.02    0.00    1.02    0.00    0.00    0.00    0.00    0.00    0.00   97.96
01:05:53 PM   10    1.01    0.00    1.01    0.00    0.00    0.00    0.00    0.00    0.00   97.98
01:05:53 PM   11    2.02    0.00    8.08    0.00    0.00    0.00    0.00    0.00    0.00   89.90
01:05:53 PM   12    1.98    0.00    0.99    0.00    0.00    0.99    0.00    0.00    0.00   96.04
01:05:53 PM   13    3.03    0.00    0.00    1.01    0.00    0.00    0.00    0.00    0.00   95.96
01:05:53 PM   14    4.04    0.00    1.01    0.00    0.00    0.00    0.00    0.00    0.00   94.95
01:05:53 PM   15    3.00    0.00    1.00    0.00    0.00    0.00    0.00    0.00    0.00   96.00
01:05:53 PM   16    0.00    0.00    1.02    0.00    0.00    0.00    0.00    0.00    0.00   98.98
01:05:53 PM   17    2.04    0.00    0.00    0.00    0.00    0.00    0.00    0.00    0.00   97.96
01:05:53 PM   18    0.00    0.00    0.00    0.00    0.00    0.00    0.00    0.00    0.00  100.00
01:05:53 PM   19    0.00    0.00    0.00    0.00    0.00    0.00    0.00    0.00    0.00  100.00
01:05:53 PM   20    4.40    0.00   43.96    0.00    0.00   32.97    0.00    0.00    0.00   18.68
01:05:53 PM   21    2.08    0.00   27.08    0.00    0.00   29.17    0.00    0.00    0.00   41.67
01:05:53 PM   22    1.00    0.00    1.00    0.00    0.00    0.00    0.00    0.00    0.00   98.00
01:05:53 PM   23    0.00    0.00    1.00    0.00    0.00    0.00    0.00    0.00    0.00   99.00
01:05:53 PM   24    0.00    0.00    0.00    0.00    0.00    0.00    0.00    0.00    0.00  100.00
01:05:53 PM   25    0.00    0.00    0.00    0.00    0.00    0.00    0.00    0.00    0.00  100.00
01:05:53 PM   26    1.01    0.00    0.00    0.00    0.00    0.00    0.00    0.00    0.00   98.99
01:05:53 PM   27    0.00    0.00    0.00    0.00    0.00    0.00    0.00    0.00    0.00  100.00
01:05:53 PM   28    0.00    0.00    0.00    0.00    0.00    0.00    0.00    0.00    0.00  100.00
01:05:53 PM   29    1.01    0.00    0.00    0.00    0.00    0.00    0.00    0.00    0.00   98.99
01:05:53 PM   30    0.99    0.00    0.00    0.00    0.00    0.00    0.00    0.00    0.00   99.01
01:05:53 PM   31    0.99    0.00    0.99    0.00    0.00    0.00    0.00    0.00    0.00   98.02
01:05:53 PM   32    1.00    0.00    0.00    1.00    0.00    0.00    0.00    0.00    0.00   98.00
01:05:53 PM   33    0.00    0.00    1.01    0.00    0.00    0.00    0.00    0.00    0.00   98.99
01:05:53 PM   34    0.00    0.00    0.00    0.00    0.00    0.00    0.00    0.00    0.00  100.00
01:05:53 PM   35    1.00    0.00    1.00    1.00    0.00    0.00    0.00    0.00    0.00   97.00

01:05:53 PM  CPU    %usr   %nice    %sys %iowait    %irq   %soft  %steal  %guest  %gnice   %idle
01:05:54 PM  all    0.84    0.00    2.05    0.06    0.00    1.88    0.00    0.00    0.00   95.17
01:05:54 PM    0    0.97    0.00    0.00    0.00    0.00    5.83    0.00    0.00    0.00   93.20
01:05:54 PM    1    2.00    0.00    1.00    0.00    0.00    0.00    0.00    0.00    0.00   97.00
01:05:54 PM    2    0.00    0.00    0.00    0.00    0.00    0.00    0.00    0.00    0.00  100.00
01:05:54 PM    3    1.00    0.00    0.00    0.00    0.00    0.00    0.00    0.00    0.00   99.00
01:05:54 PM    4    2.02    0.00    0.00    0.00    0.00    0.00    0.00    0.00    0.00   97.98
01:05:54 PM    5    4.04    0.00    0.00    0.00    0.00    0.00    0.00    0.00    0.00   95.96
01:05:54 PM    6    0.00    0.00    1.01    0.00    0.00    0.00    0.00    0.00    0.00   98.99
01:05:54 PM    7    2.02    0.00    0.00    0.00    0.00    0.00    0.00    0.00    0.00   97.98
01:05:54 PM    8    1.02    0.00    0.00    0.00    0.00    0.00    0.00    0.00    0.00   98.98
01:05:54 PM    9    0.00    0.00    0.00    0.00    0.00    0.00    0.00    0.00    0.00  100.00
01:05:54 PM   10    1.01    0.00    0.00    0.00    0.00    0.00    0.00    0.00    0.00   98.99
01:05:54 PM   11    1.01    0.00    0.00    0.00    0.00    0.00    0.00    0.00    0.00   98.99
01:05:54 PM   12    0.00    0.00    0.00    0.00    0.00    0.00    0.00    0.00    0.00  100.00
01:05:54 PM   13    0.00    0.00    0.00    0.00    0.00    0.00    0.00    0.00    0.00  100.00
01:05:54 PM   14    0.00    0.00    0.00    0.00    0.00    0.00    0.00    0.00    0.00  100.00
01:05:54 PM   15    0.00    0.00    1.01    0.00    0.00    0.00    0.00    0.00    0.00   98.99
01:05:54 PM   16    0.00    0.00    0.00    0.00    0.00    0.00    0.00    0.00    0.00  100.00
01:05:54 PM   17    1.01    0.00    0.00    1.01    0.00    0.00    0.00    0.00    0.00   97.98
01:05:54 PM   18    0.00    0.00    0.00    0.00    0.00    0.00    0.00    0.00    0.00  100.00
01:05:54 PM   19    0.00    0.00    0.00    0.00    0.00    0.00    0.00    0.00    0.00  100.00
01:05:54 PM   20    1.12    0.00   46.07    0.00    0.00   34.83    0.00    0.00    0.00   17.98
01:05:54 PM   21    2.04    0.00   25.51    0.00    0.00   30.61    0.00    0.00    0.00   41.84
01:05:54 PM   22    1.00    0.00    1.00    0.00    0.00    0.00    0.00    0.00    0.00   98.00
01:05:54 PM   23    1.00    0.00    1.00    0.00    0.00    0.00    0.00    0.00    0.00   98.00
01:05:54 PM   24    1.00    0.00    0.00    0.00    0.00    0.00    0.00    0.00    0.00   99.00
01:05:54 PM   25    1.98    0.00    0.00    0.00    0.00    0.00    0.00    0.00    0.00   98.02
01:05:54 PM   26    0.00    0.00    0.00    0.00    0.00    0.00    0.00    0.00    0.00  100.00
01:05:54 PM   27    1.01    0.00    0.00    0.00    0.00    0.00    0.00    0.00    0.00   98.99
01:05:54 PM   28    1.00    0.00    0.00    0.00    0.00    0.00    0.00    0.00    0.00   99.00
01:05:54 PM   29    0.00    0.00    0.00    0.00    0.00    0.00    0.00    0.00    0.00  100.00
01:05:54 PM   30    0.00    0.00    0.00    0.00    0.00    0.00    0.00    0.00    0.00  100.00
01:05:54 PM   31    3.00    0.00    0.00    0.00    0.00    0.00    0.00    0.00    0.00   97.00
01:05:54 PM   32    0.00    0.00    0.00    1.02    0.00    0.00    0.00    0.00    0.00   98.98
01:05:54 PM   33    0.00    0.00    1.00    0.00    0.00    0.00    0.00    0.00    0.00   99.00
01:05:54 PM   34    0.00    0.00    0.00    0.00    0.00    0.00    0.00    0.00    0.00  100.00
01:05:54 PM   35    1.00    0.00    1.00    0.00    0.00    0.00    0.00    0.00    0.00   98.00

01:05:54 PM  CPU    %usr   %nice    %sys %iowait    %irq   %soft  %steal  %guest  %gnice   %idle
01:05:55 PM  all    1.26    0.00    2.36    0.06    0.00    2.02    0.00    0.00    0.00   94.31
01:05:55 PM    0    0.99    0.00    0.99    0.00    0.00    3.96    0.00    0.00    0.00   94.06
01:05:55 PM    1    0.00    0.00    0.00    0.00    0.00    1.02    0.00    0.00    0.00   98.98
01:05:55 PM    2    2.04    0.00    0.00    0.00    0.00    0.00    0.00    0.00    0.00   97.96
01:05:55 PM    3    0.00    0.00    0.00    0.00    0.00    0.00    0.00    0.00    0.00  100.00
01:05:55 PM    4    3.00    0.00    0.00    0.00    0.00    0.00    0.00    0.00    0.00   97.00
01:05:55 PM    5    4.08    0.00    0.00    0.00    0.00    0.00    0.00    0.00    0.00   95.92
01:05:55 PM    6    2.02    0.00    0.00    0.00    0.00    0.00    0.00    0.00    0.00   97.98
01:05:55 PM    7    1.01    0.00    0.00    0.00    0.00    0.00    0.00    0.00    0.00   98.99
01:05:55 PM    8    0.00    0.00    1.01    0.00    0.00    0.00    0.00    0.00    0.00   98.99
01:05:55 PM    9    0.00    0.00    1.01    0.00    0.00    0.00    0.00    0.00    0.00   98.99
01:05:55 PM   10    2.02    0.00    0.00    0.00    0.00    0.00    0.00    0.00    0.00   97.98
01:05:55 PM   11    2.00    0.00    8.00    0.00    0.00    0.00    0.00    0.00    0.00   90.00
01:05:55 PM   12    2.00    0.00    0.00    0.00    0.00    0.00    0.00    0.00    0.00   98.00
01:05:55 PM   13    1.00    0.00    1.00    0.00    0.00    0.00    0.00    0.00    0.00   98.00
01:05:55 PM   14    1.98    0.00    0.99    0.00    0.00    0.00    0.00    0.00    0.00   97.03
01:05:55 PM   15    0.00    0.00    1.00    0.00    0.00    0.00    0.00    0.00    0.00   99.00
01:05:55 PM   16    0.99    0.00    0.99    0.99    0.00    0.00    0.00    0.00    0.00   97.03
01:05:55 PM   17    1.00    0.00    1.00    0.00    0.00    0.00    0.00    0.00    0.00   98.00
01:05:55 PM   18    1.96    0.00    1.96    0.00    0.00    0.00    0.00    0.00    0.00   96.08
01:05:55 PM   19    2.00    0.00    0.00    0.00    0.00    0.00    0.00    0.00    0.00   98.00
01:05:55 PM   20    3.19    0.00   42.55    0.00    0.00   37.23    0.00    0.00    0.00   17.02
01:05:55 PM   21    2.06    0.00   23.71    0.00    0.00   32.99    0.00    0.00    0.00   41.24
01:05:55 PM   22    0.00    0.00    1.02    0.00    0.00    0.00    0.00    0.00    0.00   98.98
01:05:55 PM   23    1.01    0.00    0.00    0.00    0.00    0.00    0.00    0.00    0.00   98.99
01:05:55 PM   24    1.02    0.00    0.00    0.00    0.00    0.00    0.00    0.00    0.00   98.98
01:05:55 PM   25    0.00    0.00    1.01    0.00    0.00    0.00    0.00    0.00    0.00   98.99
01:05:55 PM   26    0.00    0.00    0.00    0.00    0.00    0.00    0.00    0.00    0.00  100.00
01:05:55 PM   27    0.00    0.00    0.00    0.00    0.00    0.00    0.00    0.00    0.00  100.00
01:05:55 PM   28    1.01    0.00    0.00    0.00    0.00    0.00    0.00    0.00    0.00   98.99
01:05:55 PM   29    0.00    0.00    0.00    0.00    0.00    0.00    0.00    0.00    0.00  100.00
01:05:55 PM   30    3.00    0.00    0.00    0.00    0.00    0.00    0.00    0.00    0.00   97.00
01:05:55 PM   31    0.00    0.00    0.00    0.00    0.00    0.00    0.00    0.00    0.00  100.00
01:05:55 PM   32    1.01    0.00    0.00    0.00    0.00    0.00    0.00    0.00    0.00   98.99
01:05:55 PM   33    1.02    0.00    0.00    1.02    0.00    0.00    0.00    0.00    0.00   97.96
01:05:55 PM   34    3.00    0.00    1.00    0.00    0.00    0.00    0.00    0.00    0.00   96.00
01:05:55 PM   35    1.01    0.00    0.00    0.00    0.00    0.00    0.00    0.00    0.00   98.99

01:05:55 PM  CPU    %usr   %nice    %sys %iowait    %irq   %soft  %steal  %guest  %gnice   %idle
01:05:56 PM  all    1.20    0.00    2.12    0.03    0.00    2.09    0.00    0.00    0.00   94.55
01:05:56 PM    0    0.00    0.00    0.00    0.00    0.00    8.57    0.00    0.00    0.00   91.43
01:05:56 PM    1    2.02    0.00    0.00    0.00    0.00    0.00    0.00    0.00    0.00   97.98
01:05:56 PM    2    0.00    0.00    0.00    0.00    0.00    0.00    0.00    0.00    0.00  100.00
01:05:56 PM    3    2.00    0.00    2.00    0.00    0.00    0.00    0.00    0.00    0.00   96.00
01:05:56 PM    4    2.02    0.00    0.00    0.00    0.00    0.00    0.00    0.00    0.00   97.98
01:05:56 PM    5    3.96    0.00    0.99    0.00    0.00    0.00    0.00    0.00    0.00   95.05
01:05:56 PM    6    1.01    0.00    1.01    0.00    0.00    0.00    0.00    0.00    0.00   97.98
01:05:56 PM    7    2.02    0.00    0.00    0.00    0.00    0.00    0.00    0.00    0.00   97.98
01:05:56 PM    8    2.00    0.00    0.00    0.00    0.00    0.00    0.00    0.00    0.00   98.00
01:05:56 PM    9    1.00    0.00    1.00    0.00    0.00    0.00    0.00    0.00    0.00   98.00
01:05:56 PM   10    2.00    0.00    0.00    0.00    0.00    0.00    0.00    0.00    0.00   98.00
01:05:56 PM   11    0.00    0.00    0.00    0.00    0.00    0.00    0.00    0.00    0.00  100.00
01:05:56 PM   12    1.01    0.00    0.00    0.00    0.00    0.00    0.00    0.00    0.00   98.99
01:05:56 PM   13    0.00    0.00    0.00    0.00    0.00    0.00    0.00    0.00    0.00  100.00
01:05:56 PM   14    1.01    0.00    0.00    0.00    0.00    0.00    0.00    0.00    0.00   98.99
01:05:56 PM   15    2.00    0.00    0.00    0.00    0.00    0.00    0.00    0.00    0.00   98.00
01:05:56 PM   16    2.00    0.00    0.00    0.00    0.00    0.00    0.00    0.00    0.00   98.00
01:05:56 PM   17    1.00    0.00    1.00    0.00    0.00    0.00    0.00    0.00    0.00   98.00
01:05:56 PM   18    0.00    0.00    0.00    0.00    0.00    0.00    0.00    0.00    0.00  100.00
01:05:56 PM   19    0.00    0.00    0.00    0.00    0.00    0.00    0.00    0.00    0.00  100.00
01:05:56 PM   20    6.19    0.00   40.21    0.00    0.00   38.14    0.00    0.00    0.00   15.46
01:05:56 PM   21    4.08    0.00   24.49    0.00    0.00   29.59    0.00    0.00    0.00   41.84
01:05:56 PM   22    1.00    0.00    0.00    0.00    0.00    0.00    0.00    0.00    0.00   99.00
01:05:56 PM   23    0.00    0.00    1.01    0.00    0.00    0.00    0.00    0.00    0.00   98.99
01:05:56 PM   24    0.00    0.00    0.00    0.00    0.00    0.00    0.00    0.00    0.00  100.00
01:05:56 PM   25    0.00    0.00    1.98    0.00    0.00    0.00    0.00    0.00    0.00   98.02
01:05:56 PM   26    1.98    0.00    0.99    0.00    0.00    0.00    0.00    0.00    0.00   97.03
01:05:56 PM   27    0.00    0.00    1.00    0.00    0.00    0.00    0.00    0.00    0.00   99.00
01:05:56 PM   28    0.00    0.00    0.00    0.00    0.00    0.00    0.00    0.00    0.00  100.00
01:05:56 PM   29    1.00    0.00    0.00    0.00    0.00    0.00    0.00    0.00    0.00   99.00
01:05:56 PM   30    1.00    0.00    0.00    0.00    0.00    0.00    0.00    0.00    0.00   99.00
01:05:56 PM   31    0.00    0.00    0.00    0.00    0.00    0.00    0.00    0.00    0.00  100.00
01:05:56 PM   32    1.00    0.00    0.00    0.00    0.00    0.00    0.00    0.00    0.00   99.00
01:05:56 PM   33    1.00    0.00    0.00    0.00    0.00    0.00    0.00    0.00    0.00   99.00
01:05:56 PM   34    1.01    0.00    2.02    0.00    0.00    0.00    0.00    0.00    0.00   96.97
01:05:56 PM   35    0.00    0.00    0.00    1.01    0.00    0.00    0.00    0.00    0.00   98.99

Average:     CPU    %usr   %nice    %sys %iowait    %irq   %soft  %steal  %guest  %gnice   %idle
Average:     all    1.11    0.00    2.22    0.06    0.00    1.83    0.00    0.00    0.00   94.79
Average:       0    0.79    0.00    0.39    0.10    0.00    4.34    0.00    0.00    0.00   94.38
Average:       1    1.11    0.00    0.30    0.00    0.00    0.70    0.00    0.00    0.00   97.89
Average:       2    1.01    0.00    0.20    0.00    0.00    0.00    0.00    0.00    0.00   98.78
Average:       3    1.51    0.00    2.41    0.10    0.00    0.10    0.00    0.00    0.00   95.88
Average:       4    1.11    0.00    0.30    0.20    0.00    0.00    0.00    0.00    0.00   98.38
Average:       5    3.82    0.00    0.40    0.00    0.00    0.10    0.00    0.00    0.00   95.67
Average:       6    1.11    0.00    0.50    0.10    0.00    0.00    0.00    0.00    0.00   98.29
Average:       7    1.01    0.00    0.50    0.10    0.00    0.10    0.00    0.00    0.00   98.29
Average:       8    1.11    0.00    0.50    0.10    0.00    0.00    0.00    0.00    0.00   98.29
Average:       9    0.51    0.00    0.40    0.00    0.00    0.00    0.00    0.00    0.00   99.09
Average:      10    1.21    0.00    0.30    0.00    0.00    0.00    0.00    0.00    0.00   98.49
Average:      11    1.21    0.00    2.41    0.20    0.00    0.10    0.00    0.00    0.00   96.08
Average:      12    1.31    0.00    0.30    0.00    0.00    0.10    0.00    0.00    0.00   98.29
Average:      13    1.20    0.00    0.60    0.10    0.00    0.00    0.00    0.00    0.00   98.09
Average:      14    1.31    0.00    0.40    0.00    0.00    0.00    0.00    0.00    0.00   98.29
Average:      15    1.20    0.00    0.70    0.00    0.00    0.00    0.00    0.00    0.00   98.09
Average:      16    0.91    0.00    0.30    0.10    0.00    0.00    0.00    0.00    0.00   98.69
Average:      17    1.00    0.00    0.40    0.10    0.00    0.10    0.00    0.00    0.00   98.39
Average:      18    0.90    0.00    0.40    0.20    0.00    0.00    0.00    0.00    0.00   98.50
Average:      19    0.80    0.00    0.40    0.00    0.00    0.00    0.00    0.00    0.00   98.79
Average:      20    4.60    0.00   41.07    0.00    0.00   34.12    0.00    0.00    0.00   20.21
Average:      21    2.19    0.00   24.66    0.00    0.00   28.74    0.00    0.00    0.00   44.41
Average:      22    0.70    0.00    0.60    0.00    0.00    0.00    0.00    0.00    0.00   98.69
Average:      23    0.60    0.00    0.30    0.00    0.00    0.00    0.00    0.00    0.00   99.09
Average:      24    0.70    0.00    0.20    0.00    0.00    0.00    0.00    0.00    0.00   99.09
Average:      25    0.60    0.00    0.40    0.00    0.00    0.00    0.00    0.00    0.00   99.00
Average:      26    0.60    0.00    0.40    0.00    0.00    0.00    0.00    0.00    0.00   99.00
Average:      27    0.30    0.00    0.40    0.00    0.00    0.00    0.00    0.00    0.00   99.30
Average:      28    0.50    0.00    0.20    0.00    0.00    0.10    0.00    0.00    0.00   99.19
Average:      29    0.60    0.00    0.40    0.00    0.00    0.00    0.00    0.00    0.00   98.99
Average:      30    0.90    0.00    0.30    0.00    0.00    0.00    0.00    0.00    0.00   98.80
Average:      31    0.80    0.00    0.40    0.00    0.00    0.00    0.00    0.00    0.00   98.80
Average:      32    0.60    0.00    0.30    0.20    0.00    0.00    0.00    0.00    0.00   98.89
Average:      33    0.70    0.00    0.50    0.10    0.00    0.00    0.00    0.00    0.00   98.69
Average:      34    0.91    0.00    0.40    0.10    0.00    0.00    0.00    0.00    0.00   98.59
Average:      35    0.60    0.00    0.40    0.20    0.00    0.00    0.00    0.00    0.00   98.79
