Linux 5.15.0-186-generic (rapids4) 	07/28/2026 	_x86_64_	(36 CPU)

01:13:44 PM  CPU    %usr   %nice    %sys %iowait    %irq   %soft  %steal  %guest  %gnice   %idle
01:13:45 PM  all    1.31    0.00    2.48    0.06    0.00    2.34    0.00    0.00    0.00   93.81
01:13:45 PM    0    2.68    0.00    0.00    0.00    0.00   11.61    0.00    0.00    0.00   85.71
01:13:45 PM    1    2.00    0.00    1.00    0.00    0.00    0.00    0.00    0.00    0.00   97.00
01:13:45 PM    2    2.94    0.00    0.98    0.00    0.00    0.00    0.00    0.00    0.00   96.08
01:13:45 PM    3    1.01    0.00    0.00    1.01    0.00    0.00    0.00    0.00    0.00   97.98
01:13:45 PM    4    3.00    0.00    0.00    0.00    0.00    0.00    0.00    0.00    0.00   97.00
01:13:45 PM    5    1.00    0.00    1.00    0.00    0.00    0.00    0.00    0.00    0.00   98.00
01:13:45 PM    6    1.00    0.00    2.00    0.00    0.00    0.00    0.00    0.00    0.00   97.00
01:13:45 PM    7    0.00    0.00    0.00    0.00    0.00    0.00    0.00    0.00    0.00  100.00
01:13:45 PM    8    1.98    0.00    0.00    0.00    0.00    0.00    0.00    0.00    0.00   98.02
01:13:45 PM    9    1.01    0.00    0.00    0.00    0.00    0.00    0.00    0.00    0.00   98.99
01:13:45 PM   10    0.00    0.00    0.00    0.00    0.00    0.00    0.00    0.00    0.00  100.00
01:13:45 PM   11    1.01    0.00    0.00    0.00    0.00    0.00    0.00    0.00    0.00   98.99
01:13:45 PM   12    0.99    0.00    1.98    0.00    0.00    0.00    0.00    0.00    0.00   97.03
01:13:45 PM   13    1.98    0.00    0.00    0.00    0.00    0.00    0.00    0.00    0.00   98.02
01:13:45 PM   14    1.00    0.00    1.00    0.00    0.00    0.00    0.00    0.00    0.00   98.00
01:13:45 PM   15    1.98    0.00    0.99    0.00    0.00    0.00    0.00    0.00    0.00   97.03
01:13:45 PM   16    2.97    0.00    0.99    0.00    0.00    0.00    0.00    0.00    0.00   96.04
01:13:45 PM   17    0.00    0.00    0.00    0.00    0.00    0.00    0.00    0.00    0.00  100.00
01:13:45 PM   18    1.02    0.00    1.02    0.00    0.00    0.00    0.00    0.00    0.00   97.96
01:13:45 PM   19    1.01    0.00    0.00    0.00    0.00    0.00    0.00    0.00    0.00   98.99
01:13:45 PM   20    7.07    0.00   41.41    0.00    0.00   36.36    0.00    0.00    0.00   15.15
01:13:45 PM   21    3.16    0.00   31.58    0.00    0.00   36.84    0.00    0.00    0.00   28.42
01:13:45 PM   22    0.00    0.00    0.00    0.00    0.00    0.00    0.00    0.00    0.00  100.00
01:13:45 PM   23    1.01    0.00    0.00    0.00    0.00    0.00    0.00    0.00    0.00   98.99
01:13:45 PM   24    0.00    0.00    0.00    0.00    0.00    0.00    0.00    0.00    0.00  100.00
01:13:45 PM   25    1.01    0.00    1.01    0.00    0.00    0.00    0.00    0.00    0.00   97.98
01:13:45 PM   26    0.00    0.00    0.00    0.00    0.00    0.00    0.00    0.00    0.00  100.00
01:13:45 PM   27    0.99    0.00    0.99    0.00    0.00    0.00    0.00    0.00    0.00   98.02
01:13:45 PM   28    0.00    0.00    0.00    0.00    0.00    0.00    0.00    0.00    0.00  100.00
01:13:45 PM   29    1.02    0.00    2.04    0.00    0.00    0.00    0.00    0.00    0.00   96.94
01:13:45 PM   30    0.00    0.00    1.01    0.00    0.00    0.00    0.00    0.00    0.00   98.99
01:13:45 PM   31    0.00    0.00    0.00    0.00    0.00    0.00    0.00    0.00    0.00  100.00
01:13:45 PM   32    0.00    0.00    1.01    1.01    0.00    0.00    0.00    0.00    0.00   97.98
01:13:45 PM   33    1.00    0.00    0.00    0.00    0.00    0.00    0.00    0.00    0.00   99.00
01:13:45 PM   34    2.00    0.00    1.00    0.00    0.00    0.00    0.00    0.00    0.00   97.00
01:13:45 PM   35    1.02    0.00    0.00    0.00    0.00    0.00    0.00    0.00    0.00   98.98

01:13:45 PM  CPU    %usr   %nice    %sys %iowait    %irq   %soft  %steal  %guest  %gnice   %idle
01:13:46 PM  all    1.33    0.00    3.14    0.03    0.00    2.78    0.00    0.00    0.00   92.72
01:13:46 PM    0    2.70    0.00    0.00    0.00    0.00   13.51    0.00    0.00    0.00   83.78
01:13:46 PM    1    0.99    0.00    0.99    0.00    0.00    0.99    0.00    0.00    0.00   97.03
01:13:46 PM    2    1.01    0.00    0.00    0.00    0.00    0.00    0.00    0.00    0.00   98.99
01:13:46 PM    3    1.98    0.00    0.99    0.99    0.00    0.00    0.00    0.00    0.00   96.04
01:13:46 PM    4    2.00    0.00    1.00    0.00    0.00    0.00    0.00    0.00    0.00   97.00
01:13:46 PM    5    1.00    0.00    1.00    0.00    0.00    0.00    0.00    0.00    0.00   98.00
01:13:46 PM    6    1.01    0.00    0.00    0.00    0.00    0.00    0.00    0.00    0.00   98.99
01:13:46 PM    7    0.99    0.00    1.98    0.00    0.00    0.00    0.00    0.00    0.00   97.03
01:13:46 PM    8    2.00    0.00    1.00    0.00    0.00    0.00    0.00    0.00    0.00   97.00
01:13:46 PM    9    3.03    0.00    6.06    0.00    0.00    0.00    0.00    0.00    0.00   90.91
01:13:46 PM   10    2.00    0.00    2.00    0.00    0.00    0.00    0.00    0.00    0.00   96.00
01:13:46 PM   11    0.00    0.00    0.00    0.00    0.00    1.01    0.00    0.00    0.00   98.99
01:13:46 PM   12    2.00    0.00    0.00    0.00    0.00    0.00    0.00    0.00    0.00   98.00
01:13:46 PM   13    2.02    0.00    0.00    0.00    0.00    0.00    0.00    0.00    0.00   97.98
01:13:46 PM   14    1.98    0.00    0.00    0.00    0.00    0.00    0.00    0.00    0.00   98.02
01:13:46 PM   15    1.00    0.00    1.00    0.00    0.00    0.00    0.00    0.00    0.00   98.00
01:13:46 PM   16    3.00    0.00    0.00    0.00    0.00    0.00    0.00    0.00    0.00   97.00
01:13:46 PM   17    0.00    0.00    1.01    0.00    0.00    0.00    0.00    0.00    0.00   98.99
01:13:46 PM   18    0.00    0.00    0.00    0.00    0.00    0.00    0.00    0.00    0.00  100.00
01:13:46 PM   19    0.00    0.00    0.00    0.00    0.00    0.00    0.00    0.00    0.00  100.00
01:13:46 PM   20    8.00    0.00   52.00    0.00    0.00   40.00    0.00    0.00    0.00    0.00
01:13:46 PM   21    4.17    0.00   37.50    0.00    0.00   44.79    0.00    0.00    0.00   13.54
01:13:46 PM   22    0.00    0.00    1.01    0.00    0.00    0.00    0.00    0.00    0.00   98.99
01:13:46 PM   23    0.99    0.00    0.99    0.00    0.00    0.00    0.00    0.00    0.00   98.02
01:13:46 PM   24    0.00    0.00    0.00    0.00    0.00    0.00    0.00    0.00    0.00  100.00
01:13:46 PM   25    1.98    0.00    0.99    0.00    0.00    0.00    0.00    0.00    0.00   97.03
01:13:46 PM   26    1.00    0.00    0.00    0.00    0.00    0.00    0.00    0.00    0.00   99.00
01:13:46 PM   27    0.00    0.00    0.99    0.00    0.00    0.00    0.00    0.00    0.00   99.01
01:13:46 PM   28    0.00    0.00    1.00    0.00    0.00    0.00    0.00    0.00    0.00   99.00
01:13:46 PM   29    0.00    0.00    0.00    0.00    0.00    0.00    0.00    0.00    0.00  100.00
01:13:46 PM   30    1.00    0.00    0.00    0.00    0.00    0.00    0.00    0.00    0.00   99.00
01:13:46 PM   31    0.00    0.00    0.00    0.00    0.00    0.00    0.00    0.00    0.00  100.00
01:13:46 PM   32    0.00    0.00    0.00    0.00    0.00    0.00    0.00    0.00    0.00  100.00
01:13:46 PM   33    0.00    0.00    1.01    0.00    0.00    0.00    0.00    0.00    0.00   98.99
01:13:46 PM   34    0.99    0.00    0.99    0.00    0.00    0.00    0.00    0.00    0.00   98.02
01:13:46 PM   35    0.99    0.00    0.99    0.00    0.00    0.00    0.00    0.00    0.00   98.02

01:13:46 PM  CPU    %usr   %nice    %sys %iowait    %irq   %soft  %steal  %guest  %gnice   %idle
01:13:47 PM  all    1.31    0.00    2.81    0.06    0.00    2.84    0.00    0.00    0.00   92.98
01:13:47 PM    0    3.57    0.00    0.00    0.00    0.00   13.39    0.00    0.00    0.00   83.04
01:13:47 PM    1    1.94    0.00    0.97    0.00    0.00    2.91    0.00    0.00    0.00   94.17
01:13:47 PM    2    1.98    0.00    1.98    0.00    0.00    0.00    0.00    0.00    0.00   96.04
01:13:47 PM    3    0.99    0.00    1.98    0.00    0.00    0.99    0.00    0.00    0.00   96.04
01:13:47 PM    4    1.02    0.00    1.02    0.00    0.00    0.00    0.00    0.00    0.00   97.96
01:13:47 PM    5    2.00    0.00    0.00    0.00    0.00    0.00    0.00    0.00    0.00   98.00
01:13:47 PM    6    1.00    0.00    1.00    0.00    0.00    0.00    0.00    0.00    0.00   98.00
01:13:47 PM    7    2.00    0.00    0.00    0.00    0.00    0.00    0.00    0.00    0.00   98.00
01:13:47 PM    8    0.00    0.00    0.00    0.00    0.00    0.00    0.00    0.00    0.00  100.00
01:13:47 PM    9    2.00    0.00    7.00    1.00    0.00    1.00    0.00    0.00    0.00   89.00
01:13:47 PM   10    1.01    0.00    0.00    0.00    0.00    0.00    0.00    0.00    0.00   98.99
01:13:47 PM   11    1.01    0.00    0.00    0.00    0.00    0.00    0.00    0.00    0.00   98.99
01:13:47 PM   12    0.00    0.00    0.00    0.00    0.00    0.00    0.00    0.00    0.00  100.00
01:13:47 PM   13    1.01    0.00    0.00    0.00    0.00    0.00    0.00    0.00    0.00   98.99
01:13:47 PM   14    0.00    0.00    2.00    1.00    0.00    0.00    0.00    0.00    0.00   97.00
01:13:47 PM   15    3.00    0.00    0.00    0.00    0.00    0.00    0.00    0.00    0.00   97.00
01:13:47 PM   16    2.02    0.00    0.00    0.00    0.00    0.00    0.00    0.00    0.00   97.98
01:13:47 PM   17    2.00    0.00    0.00    0.00    0.00    0.00    0.00    0.00    0.00   98.00
01:13:47 PM   18    0.99    0.00    0.00    0.00    0.00    0.00    0.00    0.00    0.00   99.01
01:13:47 PM   19    1.00    0.00    0.00    0.00    0.00    0.00    0.00    0.00    0.00   99.00
01:13:47 PM   20    8.00    0.00   46.00    0.00    0.00   46.00    0.00    0.00    0.00    0.00
01:13:47 PM   21    4.40    0.00   41.76    0.00    0.00   39.56    0.00    0.00    0.00   14.29
01:13:47 PM   22    0.00    0.00    0.00    0.00    0.00    0.00    0.00    0.00    0.00  100.00
01:13:47 PM   23    0.00    0.00    0.00    0.00    0.00    0.00    0.00    0.00    0.00  100.00
01:13:47 PM   24    0.99    0.00    0.99    0.00    0.00    0.00    0.00    0.00    0.00   98.02
01:13:47 PM   25    0.00    0.00    0.00    0.00    0.00    0.00    0.00    0.00    0.00  100.00
01:13:47 PM   26    0.00    0.00    0.00    0.00    0.00    0.00    0.00    0.00    0.00  100.00
01:13:47 PM   27    1.00    0.00    0.00    0.00    0.00    0.00    0.00    0.00    0.00   99.00
01:13:47 PM   28    0.00    0.00    0.00    0.00    0.00    0.00    0.00    0.00    0.00  100.00
01:13:47 PM   29    2.00    0.00    0.00    0.00    0.00    0.00    0.00    0.00    0.00   98.00
01:13:47 PM   30    0.00    0.00    0.00    0.00    0.00    0.00    0.00    0.00    0.00  100.00
01:13:47 PM   31    0.00    0.00    0.00    0.00    0.00    0.00    0.00    0.00    0.00  100.00
01:13:47 PM   32    1.00    0.00    0.00    0.00    0.00    0.00    0.00    0.00    0.00   99.00
01:13:47 PM   33    0.00    0.00    0.00    0.00    0.00    0.00    0.00    0.00    0.00  100.00
01:13:47 PM   34    0.00    0.00    0.00    0.00    0.00    0.00    0.00    0.00    0.00  100.00
01:13:47 PM   35    1.00    0.00    0.00    0.00    0.00    0.00    0.00    0.00    0.00   99.00

01:13:47 PM  CPU    %usr   %nice    %sys %iowait    %irq   %soft  %steal  %guest  %gnice   %idle
01:13:48 PM  all    1.66    0.00    3.13    0.00    0.00    2.41    0.00    0.00    0.00   92.80
01:13:48 PM    0    2.65    0.00    0.88    0.00    0.00   13.27    0.00    0.00    0.00   83.19
01:13:48 PM    1    2.94    0.00    0.98    0.00    0.00    0.98    0.00    0.00    0.00   95.10
01:13:48 PM    2    0.00    0.00    1.00    0.00    0.00    1.00    0.00    0.00    0.00   98.00
01:13:48 PM    3    3.00    0.00    1.00    0.00    0.00    0.00    0.00    0.00    0.00   96.00
01:13:48 PM    4    2.00    0.00    1.00    0.00    0.00    0.00    0.00    0.00    0.00   97.00
01:13:48 PM    5    1.01    0.00    0.00    0.00    0.00    0.00    0.00    0.00    0.00   98.99
01:13:48 PM    6    1.01    0.00    0.00    0.00    0.00    0.00    0.00    0.00    0.00   98.99
01:13:48 PM    7    3.00    0.00    0.00    0.00    0.00    0.00    0.00    0.00    0.00   97.00
01:13:48 PM    8    1.01    0.00    1.01    0.00    0.00    0.00    0.00    0.00    0.00   97.98
01:13:48 PM    9    2.97    0.00    0.00    0.00    0.00    0.00    0.00    0.00    0.00   97.03
01:13:48 PM   10    2.97    0.00    1.98    0.00    0.00    0.00    0.00    0.00    0.00   95.05
01:13:48 PM   11    0.00    0.00    0.00    0.00    0.00    0.00    0.00    0.00    0.00  100.00
01:13:48 PM   12    1.96    0.00    1.96    0.00    0.00    0.00    0.00    0.00    0.00   96.08
01:13:48 PM   13    0.99    0.00    0.99    0.00    0.00    0.00    0.00    0.00    0.00   98.02
01:13:48 PM   14    1.98    0.00    0.00    0.00    0.00    0.00    0.00    0.00    0.00   98.02
01:13:48 PM   15    2.00    0.00    1.00    0.00    0.00    0.00    0.00    0.00    0.00   97.00
01:13:48 PM   16    0.00    0.00    0.00    0.00    0.00    0.00    0.00    0.00    0.00  100.00
01:13:48 PM   17    1.98    0.00    0.99    0.00    0.00    0.00    0.00    0.00    0.00   97.03
01:13:48 PM   18    0.00    0.00    0.00    0.00    0.00    0.00    0.00    0.00    0.00  100.00
01:13:48 PM   19    0.99    0.00    0.99    0.00    0.00    0.00    0.00    0.00    0.00   98.02
01:13:48 PM   20   10.00    0.00   52.00    0.00    0.00   38.00    0.00    0.00    0.00    0.00
01:13:48 PM   21    6.38    0.00   46.81    0.00    0.00   34.04    0.00    0.00    0.00   12.77
01:13:48 PM   22    1.98    0.00    0.00    0.00    0.00    0.00    0.00    0.00    0.00   98.02
01:13:48 PM   23    1.00    0.00    0.00    0.00    0.00    0.00    0.00    0.00    0.00   99.00
01:13:48 PM   24    0.00    0.00    1.00    0.00    0.00    0.00    0.00    0.00    0.00   99.00
01:13:48 PM   25    0.00    0.00    1.00    0.00    0.00    0.00    0.00    0.00    0.00   99.00
01:13:48 PM   26    1.96    0.00    0.98    0.00    0.00    0.00    0.00    0.00    0.00   97.06
01:13:48 PM   27    1.00    0.00    0.00    0.00    0.00    0.00    0.00    0.00    0.00   99.00
01:13:48 PM   28    0.00    0.00    0.00    0.00    0.00    0.00    0.00    0.00    0.00  100.00
01:13:48 PM   29    0.00    0.00    0.00    0.00    0.00    0.00    0.00    0.00    0.00  100.00
01:13:48 PM   30    1.00    0.00    0.00    0.00    0.00    0.00    0.00    0.00    0.00   99.00
01:13:48 PM   31    1.01    0.00    0.00    0.00    0.00    0.00    0.00    0.00    0.00   98.99
01:13:48 PM   32    1.00    0.00    0.00    0.00    0.00    0.00    0.00    0.00    0.00   99.00
01:13:48 PM   33    0.99    0.00    0.00    0.00    0.00    0.00    0.00    0.00    0.00   99.01
01:13:48 PM   34    0.00    0.00    0.00    0.00    0.00    0.00    0.00    0.00    0.00  100.00
01:13:48 PM   35    1.00    0.00    0.00    0.00    0.00    0.00    0.00    0.00    0.00   99.00

01:13:48 PM  CPU    %usr   %nice    %sys %iowait    %irq   %soft  %steal  %guest  %gnice   %idle
01:13:49 PM  all    1.25    0.00    2.73    0.06    0.00    2.93    0.00    0.00    0.00   93.03
01:13:49 PM    0    3.57    0.00    6.25    0.00    0.00   13.39    0.00    0.00    0.00   76.79
01:13:49 PM    1    1.94    0.00    0.00    0.00    0.00    4.85    0.00    0.00    0.00   93.20
01:13:49 PM    2    2.00    0.00    0.00    0.00    0.00    0.00    0.00    0.00    0.00   98.00
01:13:49 PM    3    1.01    0.00    0.00    0.00    0.00    0.00    0.00    0.00    0.00   98.99
01:13:49 PM    4    1.02    0.00    0.00    0.00    0.00    0.00    0.00    0.00    0.00   98.98
01:13:49 PM    5    0.99    0.00    1.98    0.00    0.00    0.00    0.00    0.00    0.00   97.03
01:13:49 PM    6    0.00    0.00    1.01    0.00    0.00    0.00    0.00    0.00    0.00   98.99
01:13:49 PM    7    2.02    0.00    0.00    0.00    0.00    0.00    0.00    0.00    0.00   97.98
01:13:49 PM    8    1.01    0.00    1.01    1.01    0.00    0.00    0.00    0.00    0.00   96.97
01:13:49 PM    9    2.00    0.00    1.00    0.00    0.00    0.00    0.00    0.00    0.00   97.00
01:13:49 PM   10    1.01    0.00    0.00    0.00    0.00    0.00    0.00    0.00    0.00   98.99
01:13:49 PM   11    1.98    0.00    0.99    0.00    0.00    0.00    0.00    0.00    0.00   97.03
01:13:49 PM   12    0.00    0.00    0.00    0.00    0.00    0.00    0.00    0.00    0.00  100.00
01:13:49 PM   13    0.00    0.00    0.00    0.00    0.00    0.00    0.00    0.00    0.00  100.00
01:13:49 PM   14    1.02    0.00    0.00    0.00    0.00    0.00    0.00    0.00    0.00   98.98
01:13:49 PM   15    2.00    0.00    0.00    0.00    0.00    0.00    0.00    0.00    0.00   98.00
01:13:49 PM   16    1.98    0.00    0.99    0.00    0.00    0.00    0.00    0.00    0.00   97.03
01:13:49 PM   17    2.00    0.00    1.00    0.00    0.00    0.00    0.00    0.00    0.00   97.00
01:13:49 PM   18    1.00    0.00    0.00    0.00    0.00    0.00    0.00    0.00    0.00   99.00
01:13:49 PM   19    0.00    0.00    0.00    0.00    0.00    0.00    0.00    0.00    0.00  100.00
01:13:49 PM   20    8.00    0.00   45.00    0.00    0.00   47.00    0.00    0.00    0.00    0.00
01:13:49 PM   21    6.45    0.00   38.71    0.00    0.00   40.86    0.00    0.00    0.00   13.98
01:13:49 PM   22    0.00    0.00    0.00    0.00    0.00    0.00    0.00    0.00    0.00  100.00
01:13:49 PM   23    0.00    0.00    0.00    0.00    0.00    0.00    0.00    0.00    0.00  100.00
01:13:49 PM   24    0.00    0.00    0.00    0.00    0.00    0.00    0.00    0.00    0.00  100.00
01:13:49 PM   25    0.00    0.00    0.00    0.00    0.00    0.00    0.00    0.00    0.00  100.00
01:13:49 PM   26    0.00    0.00    0.00    0.00    0.00    0.00    0.00    0.00    0.00  100.00
01:13:49 PM   27    0.00    0.00    0.00    0.00    0.00    0.00    0.00    0.00    0.00  100.00
01:13:49 PM   28    0.99    0.00    0.99    0.00    0.00    0.00    0.00    0.00    0.00   98.02
01:13:49 PM   29    1.00    0.00    0.00    1.00    0.00    0.00    0.00    0.00    0.00   98.00
01:13:49 PM   30    0.00    0.00    0.00    0.00    0.00    0.00    0.00    0.00    0.00  100.00
01:13:49 PM   31    0.00    0.00    1.00    0.00    0.00    0.00    0.00    0.00    0.00   99.00
01:13:49 PM   32    0.00    0.00    0.00    0.00    0.00    0.00    0.00    0.00    0.00  100.00
01:13:49 PM   33    0.00    0.00    0.00    0.00    0.00    0.00    0.00    0.00    0.00  100.00
01:13:49 PM   34    1.00    0.00    0.00    0.00    0.00    0.00    0.00    0.00    0.00   99.00
01:13:49 PM   35    1.00    0.00    0.00    0.00    0.00    0.00    0.00    0.00    0.00   99.00

01:13:49 PM  CPU    %usr   %nice    %sys %iowait    %irq   %soft  %steal  %guest  %gnice   %idle
01:13:50 PM  all    0.86    0.00    3.14    0.00    0.00    2.81    0.00    0.00    0.00   93.19
01:13:50 PM    0    3.54    0.00    5.31    0.00    0.00   14.16    0.00    0.00    0.00   76.99
01:13:50 PM    1    0.98    0.00    0.00    0.00    0.00    2.94    0.00    0.00    0.00   96.08
01:13:50 PM    2    1.01    0.00    0.00    0.00    0.00    0.00    0.00    0.00    0.00   98.99
01:13:50 PM    3    1.00    0.00    0.00    0.00    0.00    0.00    0.00    0.00    0.00   99.00
01:13:50 PM    4    0.00    0.00    0.00    0.00    0.00    1.00    0.00    0.00    0.00   99.00
01:13:50 PM    5    0.00    0.00    0.00    0.00    0.00    0.00    0.00    0.00    0.00  100.00
01:13:50 PM    6    1.01    0.00    0.00    0.00    0.00    0.00    0.00    0.00    0.00   98.99
01:13:50 PM    7    0.00    0.00    1.01    0.00    0.00    0.00    0.00    0.00    0.00   98.99
01:13:50 PM    8    0.00    0.00    1.01    0.00    0.00    0.00    0.00    0.00    0.00   98.99
01:13:50 PM    9    1.00    0.00    0.00    0.00    0.00    0.00    0.00    0.00    0.00   99.00
01:13:50 PM   10    0.99    0.00    0.99    0.00    0.00    0.00    0.00    0.00    0.00   98.02
01:13:50 PM   11    1.00    0.00    1.00    0.00    0.00    0.00    0.00    0.00    0.00   98.00
01:13:50 PM   12    0.00    0.00    1.01    0.00    0.00    0.00    0.00    0.00    0.00   98.99
01:13:50 PM   13    1.01    0.00    1.01    0.00    0.00    0.00    0.00    0.00    0.00   97.98
01:13:50 PM   14    1.00    0.00    1.00    0.00    0.00    0.00    0.00    0.00    0.00   98.00
01:13:50 PM   15    3.06    0.00    0.00    0.00    0.00    0.00    0.00    0.00    0.00   96.94
01:13:50 PM   16    0.00    0.00    0.00    0.00    0.00    0.00    0.00    0.00    0.00  100.00
01:13:50 PM   17    1.01    0.00    0.00    0.00    0.00    0.00    0.00    0.00    0.00   98.99
01:13:50 PM   18    0.00    0.00    0.00    0.00    0.00    0.00    0.00    0.00    0.00  100.00
01:13:50 PM   19    0.00    0.00    0.00    0.00    0.00    0.00    0.00    0.00    0.00  100.00
01:13:50 PM   20    5.00    0.00   56.00    0.00    0.00   39.00    0.00    0.00    0.00    0.00
01:13:50 PM   21    3.03    0.00   42.42    0.00    0.00   42.42    0.00    0.00    0.00   12.12
01:13:50 PM   22    0.00    0.00    0.00    0.00    0.00    0.00    0.00    0.00    0.00  100.00
01:13:50 PM   23    0.00    0.00    0.00    0.00    0.00    0.00    0.00    0.00    0.00  100.00
01:13:50 PM   24    0.00    0.00    1.01    0.00    0.00    0.00    0.00    0.00    0.00   98.99
01:13:50 PM   25    0.99    0.00    0.99    0.00    0.00    0.00    0.00    0.00    0.00   98.02
01:13:50 PM   26    0.00    0.00    0.00    0.00    0.00    0.00    0.00    0.00    0.00  100.00
01:13:50 PM   27    1.00    0.00    0.00    0.00    0.00    0.00    0.00    0.00    0.00   99.00
01:13:50 PM   28    1.00    0.00    0.00    0.00    0.00    0.00    0.00    0.00    0.00   99.00
01:13:50 PM   29    0.00    0.00    0.00    0.00    0.00    0.00    0.00    0.00    0.00  100.00
01:13:50 PM   30    0.00    0.00    0.00    0.00    0.00    0.00    0.00    0.00    0.00  100.00
01:13:50 PM   31    0.00    0.00    0.00    0.00    0.00    0.00    0.00    0.00    0.00  100.00
01:13:50 PM   32    0.99    0.00    0.00    0.00    0.00    0.00    0.00    0.00    0.00   99.01
01:13:50 PM   33    1.00    0.00    0.00    0.00    0.00    0.00    0.00    0.00    0.00   99.00
01:13:50 PM   34    1.00    0.00    0.00    0.00    0.00    0.00    0.00    0.00    0.00   99.00
01:13:50 PM   35    0.00    0.00    0.00    0.00    0.00    0.00    0.00    0.00    0.00  100.00

01:13:50 PM  CPU    %usr   %nice    %sys %iowait    %irq   %soft  %steal  %guest  %gnice   %idle
01:13:51 PM  all    1.25    0.00    2.89    0.03    0.00    2.84    0.00    0.00    0.00   92.99
01:13:51 PM    0    0.88    0.00    0.00    0.88    0.00   15.79    0.00    0.00    0.00   82.46
01:13:51 PM    1    3.96    0.00    0.99    0.00    0.00    1.98    0.00    0.00    0.00   93.07
01:13:51 PM    2    1.01    0.00    0.00    0.00    0.00    1.01    0.00    0.00    0.00   97.98
01:13:51 PM    3    1.01    0.00    0.00    0.00    0.00    0.00    0.00    0.00    0.00   98.99
01:13:51 PM    4    2.00    0.00    0.00    0.00    0.00    0.00    0.00    0.00    0.00   98.00
01:13:51 PM    5    2.00    0.00    0.00    0.00    0.00    0.00    0.00    0.00    0.00   98.00
01:13:51 PM    6    2.02    0.00    0.00    0.00    0.00    0.00    0.00    0.00    0.00   97.98
01:13:51 PM    7    1.96    0.00    0.98    0.00    0.00    0.98    0.00    0.00    0.00   96.08
01:13:51 PM    8    2.00    0.00    0.00    0.00    0.00    0.00    0.00    0.00    0.00   98.00
01:13:51 PM    9    1.00    0.00    1.00    0.00    0.00    0.00    0.00    0.00    0.00   98.00
01:13:51 PM   10    1.01    0.00    0.00    0.00    0.00    0.00    0.00    0.00    0.00   98.99
01:13:51 PM   11    0.00    0.00    1.01    0.00    0.00    0.00    0.00    0.00    0.00   98.99
01:13:51 PM   12    2.97    0.00    0.00    0.00    0.00    0.00    0.00    0.00    0.00   97.03
01:13:51 PM   13    0.00    0.00    0.00    0.00    0.00    0.00    0.00    0.00    0.00  100.00
01:13:51 PM   14    0.00    0.00    1.01    0.00    0.00    0.00    0.00    0.00    0.00   98.99
01:13:51 PM   15    1.01    0.00    1.01    0.00    0.00    0.00    0.00    0.00    0.00   97.98
01:13:51 PM   16    1.01    0.00    0.00    0.00    0.00    0.00    0.00    0.00    0.00   98.99
01:13:51 PM   17    0.00    0.00    0.00    0.00    0.00    0.00    0.00    0.00    0.00  100.00
01:13:51 PM   18    1.00    0.00    0.00    0.00    0.00    0.00    0.00    0.00    0.00   99.00
01:13:51 PM   19    0.00    0.00    0.00    0.00    0.00    0.00    0.00    0.00    0.00  100.00
01:13:51 PM   20    6.93    0.00   53.47    0.00    0.00   39.60    0.00    0.00    0.00    0.00
01:13:51 PM   21    4.30    0.00   40.86    0.00    0.00   43.01    0.00    0.00    0.00   11.83
01:13:51 PM   22    1.00    0.00    1.00    0.00    0.00    0.00    0.00    0.00    0.00   98.00
01:13:51 PM   23    1.00    0.00    1.00    0.00    0.00    0.00    0.00    0.00    0.00   98.00
01:13:51 PM   24    1.00    0.00    1.00    0.00    0.00    0.00    0.00    0.00    0.00   98.00
01:13:51 PM   25    1.01    0.00    0.00    0.00    0.00    0.00    0.00    0.00    0.00   98.99
01:13:51 PM   26    1.00    0.00    0.00    0.00    0.00    0.00    0.00    0.00    0.00   99.00
01:13:51 PM   27    1.00    0.00    0.00    0.00    0.00    0.00    0.00    0.00    0.00   99.00
01:13:51 PM   28    0.00    0.00    0.00    0.00    0.00    0.00    0.00    0.00    0.00  100.00
01:13:51 PM   29    1.00    0.00    1.00    0.00    0.00    0.00    0.00    0.00    0.00   98.00
01:13:51 PM   30    1.00    0.00    1.00    0.00    0.00    0.00    0.00    0.00    0.00   98.00
01:13:51 PM   31    1.00    0.00    0.00    0.00    0.00    0.00    0.00    0.00    0.00   99.00
01:13:51 PM   32    0.00    0.00    0.00    0.00    0.00    0.00    0.00    0.00    0.00  100.00
01:13:51 PM   33    0.00    0.00    0.00    0.00    0.00    0.00    0.00    0.00    0.00  100.00
01:13:51 PM   34    0.00    0.00    0.00    0.00    0.00    0.00    0.00    0.00    0.00  100.00
01:13:51 PM   35    0.00    0.00    1.00    0.00    0.00    0.00    0.00    0.00    0.00   99.00

01:13:51 PM  CPU    %usr   %nice    %sys %iowait    %irq   %soft  %steal  %guest  %gnice   %idle
01:13:52 PM  all    0.78    0.00    2.82    0.00    0.00    2.71    0.00    0.00    0.00   93.69
01:13:52 PM    0    1.90    0.00    6.67    0.00    0.00    7.62    0.00    0.00    0.00   83.81
01:13:52 PM    1    2.94    0.00    0.00    0.00    0.00    2.94    0.00    0.00    0.00   94.12
01:13:52 PM    2    0.00    0.00    0.00    0.00    0.00    0.00    0.00    0.00    0.00  100.00
01:13:52 PM    3    1.00    0.00    0.00    0.00    0.00    0.00    0.00    0.00    0.00   99.00
01:13:52 PM    4    0.00    0.00    1.00    0.00    0.00    0.00    0.00    0.00    0.00   99.00
01:13:52 PM    5    0.00    0.00    1.01    0.00    0.00    0.00    0.00    0.00    0.00   98.99
01:13:52 PM    6    1.00    0.00    0.00    0.00    0.00    0.00    0.00    0.00    0.00   99.00
01:13:52 PM    7    2.00    0.00    0.00    0.00    0.00    0.00    0.00    0.00    0.00   98.00
01:13:52 PM    8    1.01    0.00    0.00    0.00    0.00    0.00    0.00    0.00    0.00   98.99
01:13:52 PM    9    1.01    0.00    0.00    0.00    0.00    0.00    0.00    0.00    0.00   98.99
01:13:52 PM   10    0.00    0.00    0.00    0.00    0.00    0.00    0.00    0.00    0.00  100.00
01:13:52 PM   11    1.00    0.00    0.00    0.00    0.00    1.00    0.00    0.00    0.00   98.00
01:13:52 PM   12    0.00    0.00    1.01    0.00    0.00    0.00    0.00    0.00    0.00   98.99
01:13:52 PM   13    0.00    0.00    0.00    0.00    0.00    0.00    0.00    0.00    0.00  100.00
01:13:52 PM   14    0.00    0.00    0.00    0.00    0.00    0.00    0.00    0.00    0.00  100.00
01:13:52 PM   15    0.00    0.00    0.00    0.00    0.00    0.00    0.00    0.00    0.00  100.00
01:13:52 PM   16    1.00    0.00    0.00    0.00    0.00    0.00    0.00    0.00    0.00   99.00
01:13:52 PM   17    1.01    0.00    0.00    0.00    0.00    0.00    0.00    0.00    0.00   98.99
01:13:52 PM   18    0.00    0.00    1.00    0.00    0.00    1.00    0.00    0.00    0.00   98.00
01:13:52 PM   19    0.00    0.00    0.00    0.00    0.00    0.00    0.00    0.00    0.00  100.00
01:13:52 PM   20    8.08    0.00   53.54    0.00    0.00   38.38    0.00    0.00    0.00    0.00
01:13:52 PM   21    5.10    0.00   36.73    0.00    0.00   46.94    0.00    0.00    0.00   11.22
01:13:52 PM   22    1.01    0.00    0.00    0.00    0.00    0.00    0.00    0.00    0.00   98.99
01:13:52 PM   23    0.00    0.00    0.00    0.00    0.00    0.00    0.00    0.00    0.00  100.00
01:13:52 PM   24    0.00    0.00    0.00    0.00    0.00    0.00    0.00    0.00    0.00  100.00
01:13:52 PM   25    0.00    0.00    1.01    0.00    0.00    0.00    0.00    0.00    0.00   98.99
01:13:52 PM   26    0.00    0.00    0.00    0.00    0.00    0.00    0.00    0.00    0.00  100.00
01:13:52 PM   27    0.00    0.00    0.00    0.00    0.00    0.00    0.00    0.00    0.00  100.00
01:13:52 PM   28    0.00    0.00    0.00    0.00    0.00    0.00    0.00    0.00    0.00  100.00
01:13:52 PM   29    0.00    0.00    0.00    0.00    0.00    0.00    0.00    0.00    0.00  100.00
01:13:52 PM   30    0.00    0.00    0.00    0.00    0.00    0.00    0.00    0.00    0.00  100.00
01:13:52 PM   31    0.00    0.00    0.00    0.00    0.00    0.00    0.00    0.00    0.00  100.00
01:13:52 PM   32    0.00    0.00    0.00    0.00    0.00    0.00    0.00    0.00    0.00  100.00
01:13:52 PM   33    0.00    0.00    0.00    0.00    0.00    0.00    0.00    0.00    0.00  100.00
01:13:52 PM   34    0.00    0.00    0.00    0.00    0.00    0.00    0.00    0.00    0.00  100.00
01:13:52 PM   35    0.00    0.00    0.00    0.00    0.00    0.00    0.00    0.00    0.00  100.00

01:13:52 PM  CPU    %usr   %nice    %sys %iowait    %irq   %soft  %steal  %guest  %gnice   %idle
01:13:53 PM  all    1.45    0.00    2.79    0.06    0.00    2.65    0.00    0.00    0.00   93.06
01:13:53 PM    0    0.93    0.00    3.70    0.00    0.00    9.26    0.00    0.00    0.00   86.11
01:13:53 PM    1    2.97    0.00    0.00    0.99    0.00    1.98    0.00    0.00    0.00   94.06
01:13:53 PM    2    1.00    0.00    1.00    0.00    0.00    1.00    0.00    0.00    0.00   97.00
01:13:53 PM    3    1.00    0.00    2.00    0.00    0.00    0.00    0.00    0.00    0.00   97.00
01:13:53 PM    4    1.01    0.00    1.01    0.00    0.00    0.00    0.00    0.00    0.00   97.98
01:13:53 PM    5    1.02    0.00    0.00    0.00    0.00    0.00    0.00    0.00    0.00   98.98
01:13:53 PM    6    1.01    0.00    0.00    0.00    0.00    0.00    0.00    0.00    0.00   98.99
01:13:53 PM    7    3.03    0.00    0.00    0.00    0.00    0.00    0.00    0.00    0.00   96.97
01:13:53 PM    8    3.03    0.00    0.00    0.00    0.00    0.00    0.00    0.00    0.00   96.97
01:13:53 PM    9    3.00    0.00    1.00    0.00    0.00    0.00    0.00    0.00    0.00   96.00
01:13:53 PM   10    4.90    0.00    0.00    0.00    0.00    0.00    0.00    0.00    0.00   95.10
01:13:53 PM   11    1.01    0.00    1.01    0.00    0.00    0.00    0.00    0.00    0.00   97.98
01:13:53 PM   12    2.02    0.00    0.00    0.00    0.00    0.00    0.00    0.00    0.00   97.98
01:13:53 PM   13    0.00    0.00    0.00    0.00    0.00    0.00    0.00    0.00    0.00  100.00
01:13:53 PM   14    1.01    0.00    0.00    0.00    0.00    0.00    0.00    0.00    0.00   98.99
01:13:53 PM   15    0.00    0.00    1.01    0.00    0.00    0.00    0.00    0.00    0.00   98.99
01:13:53 PM   16    0.00    0.00    1.02    0.00    0.00    0.00    0.00    0.00    0.00   98.98
01:13:53 PM   17    4.00    0.00    0.00    0.00    0.00    0.00    0.00    0.00    0.00   96.00
01:13:53 PM   18    0.00    0.00    0.00    0.00    0.00    0.00    0.00    0.00    0.00  100.00
01:13:53 PM   19    1.01    0.00    0.00    0.00    0.00    0.00    0.00    0.00    0.00   98.99
01:13:53 PM   20    8.00    0.00   46.00    0.00    0.00   46.00    0.00    0.00    0.00    0.00
01:13:53 PM   21    2.17    0.00   41.30    0.00    0.00   39.13    0.00    0.00    0.00   17.39
01:13:53 PM   22    0.00    0.00    1.00    0.00    0.00    0.00    0.00    0.00    0.00   99.00
01:13:53 PM   23    1.01    0.00    0.00    0.00    0.00    0.00    0.00    0.00    0.00   98.99
01:13:53 PM   24    0.99    0.00    1.98    0.00    0.00    0.00    0.00    0.00    0.00   97.03
01:13:53 PM   25    1.00    0.00    0.00    0.00    0.00    0.00    0.00    0.00    0.00   99.00
01:13:53 PM   26    0.00    0.00    0.00    0.00    0.00    0.00    0.00    0.00    0.00  100.00
01:13:53 PM   27    1.98    0.00    0.00    0.00    0.00    0.00    0.00    0.00    0.00   98.02
01:13:53 PM   28    1.00    0.00    0.00    0.00    0.00    0.00    0.00    0.00    0.00   99.00
01:13:53 PM   29    0.00    0.00    0.00    0.00    0.00    0.00    0.00    0.00    0.00  100.00
01:13:53 PM   30    1.00    0.00    0.00    0.00    0.00    0.00    0.00    0.00    0.00   99.00
01:13:53 PM   31    0.00    0.00    1.00    0.00    0.00    0.00    0.00    0.00    0.00   99.00
01:13:53 PM   32    1.98    0.00    0.00    0.00    0.00    0.00    0.00    0.00    0.00   98.02
01:13:53 PM   33    1.00    0.00    0.00    1.00    0.00    0.00    0.00    0.00    0.00   98.00
01:13:53 PM   34    0.00    0.00    0.00    0.00    0.00    0.00    0.00    0.00    0.00  100.00
01:13:53 PM   35    0.00    0.00    0.00    0.00    0.00    0.00    0.00    0.00    0.00  100.00

01:13:53 PM  CPU    %usr   %nice    %sys %iowait    %irq   %soft  %steal  %guest  %gnice   %idle
01:13:54 PM  all    0.72    0.00    3.12    0.06    0.00    2.59    0.00    0.00    0.00   93.51
01:13:54 PM    0    0.00    0.00    3.67    0.00    0.00   12.84    0.00    0.00    0.00   83.49
01:13:54 PM    1    2.94    0.00    0.98    0.00    0.00    0.00    0.00    0.00    0.00   96.08
01:13:54 PM    2    1.98    0.00    0.00    0.00    0.00    0.99    0.00    0.00    0.00   97.03
01:13:54 PM    3    3.03    0.00    0.00    0.00    0.00    0.00    0.00    0.00    0.00   96.97
01:13:54 PM    4    0.00    0.00    0.00    1.01    0.00    0.00    0.00    0.00    0.00   98.99
01:13:54 PM    5    0.00    0.00    1.01    0.00    0.00    0.00    0.00    0.00    0.00   98.99
01:13:54 PM    6    1.01    0.00    1.01    0.00    0.00    0.00    0.00    0.00    0.00   97.98
01:13:54 PM    7    0.99    0.00    1.98    0.00    0.00    0.00    0.00    0.00    0.00   97.03
01:13:54 PM    8    0.99    0.00    1.98    0.00    0.00    0.00    0.00    0.00    0.00   97.03
01:13:54 PM    9    0.00    0.00    1.00    0.00    0.00    0.00    0.00    0.00    0.00   99.00
01:13:54 PM   10    0.00    0.00    1.01    0.00    0.00    0.00    0.00    0.00    0.00   98.99
01:13:54 PM   11    1.00    0.00    1.00    0.00    0.00    0.00    0.00    0.00    0.00   98.00
01:13:54 PM   12    0.00    0.00    0.00    0.00    0.00    0.00    0.00    0.00    0.00  100.00
01:13:54 PM   13    1.01    0.00    0.00    0.00    0.00    0.00    0.00    0.00    0.00   98.99
01:13:54 PM   14    0.00    0.00    1.01    0.00    0.00    0.00    0.00    0.00    0.00   98.99
01:13:54 PM   15    0.00    0.00    0.00    0.00    0.00    0.00    0.00    0.00    0.00  100.00
01:13:54 PM   16    1.01    0.00    0.00    0.00    0.00    0.00    0.00    0.00    0.00   98.99
01:13:54 PM   17    2.00    0.00    1.00    0.00    0.00    0.00    0.00    0.00    0.00   97.00
01:13:54 PM   18    0.99    0.00    0.99    0.00    0.00    0.00    0.00    0.00    0.00   98.02
01:13:54 PM   19    0.00    0.00    0.00    0.00    0.00    0.00    0.00    0.00    0.00  100.00
01:13:54 PM   20    5.00    0.00   53.00    0.00    0.00   42.00    0.00    0.00    0.00    0.00
01:13:54 PM   21    1.08    0.00   41.94    0.00    0.00   38.71    0.00    0.00    0.00   18.28
01:13:54 PM   22    0.00    0.00    0.00    0.00    0.00    0.00    0.00    0.00    0.00  100.00
01:13:54 PM   23    1.00    0.00    0.00    0.00    0.00    0.00    0.00    0.00    0.00   99.00
01:13:54 PM   24    0.00    0.00    1.00    0.00    0.00    0.00    0.00    0.00    0.00   99.00
01:13:54 PM   25    1.00    0.00    1.00    0.00    0.00    0.00    0.00    0.00    0.00   98.00
01:13:54 PM   26    0.00    0.00    0.00    1.01    0.00    0.00    0.00    0.00    0.00   98.99
01:13:54 PM   27    0.00    0.00    0.00    0.00    0.00    0.00    0.00    0.00    0.00  100.00
01:13:54 PM   28    0.00    0.00    0.99    0.00    0.00    0.00    0.00    0.00    0.00   99.01
01:13:54 PM   29    0.00    0.00    0.00    0.00    0.00    0.00    0.00    0.00    0.00  100.00
01:13:54 PM   30    0.00    0.00    0.00    0.00    0.00    0.00    0.00    0.00    0.00  100.00
01:13:54 PM   31    0.00    0.00    0.00    0.00    0.00    0.00    0.00    0.00    0.00  100.00
01:13:54 PM   32    0.00    0.00    0.00    0.00    0.00    0.00    0.00    0.00    0.00  100.00
01:13:54 PM   33    0.00    0.00    0.00    0.00    0.00    0.00    0.00    0.00    0.00  100.00
01:13:54 PM   34    0.00    0.00    0.00    0.00    0.00    0.00    0.00    0.00    0.00  100.00
01:13:54 PM   35    1.00    0.00    0.00    0.00    0.00    0.00    0.00    0.00    0.00   99.00

Average:     CPU    %usr   %nice    %sys %iowait    %irq   %soft  %steal  %guest  %gnice   %idle
Average:     all    1.19    0.00    2.91    0.03    0.00    2.69    0.00    0.00    0.00   93.18
Average:       0    2.25    0.00    2.61    0.09    0.00   12.53    0.00    0.00    0.00   82.51
Average:       1    2.36    0.00    0.59    0.10    0.00    1.97    0.00    0.00    0.00   94.99
Average:       2    1.30    0.00    0.50    0.00    0.00    0.40    0.00    0.00    0.00   97.80
Average:       3    1.50    0.00    0.60    0.20    0.00    0.10    0.00    0.00    0.00   97.60
Average:       4    1.21    0.00    0.50    0.10    0.00    0.10    0.00    0.00    0.00   98.09
Average:       5    0.91    0.00    0.60    0.00    0.00    0.00    0.00    0.00    0.00   98.49
Average:       6    1.01    0.00    0.50    0.00    0.00    0.00    0.00    0.00    0.00   98.49
Average:       7    1.60    0.00    0.60    0.00    0.00    0.10    0.00    0.00    0.00   97.70
Average:       8    1.31    0.00    0.60    0.10    0.00    0.00    0.00    0.00    0.00   97.99
Average:       9    1.70    0.00    1.70    0.10    0.00    0.10    0.00    0.00    0.00   96.39
Average:      10    1.40    0.00    0.60    0.00    0.00    0.00    0.00    0.00    0.00   98.00
Average:      11    0.80    0.00    0.50    0.00    0.00    0.20    0.00    0.00    0.00   98.49
Average:      12    1.01    0.00    0.60    0.00    0.00    0.00    0.00    0.00    0.00   98.39
Average:      13    0.81    0.00    0.20    0.00    0.00    0.00    0.00    0.00    0.00   98.99
Average:      14    0.80    0.00    0.60    0.10    0.00    0.00    0.00    0.00    0.00   98.49
Average:      15    1.41    0.00    0.50    0.00    0.00    0.00    0.00    0.00    0.00   98.09
Average:      16    1.31    0.00    0.30    0.00    0.00    0.00    0.00    0.00    0.00   98.39
Average:      17    1.41    0.00    0.40    0.00    0.00    0.00    0.00    0.00    0.00   98.19
Average:      18    0.50    0.00    0.30    0.00    0.00    0.10    0.00    0.00    0.00   99.10
Average:      19    0.40    0.00    0.10    0.00    0.00    0.00    0.00    0.00    0.00   99.50
Average:      20    7.41    0.00   49.85    0.00    0.00   41.24    0.00    0.00    0.00    1.50
Average:      21    4.03    0.00   39.94    0.00    0.00   40.68    0.00    0.00    0.00   15.36
Average:      22    0.40    0.00    0.30    0.00    0.00    0.00    0.00    0.00    0.00   99.29
Average:      23    0.60    0.00    0.20    0.00    0.00    0.00    0.00    0.00    0.00   99.20
Average:      24    0.30    0.00    0.70    0.00    0.00    0.00    0.00    0.00    0.00   98.99
Average:      25    0.70    0.00    0.60    0.00    0.00    0.00    0.00    0.00    0.00   98.69
Average:      26    0.40    0.00    0.10    0.10    0.00    0.00    0.00    0.00    0.00   99.40
Average:      27    0.70    0.00    0.20    0.00    0.00    0.00    0.00    0.00    0.00   99.10
Average:      28    0.30    0.00    0.30    0.00    0.00    0.00    0.00    0.00    0.00   99.40
Average:      29    0.50    0.00    0.30    0.10    0.00    0.00    0.00    0.00    0.00   99.09
Average:      30    0.40    0.00    0.20    0.00    0.00    0.00    0.00    0.00    0.00   99.40
Average:      31    0.20    0.00    0.20    0.00    0.00    0.00    0.00    0.00    0.00   99.60
Average:      32    0.50    0.00    0.10    0.10    0.00    0.00    0.00    0.00    0.00   99.30
Average:      33    0.40    0.00    0.10    0.10    0.00    0.00    0.00    0.00    0.00   99.40
Average:      34    0.50    0.00    0.20    0.00    0.00    0.00    0.00    0.00    0.00   99.30
Average:      35    0.60    0.00    0.20    0.00    0.00    0.00    0.00    0.00    0.00   99.20
